x,y,Ind,Log_45_70,Log_70_90,Log_ap90,Log_av45,Log_inc,Log_soc,imputed
0,9,4,0.4,0.2,0.5,0.8,0,0,1
0,17,2,0,0.2,0.1,0.6,0,0,1
0,22,1,0,0.1,0.1,0.3,0,0,1
0,27,21,2.4,0.5,1.8,3.4,0,0,3
0,55,9,0.3,0.3,0.7,2.6,0,0,3
0,62,4,0.1,0.1,0.5,1.2,0,0,1
0,75,42,0.9,1.9,2.9,11.5,0,0,2
0,78,15,0,1.1,0.2,4.9,0,0,2
0,81,3,0,0.2,0.1,1,0,0,1
0,83,2,0,0.1,0,0.7,0,0,1
0,84,5,0,0.3,0.1,1.7,0,0,1
0,91,5,0,0.4,0.8,0.8,0,0,1
0,93,2,0,0.2,0.2,0.5,0,0,2
0,109,10,0.4,0.9,0.6,2.5,0.1,0,1
0,110,17,0.6,1.4,1,4.3,0.3,0,3
0,122,2,0,0.1,0.4,0.2,0,0,1
1,17,7,0.2,0.7,0.3,2.1,0,0,1
1,21,1,0,0.1,0.1,0.3,0,0,1
1,22,15,0.3,1.5,0.7,4.6,0,0,3
1,23,1,0,0.1,0.1,0.3,0,0,1
1,39,6,0,0.6,0.6,1.1,0,0.4,2
1,44,7,0.7,1.2,0.3,0.9,0,0,2
1,49,10,0,1.4,1.6,0.9,0,0,1
1,58,3,0.1,0.1,0.3,0.9,0,0,1
1,75,2,0.1,0.1,0.1,0.5,0,0,1
1,91,5,0,0.4,0.8,0.8,0,0,1
1,93,3,0.1,0.2,0.1,1.1,0,0,1
1,94,3,0.1,0.2,0.1,1.1,0,0,1
1,105,20,0,0.8,2,6.5,0,0,2
1,106,6,0,0.2,0.5,2,0,0,1
1,109,25,0.9,2.1,1.5,6.4,0.2,0,2
1,110,1,0,0.1,0.1,0.2,0,0,1
1,118,3,0.1,0.4,0.3,0.5,0,0,1
2,30,19,2.1,0.5,1.7,3,0,0,2
2,35,18,1.7,0.8,0.9,5,0,0,2
2,36,6,0.1,0.6,0.6,1,0,0.4,1
2,40,4,0,0.4,0.4,0.7,0,0.3,1
2,44,16,1.4,2.9,0.7,2.1,0,0,1
2,45,89,4.6,9.2,9.8,21.4,2,8,2
2,46,24,0,3.3,3.8,2.2,0,0,2
2,53,1,0,0,0.1,0.3,0,0,1
2,56,6,0.1,0.1,0.7,1.9,0,0,1
2,80,7,0,0.5,0.1,2.3,0,0,1
2,82,1,0,0.1,0,0.3,0,0,1
2,91,5,0,0.4,0.8,0.8,0,0,1
2,94,2,0.1,0.1,0.1,0.7,0,0,1
2,95,23,0.7,1.5,0.7,8.6,0,0,3
2,96,5,0,0.2,0.5,1.6,0,0,2
2,105,19,0,0.8,1.9,6.2,0,0,1
2,106,67,0,2.6,5.5,21.7,0,0,4
2,107,1,0,0,0.1,0.3,0,0,1
2,109,18,0.6,1.5,1.1,4.6,0.2,0,1
2,110,10,0.4,0.9,0.6,2.5,0.1,0,1
2,111,25.5,0,0,5,6.8,0,0,4
2,112,5,0,0,1,1.3,0,0,1
2,122,2,0,0.1,0.4,0.2,0,0,1
2,125,90,1.8,6.3,13.5,18.9,0,0,3
2,126,36,0,6,0.8,10.6,0,0,2
3,30,7,0.7,0.3,0.3,2,0,0,1
3,35,3,0.3,0.1,0.2,0.8,0,0,1
3,40,1,0,0.1,0.1,0.2,0,0,1
3,42,2,0,0.2,0.2,0.4,0,0.1,1
3,44,5,0.1,0.5,0.5,0.8,0,0.3,1
3,45,24,0.3,2.3,2.7,4,0,1.6,2
3,52,1,0,0,0.1,0.3,0,0,1
3,57,3,0.1,0.1,0.3,0.9,0,0,1
3,64,3,0.1,0.1,0.3,0.9,0,0,1
3,68,1,0.1,0.1,0,0.4,0,0,1
3,78,4,0,0.2,0.8,0.8,0,0,1
3,80,13,0.3,0.8,2.3,1.8,0,0,1
3,81,105,0,9.1,15.8,17.1,1,0,1
3,82,10,0,1.6,1.4,1.6,0,0,1
3,92,4,0,0.1,0.5,1,0,0,1
3,96,10,0,0.9,0.6,2.8,0,0,2
3,111,45.5,0,2.9,1.9,16.3,0,0,2
3,117,92,1.4,8.3,6.2,31.1,0,0,3
3,118,41,0.7,6.2,4.4,5.5,0,0,4
3,122,4,0,0.4,0.8,1,0,0,1
3,125,16,0,1.7,3.4,3.9,0,0,1
3,126,18,0,1,2.6,2.6,0,0,1
4,14,7,0.7,0.3,0.8,1.5,0,0,1
4,15,4,0.4,0.2,0.5,0.8,0,0,1
4,17,3,0.1,0.3,0.1,0.9,0,0,1
4,36,3,0,0.4,0.2,0.7,0,0,1
4,49,4,0.2,0.2,0.3,1.1,0,0,1
4,54,6,0.2,0.2,0.5,1.7,0,0,1
4,55,4,0.2,0.2,0.3,1.1,0,0,1
4,66,11,0.9,0.9,0.6,4,0,0,2
4,68,8,0.6,0.6,0.4,3,0,0,2
4,69,2,0.2,0.2,0.1,0.7,0,0,1
4,70,2,0.2,0.2,0.1,0.7,0,0,1
4,78,35,0.4,1.8,6.6,5.8,0,0,3
4,79,16,0.3,1,2.9,2.2,0,0,1
4,80,1,0,0.1,0.2,0.1,0,0,1
4,81,10,0,1.7,1.3,1.6,0,0,2
4,90,4,0.2,0.3,0.2,1.2,0,0,1
4,96,3,0,0.3,0.2,0.8,0,0,1
4,117,14,0.2,2.1,1.6,1.6,0,0,1
4,118,10,0.3,1.5,1,1.5,0,0,2
4,123,3,0,0.3,0.6,0.8,0,0,1
5,22,4,0.6,0.6,0.2,0.3,0,0.1,1
5,31,4,0.4,0.2,0.2,1.1,0,0,1
5,32,2,0.2,0.1,0.1,0.5,0,0,1
5,33,3,0.3,0.1,0.2,0.8,0,0,1
5,35,2,0.2,0.1,0.1,0.5,0,0,1
5,36,13,0,1.5,0.8,3.1,0,0,2
5,40,11,0,1.3,0.7,2.6,0,0,1
5,41,6,0.1,0.6,0.6,1,0,0.4,1
5,55,2,0.1,0.1,0.1,0.6,0,0,1
5,58,6,0.1,0.2,0.7,1.9,0,0,2
5,61,3,0.1,0.1,0.3,0.9,0,0,1
5,64,4,0.1,0.1,0.5,1.2,0,0,1
5,68,2,0.2,0.2,0.1,0.7,0,0,1
5,70,10,0.9,0.9,0.5,3.6,0,0,2
5,87,3,0,0.1,0.2,0.8,0,0,1
5,90,30,0.8,2.6,3,8.4,0,0,3
5,96,2,0,0.2,0.1,0.6,0,0,1
5,97,31,0,2.8,1.9,8.8,0,0,4
5,120,1,0,0.1,0.1,0.2,0,0,1
5,121,5,0.7,0.3,0.8,0.3,0,0,1
5,123,2,0,0.2,0.4,0.5,0,0,1
5,124,5.5,0.2,0.5,1.1,0.9,0,0,2
6,10,4,0.4,0.2,0.5,0.8,0,0,1
6,14,1,0.1,0.1,0.1,0.2,0,0,1
6,20,9,0.2,0.9,0.4,2.7,0,0,2
6,21,4,0.6,0.6,0.2,0.3,0,0.1,1
6,22,4,0.6,0.6,0.2,0.3,0,0.1,1
6,23,10,1.4,1.6,0.5,0.7,0,0.2,2
6,31,2,0.2,0.1,0.1,0.5,0,0,1
6,32,2,0.2,0.1,0.1,0.5,0,0,1
6,36,5,0,0.6,0.3,1.2,0,0,1
6,48,1,0,0,0.1,0.3,0,0,1
6,49,2,0.1,0.1,0.1,0.6,0,0,1
6,52,1,0,0,0.1,0.3,0,0,1
6,63,2,0,0.1,0.2,0.6,0,0,1
6,64,1,0,0.1,0.1,0.3,0,0,1
6,74,1,0,0.1,0.2,0.1,0,0,1
6,75,30,1,1,2,7,0,0,0
6,86,2,0,0.1,0.1,0.5,0,0,1
6,87,32,0,1.6,1.7,8.2,0,0,2
6,90,14,0,1.2,2.8,3.3,0,0,2
6,93,10,0,0.4,1.2,2.4,0,0,2
6,94,6,0,0.2,0.7,1.5,0,0,1
6,101,42,0.1,1.5,3.7,12.7,0.2,0,2
6,120,5,0.1,0.7,0.5,0.9,0,0,1
6,121,49.5,0.6,14.2,5.6,0.2,0,0,1
7,14,37,3.7,1.8,4.3,7.8,0,0,3
7,15,45,2.4,2.2,3.5,16.8,0,1,1
7,18,7,0.2,0.7,0.3,2.1,0,0,1
7,23,4,0.6,0.6,0.2,0.3,0,0.1,1
7,24,17,2.4,2.7,0.8,1.2,0,0.3,4
7,40,17,0,2,1,4.1,0,0,1
7,41,6,0.1,0.6,0.6,1,0,0.4,1
7,42,2,0,0.2,0.2,0.4,0,0.1,1
7,43,3,0.1,0.3,0.3,0.5,0,0.2,1
7,44,7,0.1,0.7,0.8,1.1,0,0.5,1
7,48,2,0.1,0.1,0.1,0.6,0,0,1
7,49,5,0.2,0.2,0.4,1.4,0,0,1
7,52,8,0.3,0.3,0.6,2.3,0,0,1
7,53,1,0,0,0.1,0.3,0,0,1
7,58,3,0.1,0.1,0.3,0.9,0,0,1
7,62,3,0.1,0.1,0.3,0.9,0,0,1
7,63,4,0.1,0.1,0.5,1.2,0,0,1
7,75,15.5,0,0.4,3.4,1.7,0,0,1
7,79,6,0,0.2,1.2,1.2,0,0,1
7,84,4,0,0.7,0.5,0.6,0,0,1
7,87,2,0,0.1,0.1,0.5,0,0,1
7,93,6,0,0.2,0.7,1.5,0,0,2
7,101,34.5,0.6,4,4.5,5.3,0.8,0,3
7,102,13,0.2,1.5,1.8,1.9,0.3,0,2
7,106,24,1,1,0,10,0,0,2
7,114,2,0,0.1,0.1,0.7,0,0,1
7,117,3,0.1,0.4,0.3,0.5,0,0,1
7,120,4,0.1,0.6,0.4,0.7,0,0,1
7,121,88,0,15,18,0,0,0,0
7,122,114,5.7,3.5,26.7,3.4,0,6,2
7,124,16,1.3,0.9,3.1,0.3,0,0,2
7,125,86,4.6,13.9,11.5,0.6,1,0,1
8,11,1,0,0.2,0,0.3,0,0,1
8,14,11,0.5,1.7,0,3.5,0,0,2
8,25,9,0.5,0,0.3,2.9,0,0,1
8,26,15,1.3,1.9,0,3.7,0,0,1
8,57,1,0,0.1,0.1,0.2,0,0,1
8,72,7,0,0.1,2.1,0.1,0,0,1
8,74,14,0,0.4,2.5,2.4,0,0,2
8,76,3,0,0.2,0.5,0.2,0,0,1
8,78,7,0,0.5,1.2,0.5,0,0,2
8,79,3,0,0.2,0.5,0.2,0,0,1
8,84,28,0,1.6,2.4,5.6,0,0,2
8,85,7,0,0.4,0.6,1.4,0,0,1
8,102,6,0.1,0.9,0.9,0.9,0,0,1
8,106,5,0,1.4,0.6,0.3,0,0,1
8,114,150.5,5,5,17,38,0,0,0
8,115,48,0.8,4.3,7.8,2.7,0,0,2
8,121,42,4.7,7.4,5.3,1.2,0,0,2
8,122,433.5,15.9,19.7,23.1,148.5,0,4,1
8,123,508,9,47,28,171,1,24,0
8,124,26,1.5,5,4.1,1.3,0,0,4
8,125,58.5,3.3,11.3,9.1,3,0,0,4
9,10,3,0.2,0.2,0,0.8,0,0,1
9,11,9,0.4,1.4,0,2.8,0,0,2
9,14,1,0,0.2,0,0.3,0,0,1
9,56,3,0.1,0.1,0.3,0.6,0,0,1
9,57,7,0.1,0.2,0.7,1.5,0,0,2
9,71,48,3,1.3,7.7,10.3,0,0,1
9,72,69,1,1.5,11.1,13.4,0,0,1
9,76,34,0,2.5,5.6,2.5,0,0,2
9,77,14,0,1.1,2.3,1,0,0,3
9,78,6,0,0.5,1,0.4,0,0,1
9,81,8,0,0.6,1.6,1.4,0,0,2
9,82,14,0,1.1,2.9,2.5,0,0,2
9,93,10,0,1.4,0.8,2.2,0,0,1
9,95,14,0,1.9,1.2,3.1,0,0,1
9,96,16,0,1,1,5.7,0,0,1
9,108,2,0,0.6,0.2,0.1,0,0,1
9,114,25,0.4,2.2,4.1,1.4,0,0,2
9,115,104.5,0.6,8.9,21.3,1.9,0,0,2
9,121,2,0.1,0.2,0.4,0.1,0,0,1
9,122,75,2.2,14.9,11.7,3.5,0,0,3
9,123,125,4.8,25.6,14.2,4.6,1,0,2
9,124,22,1.2,4.3,3.4,1.1,0,0,3
9,125,2,0.1,0.4,0.3,0.1,0,0,1
10,9,6,0.3,0.4,0,1.7,0,0,1
10,25,8,0.5,0,0.3,2.5,0,0,2
10,34,7,0.3,0.5,0.2,2.4,0,0,1
10,35,3,0.1,0.2,0.1,1.1,0,0,1
10,44,6,0.2,0.5,0.2,2.1,0,0,1
10,57,2,0,0.1,0.2,0.4,0,0,1
10,67,2,0.1,0,0.1,0.7,0,0,1
10,68,2,0.1,0,0.1,0.7,0,0,1
10,71,30.5,0,0.9,6.6,3.6,0,0,3
10,81,6,0,0.5,1.2,1.1,0,0,1
10,82,11,0,0.8,2.3,2,0,0,2
10,88,77,0.6,5.5,9.5,17.4,1,0,3
10,89,59,1,3.7,6.9,13.1,0,0,1
10,93,11,0,1.5,1,2.4,0,0,2
10,95,1,0,0.1,0.1,0.2,0,0,1
10,96,8,0,0.5,0.5,2.9,0,0,1
10,108,3,0,0.8,0.4,0.2,0,0,1
10,114,6,0.1,0.5,1,0.4,0,0,1
10,115,11,0.2,0.9,1.8,0.7,0,0,2
10,122,109,1.1,15.3,25.3,1.6,0,0,2
10,123,102.5,5.2,14.6,15,3.3,0,0,3
10,124,2,0.1,0.4,0.3,0.1,0,0,1
11,10,8,0.5,0.5,0,2.2,0,0,2
11,19,1,0.1,0,0,0.3,0,0,1
11,24,4,0.2,0,0.1,1.3,0,0,1
11,27,2,0.2,0.2,0,0.5,0,0,1
11,33,3,0.1,0.2,0.1,1.1,0,0,1
11,34,11,0.5,0.7,0.3,3.9,0,0,2
11,44,5,0.2,0.4,0.2,1.7,0,0,1
11,47,3,0,0.1,0.3,0.8,0,0,1
11,51,2,0,0.1,0.2,0.5,0,0,1
11,57,3,0.1,0.1,0.3,0.6,0,0,1
11,65,4,0.1,0.1,0.4,0.8,0,0,1
11,68,3,0.2,0,0.2,1,0,0,1
11,69,11,0.5,0,0.8,3.7,0,0,2
11,87,6,0.5,0.9,1.2,0.5,0,0,1
11,88,29,0.7,2.6,5.7,4.6,0,0,2
11,89,67,0,0.9,15.1,3.1,0,0,1
11,100,5,0,0.2,1.4,0,0,0,1
11,101,8,0.1,1.2,1.2,1.2,0,0,2
11,102,3,0.1,0.4,0.5,0.4,0,0,1
11,107,97,0.6,1.6,7.3,36.8,0,3,2
11,108,69,0,5.7,3.2,26.6,0,0,1
11,123,4,0.1,0.4,0.8,0,0,0,1
11,125,25,2.7,5.8,2.1,0,0,0,1
11,126,3,0.2,0.5,0.3,0.2,0,0,1
12,10,5,0.3,0.3,0,1.4,0,0,1
12,15,3,0.1,0.5,0,1,0,0,1
12,18,2,0.1,0,0.1,0.6,0,0,1
12,21,10,0.6,0,0.3,3.2,0,0,2
12,27,7,0.6,0.8,0,1.8,0,0,3
12,38,5,0.2,0.4,0.2,1.7,0,0,1
12,39,1,0,0.1,0,0.4,0,0,1
12,41,9,0.4,0.6,0.4,3.1,0,0,3
12,48,11,0,0.4,1,3.1,0,0,2
12,49,9,0,0.3,0.9,2.5,0,0,2
12,51,6,0,0.2,0.6,1.7,0,0,1
12,52,3,0,0.1,0.3,0.8,0,0,1
12,62,7,0.1,0.2,0.7,1.5,0,0,1
12,87,3,0.3,0.5,0.6,0.2,0,0,1
12,97,7,0,0.4,0.5,2.5,0,0,1
12,100,68,1,8.8,15.6,0,0,0,3
12,101,274.5,12,21,34,53,0,11,0
12,102,308.5,13.2,19.2,5.2,119.1,3,3,1
12,103,36,2.3,6,2,6.8,0,0,2
12,104,1,0,0.2,0.2,0.1,0,0,1
12,105,2,0,0.3,0.3,0.3,0,0,1
12,107,68,2.8,2.8,11.2,8.9,0,0,4
12,108,67,1.6,6.2,12.2,3.9,0,6,2
12,116,5,0,0.7,0.3,1.7,0,0,1
12,124,7,0.7,1.6,0.7,0,0,0,3
12,125,92,5.5,20.1,15.5,0,0,0,2
12,126,40,1.9,6.4,3.9,3.2,0,0,2
12,127,1,0,0.2,0.1,0.1,0,0,1
13,11,8,0,0.4,1.2,3.2,0,0,1
13,15,3,0,0.1,0.5,1.2,0,0,1
13,21,4,0.1,0.1,0.3,1.4,0,0,1
13,33,10,0.5,0.6,0.3,3.5,0,0,3
13,42,1,0.1,0.1,0,0.3,0,0,1
13,50,4,0,0.1,0.4,1.1,0,0,1
13,52,5,0,0.2,0.5,1.4,0,0,1
13,68,6,0.3,0,0.4,2,0,0,1
13,69,1,0.1,0,0.1,0.3,0,0,1
13,76,8,0,0.8,0.3,2.4,0,0,2
13,77,4,0,0.3,0.2,1.2,0,0,1
13,81,3,0,0.2,0.2,0.9,0,0,1
13,82,19,0,1.3,1.5,5.4,0,0,3
13,96,4,0,0.4,0.5,1.1,0,0,1
13,97,15,0,1.6,2,3.9,0,0,1
13,100,4,0.2,1.3,0.2,0,0,0,1
13,101,145.5,27.5,17.3,11.5,12.4,0,0.1,1
13,102,205.5,33.8,19.8,1.8,55.6,0,22.3,2
13,103,44,3.8,7.6,4.3,3.7,0,0.3,3
13,105,2,0.2,0.3,0.2,0.2,0,0,1
13,107,3,0.1,0.7,0.6,0.1,0,0,1
13,108,29,1,6.6,5.8,0.8,0,0,4
13,118,1,0,0.1,0.1,0.3,0,0,1
13,119,1,0,0.1,0.1,0.3,0,0,1
13,123,88.5,2,12.6,19.4,0.7,0,0,1
13,124,70,7,8,8,3.4,0,0,4
13,125,372,25,23,20,135,0,17,0
13,126,85.5,6.5,4.5,12.6,13.1,0,0,2
13,127,88,9.1,8.2,15.2,0.6,0,0,1
14,11,1,0,0,0.2,0.4,0,0,1
14,12,1,0,0,0.2,0.4,0,0,1
14,15,7,0,0.3,1.1,2.8,0,0,2
14,17,2,0.1,0.1,0.2,0.5,0,0,1
14,25,5,0.2,0.2,0.3,1.7,0,0,1
14,45,4,0.1,0.4,0,1.3,0,0,1
14,47,1,0,0,0.1,0.3,0,0,1
14,58,12,0.2,0.3,1.2,2.5,0,0,2
14,61,9,0,0.6,0.2,3.7,0,0,1
14,62,5,0,0.4,0.1,2,0,0,1
14,68,3,0.2,0,0.2,1,0,0,1
14,70,2,0.1,0,0.1,0.7,0,0,1
14,71,5,0,0.2,0.3,1.3,0,0,1
14,73,3,0,0.1,0.2,0.8,0,0,1
14,76,12,0,1.1,0.5,3.6,0,0,2
14,77,5,0,0.5,0.2,1.5,0,0,2
14,81,3,0,0.2,0.2,0.9,0,0,1
14,96,11,0,1.2,1.4,2.9,0,0,1
14,97,4,0,0.4,0.6,1,0,0,2
14,100,104,5.7,30.7,4.9,0,0,0,3
14,101,81.5,0.8,15.2,15.8,1.7,0,0.2,1
14,102,5,0.4,1.1,0.5,0.3,0,0,2
14,103,12,1.1,1.7,1.3,1.1,0,0,2
14,108,2,0.1,0.4,0.4,0.1,0,0,1
14,110,1,0.1,0.2,0.2,0,0,0,1
14,122,3,0,1,0.3,0.1,0,0,1
14,123,89.5,7,15.9,9.9,2.5,0,0,2
14,124,43,4.2,4.9,5,2.1,0,0,3
14,126,6,0.3,0.3,0.3,1.3,0,0,1
15,17,10,0.6,0.4,0.7,2.6,0,0,1
15,18,20,1.2,0.9,1.3,5.1,0,0,2
15,20,9,0.5,0.4,0.6,2.3,0,0,1
15,21,5,0.2,0.2,0.3,1.7,0,0,1
15,23,6,0.2,0.2,0.4,2.1,0,0,2
15,25,9,0.3,0.3,0.6,3.1,0,0,1
15,39,17,1.2,0.8,0.4,5.6,0,0,4
15,54,4,0,0.1,0.4,1.1,0,0,1
15,55,5,0,0.2,0.5,1.4,0,0,1
15,56,5,0.1,0.1,0.5,1.1,0,0,1
15,61,5,0,0.4,0.1,2,0,0,1
15,63,14,0,1,0.4,5.6,0,0,2
15,64,9,0,0.6,0.2,3.7,0,0,1
15,72,4,0,0.2,0.2,1,0,0,1
15,73,23,0,1.2,1.2,5.9,0,0,2
15,76,3,0,0.3,0.1,0.9,0,0,1
15,81,6,0,0.4,0.5,1.7,0,0,1
15,85,5,0,0.3,0.4,1.4,0,0,2
15,86,11,0,1,2.3,1.2,0,0,2
15,87,8,0,0.7,1.7,0.9,0,0,1
15,88,6,0,0.5,1.2,0.7,0,0,1
15,89,61,0,7.4,7.3,11.8,1,1,2
15,90,1,0,0.1,0.2,0.1,0,0,1
15,94,10,0.2,0.3,1.2,3,0,0,2
15,101,2,0.2,0.4,0.2,0.1,0,0,1
15,103,3,0.3,0.4,0.3,0.3,0,0,1
15,105,2,0.2,0.3,0.2,0.2,0,0,1
15,109,3,0.1,0.5,0.4,0.3,0,0,1
15,110,27,0.5,4.7,3.4,3,0,0,2
15,111,54,3,3.7,11.7,3.6,0,0,2
15,112,68,1,7.7,15.7,1.6,0,8,2
15,122,4,0,1.4,0.3,0.2,0,0,1
16,10,10,0.6,0.6,0,2.8,0,0,4
16,17,2,0.1,0.1,0.2,0.5,0,0,1
16,18,2,0.1,0.1,0.2,0.5,0,0,1
16,39,24,1.5,1,0.5,8.1,0,0,3
16,43,10,0.3,1,0,3.2,0,0,1
16,53,1,0,0,0.1,0.3,0,0,1
16,56,2,0,0.1,0.2,0.4,0,0,1
16,66,5,0.2,0,0.4,1.7,0,0,1
16,69,1,0.1,0,0.1,0.3,0,0,1
16,70,6,0.3,0,0.4,2,0,0,1
16,71,25,0,3.4,7.5,0.8,0,0,2
16,72,1,0,0.1,0.3,0.1,0,0,1
16,73,2,0,0.2,0.6,0.1,0,0,1
16,74,3,0,0.1,0.2,0.8,0,0,1
16,76,4,0,0.3,0.2,1.2,0,0,1
16,87,2,0,0.2,0.4,0.2,0,0,1
16,89,4,0,0.4,0.8,0.4,0,0,1
16,90,33,0,2.9,6.9,3.7,0,0,2
16,93,31,0.7,0.8,3.8,9.1,0,0,3
16,97,2,0,0.2,0.3,0.5,0,0,1
16,109,13,0.2,2.3,1.7,1.4,0,0,2
16,110,293.5,14,21,21,74,0,10,0
16,111,281,30,48,8,48,0,4,0
16,112,109,1,9,28,9,0,15,0
16,117,5,0.2,0.8,0.8,0,0,0,2
16,118,56,0.6,13,6.6,3.4,0,0,2
16,121,40,1.6,2.6,2.6,15.5,0,0,4
16,123,5,0.2,0.3,0.4,1.9,0,0,1
16,125,2,0.1,0.1,0.1,0.8,0,0,1
16,126,21,0.6,0.6,2.5,5.6,0,0,2
16,127,126.5,4.2,4.2,2.8,39.9,0,0,1
17,18,2,0.1,0.1,0.2,0.5,0,0,1
17,30,9,0.4,0.6,0.2,3.2,0,0,1
17,37,4,0.3,0.2,0.1,1.3,0,0,1
17,44,6,0.2,0.6,0,1.9,0,0,1
17,45,10,0.3,1,0,3.3,0,0,2
17,53,2,0,0.1,0.2,0.5,0,0,1
17,56,1,0,0.1,0.1,0.2,0,0,1
17,57,4,0.1,0.1,0.4,0.8,0,0,1
17,71,2,0,0.2,0.6,0.1,0,0,1
17,74,1,0,0,0.1,0.3,0,0,1
17,76,8,0,0.6,0.4,2.4,0,0,2
17,81,2,0,0.1,0.2,0.6,0,0,1
17,82,4,0,0.3,0.3,1.1,0,0,1
17,89,55,0,0.6,16.4,0.8,1,3,1
17,90,3,0,0.3,0.6,0.3,0,0,1
17,97,4,0,0.4,0.5,1.1,0,0,1
17,99,1,0,0.1,0.1,0.3,0,0,1
17,100,5,0,0.5,0.7,1.3,0,0,1
17,110,20,0.4,3.5,2.5,2.2,0,0,2
17,111,32,0,3.5,5.9,3.4,0,0,2
17,112,33,0,0,11,0,0,3,0
17,115,3,0,0.3,0.6,0.3,0,0,1
17,117,50,2.2,8.7,7.3,0,0,0,4
17,118,225,5,16,11,79,0,2,0
17,119,16,0,2.4,1,5.4,0,0,3
17,127,38,2,2,2,17,0,0,0
18,11,9,1.6,1.1,0.2,2.5,0,0,3
18,16,9,0.8,0.6,0.8,3.2,0,0,1
18,23,4,0.4,0.2,0.4,1.4,0,0,1
18,34,2,0,0,0.2,0.9,0,0,1
18,47,2,0.1,0.1,0,0.8,0,0,1
18,50,2,0,0.2,0,0.8,0,0,2
18,54,6,0,0.7,0.2,2.2,0,0,1
18,58,11,0.5,0.5,1.5,2.8,0,0,2
18,62,15,0,0.3,1.7,2.5,0,0,3
18,77,19,0,1.2,1.4,5,0,0,3
18,81,8,0,0.7,1.5,0.9,0,0,2
18,82,6.5,0,0.6,1.1,0.8,0,0,1
18,83,6,0,0.5,1.1,0.7,0,0,1
18,96,8,0.5,2,0.3,0.5,0,0.1,2
18,97,15,0.9,3.8,0.6,0.9,0,0.2,3
18,98,6,0.4,1.5,0.2,0.4,0,0.1,1
18,100,19,0.7,4.2,1.2,1.9,0,0,4
18,101,13,0.8,1.8,2.5,0.4,0.1,0.3,1
18,102,8,0.5,1.1,1.5,0.3,0.1,0.2,1
18,109,3,0.1,0.4,0.6,0.1,0,0,1
18,110,1,0,0.1,0.2,0.1,0,0,1
18,117,5,0,1.1,0,1.4,0,0,2
18,118,9,0,2.1,0,2.5,0,0,1
18,119,3,0,0.6,0,0.9,0,0,2
18,124,3,0.4,0.4,0.3,0,0,0,1
18,127,1,0,0.1,0.2,0.1,0,0,1
19,10,2,0.4,0.2,0.1,0.5,0,0,1
19,23,5.5,0.5,0.3,0.5,2,0,0,2
19,27,4,0,0,0.1,1.6,0,0,1
19,33,2,0,0,0.2,0.9,0,0,1
19,53,5,0,0.6,0.2,1.8,0,0,1
19,56,1,0.1,0,0.1,0.3,0,0,1
19,58,8,0.4,0.3,1.1,2.1,0,0,1
19,59,15,0.8,0.7,2,3.8,0,0,2
19,65,16,0,0.3,1.8,2.8,0,0,1
19,92,43,0,5.8,5.2,10.2,0,0,2
19,94,9,0.9,1,1.1,0.9,0,0,2
19,95,238,24,44.5,18.5,36.9,0,20,1
19,96,98,5.5,8.5,7.7,26.5,0,0.4,1
19,97,2,0.1,0.5,0.1,0.1,0,0,1
19,100,12,0.4,2.7,0.8,1.2,0,0,2
19,101,166,5,33.4,22.3,3.5,0.2,0.3,1
19,102,125,10.6,13.6,11,20.8,0.2,0.5,2
19,103,12,0.6,1.4,2,0.8,0.1,0.2,2
19,105,10,0.3,0.3,0.3,2.3,0,0,1
19,114,11,3.8,0.3,0,0.4,0,0,2
19,117,3,0,0.7,0,0.8,0,0,1
19,126,9,0.3,0.6,1.7,1.3,0,0,1
19,127,27,0.9,1.7,5.1,4,0,0,3
20,15,3,0.5,0.4,0.1,0.8,0,0,1
20,16,1,0.1,0.1,0.1,0.3,0,0,1
20,20,3,0.2,0.2,0.3,1.1,0,0,1
20,37,3,0,0.5,0.1,1.1,0,0,1
20,45,2,0,0.3,0.1,0.8,0,0,1
20,58,6,0.3,0.3,0.8,1.5,0,0,2
20,59,28,1.4,1.1,3.8,7.3,0,0,4
20,64,1,0,0,0.1,0.2,0,0,1
20,65,8,0,0.2,0.9,1.4,0,0,1
20,66,12,0,0.4,2.4,2.4,0,0,2
20,73,20,0,2,2.4,3.7,0,0,2
20,74,10,0,1,1.2,1.8,0,0,2
20,80,4,0,0.3,0.3,1,0,0,1
20,81,21,0,1.7,1.2,5.9,0,0,2
20,85,10,0,0.9,1.8,1.2,0,0,2
20,86,34,0,1,3,11.5,0,0,3
20,90,6,0.2,0.7,1,0.5,0,0,2
20,91,11,0,1.5,1.3,2.6,0,0,2
20,92,1,0,0.1,0.1,0.3,0,0,1
20,93,2,0.2,0.2,0.3,0.2,0,0,1
20,94,5,0.3,0.8,0.2,0.5,0,0,1
20,95,83,6.4,6.7,10.1,15.2,0,0,2
20,96,75,3.9,15.5,6.1,13,1,12.1,3
20,99,2,0.2,0.6,0.1,0.1,0,0,1
20,101,139.5,23.7,8,16,15,0.1,0.3,2
20,102,159,10.5,15.7,4.9,48.8,0.1,0.2,3
20,103,1,0.1,0.1,0.1,0.1,0,0,1
20,104,11,0.3,0.3,0.4,2.6,0,0,1
20,105,12,0.3,0.5,0.6,2.6,0,0.1,2
20,106,43,2.7,5.5,10.5,0,0,0,1
20,107,2,0.1,0.4,0.5,0,0,0,1
20,111,1,0.3,0.1,0.1,0,0,0,1
20,112,19,3.2,3.9,1.7,0,0,0,2
20,113,176,75.7,5.7,5.5,2.1,0,0,2
20,114,48.5,15.9,0.3,3,0.5,0,0,1
20,116,7,0.2,0.4,1.2,1.1,0,0.3,1
20,117,107,8,7.8,2,33.4,0,0,1
20,118,78,2,27.6,3,5,0,0,1
20,119,28,0,10,2,0,0,8,0
20,126,70,2.8,2.4,5.6,25,0,0,3
20,127,62.5,1.9,1.7,7.9,16.1,0,0,2
21,2,4,0.2,0.5,0.3,1.1,0,0,1
21,10,1,0.2,0.1,0,0.3,0,0,1
21,12,2,0.4,0.2,0.1,0.5,0,0,1
21,13,2,0.4,0.2,0.1,0.5,0,0,1
21,14,3,0.5,0.4,0.1,0.8,0,0,1
21,29,14,0,0,0.5,5.5,0,0,1
21,34,7,0,0,0.7,3.1,0,0,2
21,45,9,0,1.4,0.3,3.5,0,0,1
21,49,3,0.1,0.3,0,1.2,0,0,1
21,51,2,0,0.2,0.1,0.7,0,0,1
21,52,7,0,0.8,0.3,2.5,0,0,1
21,54,2,0,0.2,0.1,0.7,0,0,1
21,70,8,0,0.3,1.6,1.6,0,0,1
21,73,5,0,0.5,0.6,0.9,0,0,1
21,74,13.5,0,1.3,1.6,2.5,0,0,3
21,75,1,0,0.1,0.1,0.2,0,0,1
21,80,7,0,0.4,0.5,1.9,0,0,1
21,81,8,0,0.6,0.3,2.5,0,0,1
21,86,34,0,1,3,11.6,0,0,3
21,89,57.5,1,6.2,6.6,9,0,0,3
21,90,52,1.8,3.2,6.2,12.5,0,0,2
21,91,4,0,0.5,0.5,1,0,0,1
21,94,4,0.2,0.7,0.2,0.4,0,0,1
21,95,18,1.1,3,0.7,1.8,0,0,1
21,96,61.5,14,6,2,5,0,0,0
21,97,121.5,7.8,48,1.7,15.5,0,43,1
21,98,43.5,4,14.5,1,1,0,0,1
21,99,12,1.2,3.3,0.7,0.5,0,0,2
21,100,6,0.6,1.7,0.4,0.2,0,0,2
21,101,25,2,2.7,1.2,3.7,0,0,2
21,102,3,0.2,0.3,0.2,0.5,0,0,1
21,105,16,0,3,3.6,0.3,0,0.9,3
21,106,170.5,15,22,31,5,0,0,0
21,107,162.5,18.2,20.1,15.1,28,1,0,1
21,108,297,5,27,76,4,1,31,0
21,109,64.5,0.7,4.5,20.7,1.1,0,0,1
21,110,36,0.3,10,6,0.5,0,0,1
21,111,35,2.9,9.2,3.9,0,0,0,3
21,112,63,1.2,20.5,4.2,0,0,0,1
21,113,49.5,6.3,2.7,9.8,0.2,0,0,1
21,115,35,5.2,6.8,2.9,0.8,0,0,3
21,116,246,5,17,8,88,0,0,0
21,117,245,17,8,7,89,0,0,0
21,118,173.5,10,39,7,32,0,14,0
21,119,53,5.1,1.2,0,18.5,0,0,1
21,120,22,1.4,2.2,0,5.2,0,0,2
21,121,18,2.8,2.3,1.7,0,0,0,1
21,122,11,1.7,1.4,1,0,0,0,1
21,126,17,0.5,0.3,1.7,5.1,0,0,2
21,127,6,0.2,0.1,0.6,1.8,0,0,1
22,7,11,2,1.3,0.4,3,0,0,1
22,26,10,0,0,0.4,3.9,0,0,1
22,54,3,0,0.4,0.1,1.1,0,0,1
22,57,3,0.2,0.1,0.4,0.8,0,0,1
22,59,2,0.1,0.1,0.3,0.5,0,0,1
22,66,6,0,0.2,1.2,1.2,0,0,2
22,67,4,0,0.1,0.8,0.8,0,0,1
22,96,107,34,17.2,9,1.7,0,0,1
22,97,272,20,21,15,78,1,0,0
22,98,106,7.8,15.9,5.5,19.3,0,0,1
22,99,5,0.5,1.4,0.3,0.2,0,0,2
22,100,69,4.5,16.6,2.8,11.7,0,0,3
22,101,45,3.6,4.9,2.2,6.7,0,0,2
22,102,6,0.5,0.6,0.3,0.9,0,0,2
22,104,36,0,6.8,8.2,0.7,0,2.1,3
22,105,209,18,37,23,2,0,0,0
22,106,302.5,23,20,9,100,2,7,0
22,107,419,46,16,18,152,0,24,0
22,108,364,79,72,30,2,0,89,0
22,109,87,4.4,19.9,13.4,0.8,0,0,2
22,110,105,8.4,33.1,10.2,0.5,0,0,1
22,111,14,1.1,3.8,1.5,0,0,0,2
22,112,9,0.7,2.4,1,0,0,0,1
22,115,3,0.4,0.6,0.2,0.1,0,0,1
22,116,126,7.8,4.5,9.7,38,0,2.2,3
22,117,155,2.7,4.6,31.6,22.8,0,8.1,3
22,118,74.5,1.3,10.5,3.4,19.3,0,0.3,1
22,119,6,0.4,0.6,0,1.4,0,0,1
22,120,24,0,3,2,7,0,0,0
23,7,6,0.1,0.4,0.6,1.2,0,0,1
23,9,4,0.1,0.3,0.3,0.8,0,0,1
23,10,22,0.5,1.5,2,4.5,0,0,2
23,19,5,0.4,0.3,0.5,1.8,0,0,2
23,43,2,0,0,0,1.1,0,0,1
23,50,3,0.1,0.3,0,1.2,0,0,1
23,51,5,0.2,0.3,0.4,1.1,0,0,1
23,54,17,0.6,1.3,1.3,3.8,0,0,2
23,57,1,0,0.1,0,0.4,0,0,1
23,59,18,0,1,3.6,1.6,0,0,3
23,68,14,0.7,0.5,2,2.5,0,0,2
23,71,29,0,6.1,2.1,4.3,0.4,0,2
23,72,1,0,0.2,0.1,0.1,0,0,1
23,76,2,0,0.1,0.4,0.2,0,0,1
23,77,5,0,0.2,1,0.5,0,0,1
23,84,5,0,0.2,0.9,0.5,0,0,1
23,85,3,0,0.2,0.5,0.3,0,0,1
23,88,4,0.1,0.4,0.5,0.6,0,0,2
23,89,19,0,1.9,2.8,3.3,0,0,1
23,90,6,0,0.6,1,1,0,0,2
23,96,91.5,2.5,10.7,17,1.8,0,0,2
23,97,176,1,32.1,36.3,1.5,0,0,1
23,98,106,6,11.3,18.2,6.1,0,5,2
23,101,3,0.4,0.8,0,0.5,0,0,1
23,102,121,10.9,14.4,4,28.4,0,0,2
23,103,136,26.8,10,5.2,14.8,0,1,2
23,104,142.5,39.1,16.8,5.7,8.1,0,40.5,2
23,105,128,15,26,13,7,0,0,0
23,106,129,21.8,15.5,10.6,13.1,1,0,1
23,107,243,16,45,13,48,0,0,0
23,108,149.5,33,25,18,0,0,0,0
23,109,223,56,44,13,0,0,0,0
23,110,302,57.7,78.1,19.7,0,0,99,2
23,111,73,7,15.7,3.9,1,0,0,3
23,112,1,0.1,0.2,0.1,0,0,0,1
23,115,4,1.2,0.6,0.1,0.1,0,0,1
23,116,62,0,2,8,17,0,0,0
23,117,29,0,1.8,2.7,9.6,0,0,3
23,119,8,1,0.4,0.5,2.6,0,0,2
23,120,217.5,8.8,3.3,1.4,93.9,0,0,2
23,127,4,0,0.3,0.5,0.8,0,0,1
24,8,8,0.2,0.6,0.7,1.6,0,0,1
24,9,1,0,0.1,0.1,0.2,0,0,1
24,15,19,0.6,1.8,1.8,3.5,0,0,2
24,19,1,0.1,0.1,0.1,0.3,0,0,1
24,43,4.5,0,0,0,2.5,0,0,1
24,45,4,0,0,0,2.2,0,0,1
24,46,7,0.3,0.5,0,2.8,0,0,2
24,50,2,0.1,0.1,0,0.8,0,0,1
24,60,9,0,0.4,1.8,0.9,0,0,2
24,68,2,0.1,0.1,0.3,0.3,0,0,1
24,71,45,0,16.1,1.2,3.2,0.2,0,2
24,72,54,0,10.7,11,1.9,0.2,0,1
24,76,6,0,0.3,1.1,0.6,0,0,1
24,77,60,0,2.1,16.7,2.5,0,0,1
24,81,42,0.7,13.3,2.3,2.2,0,0,2
24,82,13,0.2,4.1,0.7,0.7,0,0,1
24,84,31,0,0.3,2.2,10.7,0,0,2
24,85,12,0,0.5,2.1,1.2,0,0,1
24,87,34,1.4,3.2,4.1,4.7,0,0,3
24,88,69.5,1.8,9.7,3.7,11.1,1,0,2
24,89,4,0,0.4,0.6,0.7,0,0,1
24,91,8,0.5,1.2,0.2,1.2,0,0,1
24,92,3,0.2,0.4,0.1,0.4,0,0,1
24,93,4,0.2,0.6,0.1,0.6,0,0,1
24,96,2,0.1,0.3,0.3,0.1,0,0,1
24,97,18,0.9,2.8,3,0.5,0,0,3
24,98,11,0.2,1.6,2.4,0.2,0,0,2
24,99,31,0,4.5,7.8,0.3,0,0,2
24,100,21,0,3.1,5.2,0.2,0,0,2
24,102,54,7.6,8.9,0,8.2,0,0,3
24,103,41.5,4.7,2.2,0.5,15.6,0,0.2,1
24,104,8,0.7,1.3,0.6,0.7,0,0.1,2
24,105,43,3.9,7.2,3.3,3.9,0,1,3
24,106,67.5,15,5.9,2.2,4.5,0,0,4
24,107,88.5,24.2,6.2,2,7,0,0,3
24,108,257.5,21,11,30,64,0,6,0
24,109,194,35.3,16.9,8.3,37,0,0,1
24,110,198,44,16,15,16,0,0,0
24,111,150,8.7,11.7,4.9,49.3,0,0,1
24,112,74,6.9,10,7,10.6,0,0,3
24,113,1,0.1,0.2,0.1,0,0,0,1
24,116,38,0,2.3,0.4,18.3,0,0,2
24,117,61,4,1,1,20,0,0,0
24,119,22,2.8,1.1,1.3,7.2,0,0,2
24,120,70,5.2,6.9,0.9,20.6,0,0,1
24,125,14,0.4,0.4,1.9,2,0,0,2
24,126,14,0,0.8,1.9,2.7,0,0,1
24,127,15,0,0.9,2,2.9,0,0,1
25,3,2,0.1,0.2,0.1,0.6,0,0,1
25,15,3,0.1,0.3,0.3,0.5,0,0,1
25,26,3,0,0,0.3,1.3,0,0,2
25,27,5,0,0,0.5,2.2,0,0,2
25,37,2,0,0.3,0.1,0.8,0,0,1
25,38,7,0,1.1,0.3,2.7,0,0,2
25,43,2,0,0,0,1.1,0,0,1
25,44,2,0,0,0,1.1,0,0,1
25,49,3,0.1,0.3,0,1.2,0,0,1
25,59,1,0,0,0.2,0.1,0,0,1
25,60,60.5,1.6,3.2,5.4,16,0,0,4
25,66,2,0.1,0.1,0.3,0.3,0,0,1
25,67,21,1,0.7,3.1,3.8,0,0,2
25,71,16,0,3.5,1.6,1.2,0.1,0,2
25,72,20,0,4.3,1.5,2.8,0.2,0,2
25,77,75,5.6,5.7,10.4,8.1,0,0,3
25,78,6,0.2,0.9,1.1,0.2,0,0,1
25,80,6,0,0.3,1.1,0.6,0,0,1
25,81,55.5,0.1,3.2,8.6,11.1,0,0,3
25,84,25,0,1.1,4.4,2.5,0,0,2
25,85,17,0,0.8,2.9,1.7,0,0,2
25,87,3,0.1,0.3,0.4,0.4,0,0,1
25,88,16,0.5,1.5,2.1,2.3,0,0,2
25,91,8,0.5,1.2,0.2,1.2,0,0,1
25,92,17,0.7,2.3,0.6,2.6,0,0,2
25,97,4,0.2,0.6,0.7,0.1,0,0,1
25,100,73,0.9,7.6,9.5,11.8,0,0,3
25,101,3,0.1,0.4,0.1,0.7,0,0,1
25,102,2,0,0.3,0.1,0.5,0,0,1
25,103,12,0.6,1.6,1.9,0.7,0,0.3,2
25,104,1,0,0.1,0.2,0.1,0,0,1
25,105,3,0.3,0.5,0.2,0.3,0,0.1,1
25,106,3,0,0.2,0.5,0.4,0.1,0,1
25,107,6,1.1,0.5,0.4,0.4,0,0,2
25,108,49,7,6.2,0.1,13.3,0,0,1
25,109,192.5,12,14,12,63,0,0,0
25,110,88,17.7,18.2,7.7,2.8,0,0,1
25,112,1,0.1,0.2,0.1,0,0,0,1
25,118,4,0.5,0.9,0.3,0.2,0,0,1
25,119,67,8.4,12.8,4.7,5.3,0,0,3
25,125,7,0.2,0.2,1,1,0,0,1
25,126,18,0,1.1,2.4,3.5,0,0,1
26,8,1,0,0.1,0.1,0.2,0,0,1
26,27,6,0,0,0.6,2.6,0,0,2
26,38,2,0,0.3,0.1,0.8,0,0,1
26,54,2,0.1,0.1,0.2,0.4,0,0,1
26,56,4,0.2,0.2,0,1.6,0,0,1
26,60,1,0,0.1,0,0.4,0,0,1
26,72,6,0,1.3,0.7,0.3,0,0,1
26,75,3,0,0.7,0.3,0.1,0,0,1
26,76,87.5,1.2,18.6,14,1.4,0,0,3
26,77,171,4,28,18,25,0,1,0
26,78,95,3,9.3,15.1,8.6,0,1,1
26,81,16,0,5.7,1.3,0,0,0,2
26,97,3,0.1,0.2,0.6,0.4,0,0,1
26,101,1,0,0.2,0,0.2,0,0,1
26,102,16,0.4,2.3,0.4,3.7,0,0,2
26,103,28,0.3,2.9,6.7,1.1,0,1.1,2
26,104,17,0.2,1.8,4,0.6,0,0.6,1
26,108,28,1.5,1.8,0.6,14.3,0,0,1
26,109,323,15,15,13,106,0,0,0
26,110,20,1.1,4,1.2,5.3,0,0,3
26,113,9,2.6,1.3,0.3,0.3,0,0,1
26,118,41,0,16,0,1,0,0,0
26,119,88,0.3,27.5,11.1,0.1,0,10,1
26,124,20,0.6,0.6,2.7,2.9,0,0,1
26,125,43,1.3,1.3,5.8,6.2,0,0,2
26,126,24,0,0.8,6,2.3,0,0,4
26,127,3,0,0.1,0.7,0.3,0,0,1
27,2,2,0.1,0.2,0.1,0.6,0,0,1
27,6,2,0.1,0.1,0.2,0.4,0,0,1
27,11,10,0.3,0.9,1,1.9,0,0,1
27,22,5,0.4,0.3,0.5,1.8,0,0,2
27,28,2,0,0,0.2,0.9,0,0,1
27,35,3,0,0,0.3,1.3,0,0,2
27,36,1,0,0.2,0,0.4,0,0,1
27,45,13,0,0,0,7,0,0,4
27,47,1,0,0.1,0,0.4,0,0,1
27,55,3,0.1,0.2,0.2,0.7,0,0,1
27,61,2,0,0,0.2,0.4,0,0,1
27,64,4,0,0.1,0.4,0.7,0,0,1
27,65,6,0,0.1,0.6,1.1,0,0,2
27,70,22,1.1,0.7,3.3,3.9,0,0,2
27,71,4,0,0.9,0.4,0.2,0,0,1
27,72,24,0,5.4,2.7,1,0,0,3
27,74,9,0,2,1,0.4,0,0,1
27,75,12,0,2.7,1.4,0.5,0,0,1
27,76,17,0.5,2.5,3.1,0.6,0,0,1
27,77,52,0.7,16,4.9,1,0,0,3
27,79,5,0,0.2,1,0.5,0,0,1
27,81,2,0,0.7,0.2,0,0,0,1
27,93,80,3.1,5.8,6.2,14.7,0,0,2
27,94,33.5,0.8,3.6,4.4,5.9,0,0,3
27,95,8,0.2,0.9,1,1.4,0,0,1
27,96,2,0,0.2,0.4,0.3,0,0,1
27,97,89.5,3,5.6,13,12.3,0,0,3
27,98,79,4.1,7.5,3.4,16.5,0,0,1
27,101,1,0,0.2,0,0.2,0,0,1
27,102,24,0.4,3.6,0.6,5.7,0,0,4
27,103,13,0.1,1.4,3.1,0.5,0,0.5,1
27,104,50,5.2,6.9,9.4,1,0,1,2
27,105,79,4.1,10.4,15.1,0.5,0,0.5,2
27,106,106,2,15.7,12.9,13.8,0.6,0,2
27,107,25,0,2,4.4,3.6,0.4,0,1
27,109,9,0.5,1.8,0.5,2.4,0,0,2
27,112,51,12.3,6.2,6,0.9,0,0,3
27,113,322,19.9,19.9,6.7,116.7,0,15,1
27,114,197.5,8,8,6,78.1,0,0,3
27,124,13,0.4,0.4,1.7,1.9,0,0,1
27,125,230,1,7,9,80,1,0,0
27,126,166.5,2,6.3,19.5,49,0,4,2
27,127,16,0,0.6,4,1.5,0,0,2
28,1,14,0,1.2,0.9,4.7,0,0,2
28,2,3,0,0.3,0.2,1,0,0,1
28,6,6,0.2,0.6,1,0.8,0,0.8,1
28,25,2,0,0.1,0.2,0.6,0,0,1
28,29,5,0,0.2,0.4,1.6,0,0,1
28,31,2.5,0,0.3,0.2,0.5,0,0,1
28,32,19.5,0.4,2,1.4,3.9,0,0,3
28,65,8,0,1.1,0.4,2.9,0,0,1
28,69,10,0,1,0.3,3.5,0,0,1
28,70,8,0,0.8,0.2,2.9,0,0,2
28,74,32,3.6,6.4,2.3,0,0,0,3
28,75,6,0.7,1.2,0.4,0,0,0,1
28,77,13,0.7,1.5,2.4,0.9,0,0,1
28,78,5,0.2,0.6,1,0.3,0,0,2
28,81,4,0,0.9,0.6,0.1,0,0,1
28,82,1,0,0.2,0.2,0,0,0,1
28,91,7,0,0.5,0.7,2.1,0,0,1
28,92,17.5,0,1.1,1.7,5.3,0,0,2
28,93,20,0,1.3,2,6,0,0,2
28,100,26,1,3.3,1.3,7.1,0,0,1
28,101,51,1.7,3.2,0.9,18,0,0,2
28,103,5,0.1,0,0.8,1.6,0,0,1
28,104,11,0.3,0,1.6,3.6,0,0,1
28,105,129,0.6,18,23.3,8.1,0,0,1
28,106,57,0,4.7,5.3,14,0,0,2
28,107,19.5,0,4.3,3.7,0,0,0,2
28,113,81,0.3,5.6,24.4,5.6,0,0,3
28,114,23,1.7,3.4,2.5,3.4,0,0,2
28,123,35,1.5,0.4,4.1,11,0,0,3
28,125,1,0.1,0,0.1,0.2,0,0,1
28,126,44,0,1.9,10.2,3.5,0,0,1
28,127,34,0,2.8,3.8,7.6,0,0,3
29,1,2,0,0.2,0.1,0.7,0,0,1
29,23,2,0,0.1,0.2,0.6,0,0,1
29,25,4,0,0.2,0.5,1.1,0,0,1
29,32,2,0,0.2,0.2,0.4,0,0,1
29,37,13,0,0.4,1.6,2.8,0,0,1
29,42,7,0,0.2,0.9,1.5,0,0,2
29,46,2,0.1,0.2,0.2,0.4,0,0,1
29,47,9.5,0.6,0.9,0.9,1.9,0,0,2
29,48,17,1,1.6,1.6,3.4,0,0,2
29,55,3,0,0.2,0.2,1.3,0,0,1
29,58,2,0,0.3,0.1,0.7,0,0,1
29,59,2,0,0.3,0.1,0.7,0,0,1
29,69,2,0,0.2,0.1,0.7,0,0,1
29,70,9,0,0.9,0.3,3.2,0,0,1
29,74,285,81.2,41.4,1.2,0,0,111,1
29,75,40.5,0.9,11.6,5.6,0,0,0,1
29,77,4,0.2,0.5,0.7,0.3,0,0,1
29,78,8,0.4,1,1.5,0.5,0,0,1
29,85,4,0,0.9,0.6,0.1,0,0,1
29,86,12,0,1.7,0.8,1.6,0,0,2
29,87,4,0,0.6,0.3,0.5,0,0,1
29,91,4,0,0.3,0.4,1.2,0,0,1
29,92,24,0,3,5,3,0,0,0
29,100,17,0,1.1,1.2,4.7,0,0,1
29,101,18,1.3,1.7,0.8,4.6,0,0,3
29,104,2,0.1,0,0.3,0.6,0,0,1
29,109,27,0.7,1.7,2.9,6.5,0,0,3
29,127,14,0,1.1,1.6,3.1,0,0,3
30,8,5,0.2,0.5,0.8,0.7,0,0.7,1
30,9,3,0.1,0.3,0.5,0.4,0,0.4,1
30,12,7,0.2,0.9,0,2.1,0,0,2
30,16,12,0.9,0.6,1.3,3.5,0,0.6,1
30,23,9,0,0.4,1.1,2.5,0,0,1
30,24,5,0,0.2,0.6,1.4,0,0,1
30,31,32.5,0.6,3.4,2.3,6.4,0,0,4
30,35,13,0.9,0.4,0.5,5,0,0,1
30,37,3,0,0.1,0.4,0.6,0,0,1
30,44,2,0,0.3,0.2,0.6,0,0,1
30,45,4,0,0.5,0.4,1.2,0,0,1
30,46,4,0.1,0.7,0,1.1,0,0.2,1
30,47,26,0.4,4.5,0.2,7,0,1.3,2
30,48,64,2.7,8,3.9,15.4,0,1.1,4
30,58,2,0,0.3,0.1,0.7,0,0,1
30,59,1,0,0.1,0,0.4,0,0,1
30,70,1,0,0.1,0,0.4,0,0,1
30,72,4,0,0.7,1,0,0,0,1
30,73,43,2.8,6.2,9,1.1,0,0,2
30,74,208.5,50.8,28.2,12.2,3,0,30,1
30,75,109,2.2,45.7,3.8,2.5,0,12,1
30,76,186,32.9,20,29.2,1.1,0,6,1
30,77,156.5,1,19,42,1,0,0,0
30,78,52,2.1,4.2,11.2,3.6,0,0,2
30,79,21,2.6,5.1,1.5,1,0,0,2
30,80,23,2.3,4.6,2.5,1.3,0,0,3
30,81,9,0.2,1,2.2,0.4,0,0,1
30,83,17,0,2.1,3.6,0,0.1,0,1
30,84,40,0,5.2,8.2,0.1,0.3,0,3
30,85,116.5,0,15.3,28.6,0.7,0.3,10,2
30,86,99.5,2.3,15.3,8.9,17,0,0,3
30,87,49.5,2,2.9,4,7.7,0,0,1
30,99,44,3.1,0.9,5.2,11.1,0,0,1
30,100,72,4.6,13.9,6.8,5.8,0,0,2
30,101,17,1.1,3.1,1.4,2.2,0,0,2
31,10,8,0.3,0.8,1.3,1.1,0,1.1,1
31,16,1,0.1,0,0.1,0.3,0,0.1,1
31,19,25,2,1.2,2.6,7.4,0,1.3,4
31,44,9,0,1.2,0.8,2.8,0,0,2
31,45,2,0,0.3,0.2,0.6,0,0,1
31,47,7,0.2,1.2,0,1.9,0,0.4,2
31,48,32,0.7,5.2,1,9.1,0,1,4
31,49,32,1.1,4.5,2.3,9.6,0,0,3
31,55,2,0,0.2,0.2,0.8,0,0,1
31,69,132.5,0,33.7,16.1,1,0,0,2
31,71,5,0,0.9,1.2,0,0,0,2
31,72,38,0.4,6.8,8.9,0.3,0,0,3
31,73,182,8.2,28.5,36.9,0.2,0,0,1
31,74,251,27,68,25,4,0,2,0
31,75,259,44,81,13,4,0,32,0
31,76,240.5,38,26,31,15,0,0,0
31,77,159,29.1,16,9,25.4,0,0,1
31,78,62,7.8,7.1,5.5,12.8,0,0,2
31,79,87,6.8,19.5,8.7,3.9,0,0,3
31,80,32,4,7.7,2.3,1.6,0,0,3
31,81,35,0.7,3.9,8.4,1.6,0,0,4
31,82,12,0.2,1.3,2.9,0.6,0,0,3
31,83,106.5,0.7,13.8,30.1,1.6,0,5,3
31,84,137,0,9.6,35.5,0,0.1,0,2
31,85,14,0,1.7,3,0,0.1,0,2
31,86,10,0.3,1.8,1.1,1.4,0,0,2
31,87,102,4.3,8.6,10,25.2,0,4,1
31,99,2,0,0.6,0.2,0,0,0,1
31,100,196.5,0.3,92.1,10.4,0.3,0,17,2
31,101,50,1.9,11.5,3.1,1.9,0,0,2
31,102,26,1.7,4.7,2.1,3.4,0,0,3
32,7,42,0.1,3.2,3.3,14.3,0,1.3,1
32,8,6,0.2,0.6,1,0.8,0,0.8,2
32,34,15.5,1.1,0.5,0.6,6,0,0,2
32,40,9.5,0,0.2,1.2,2.1,0,0,2
32,44,15,0,1.9,1.5,4.6,0,0,3
32,48,1,0,0.1,0.1,0.3,0,0,1
32,51,29,0,0,1.9,11.6,0,0,1
32,52,1,0,0,0.1,0.4,0,0,1
32,54,4,0,0.4,0.4,1.6,0,0,2
32,58,2,0,0.2,0,0.8,0,0,2
32,61,36,0,2.6,2.2,11.9,0,0,2
32,66,1,0,0.1,0,0.4,0,0,1
32,69,30.5,0,9.3,3.9,0,0,0,2
32,72,35,0.4,6.2,8.3,0.2,0,0,3
32,73,173,15,38,21,3,0,4,0
32,74,453,4.8,42.3,74.2,136.5,2,53,1
32,75,652.5,46,55,55,216,1,37,0
32,76,203,14.1,10.5,45.5,35.7,0,16,1
32,77,95,10.5,5.3,5.3,28.3,0,0,1
32,78,180,27.3,21.5,27.1,3.1,0,16,1
32,79,133.5,46,6.9,0.6,0.4,0,45,1
32,87,34,3.2,6.1,0.7,3.8,0,0,1
32,95,1,0,0.1,0.1,0.3,0,0,1
32,96,21,3,3,1,4,0,0,2
32,101,4,0.3,0.7,0.3,0.5,0,0,1
32,102,125.5,8,1,6,59,0,0,0
32,103,6,0.4,0.6,0.2,1.6,0,0,1
32,104,6.5,0.5,0.6,0.2,1.7,0,0,1
32,110,19,0.4,1.2,2.1,4.5,0,0,3
32,119,11,1.1,0.3,0.8,2.2,0,0,1
33,7,47,4.5,5,1.8,11.3,1,0,3
33,8,3,0.5,0,0.2,0.6,0,0,1
33,10,3,0.1,0.4,0,0.9,0,0,1
33,22,1,0,0.1,0.1,0.3,0,0,1
33,29,8,0,0.3,0.6,2.6,0,0,1
33,30,12,0,0.5,1,3.8,0,0,1
33,33,65,1.6,7.8,4.6,20.6,0,0.5,2
33,34,42,3.9,4.4,2.8,13.7,1,1.9,3
33,35,72,3.5,13,9.4,14.1,0,7.4,2
33,36,37,0,3,21.9,0,0,0.9,2
33,40,38,0,1,3,13,0,0,0
33,51,20,0,2,1,8,0,0,0
33,53,2,0,0,0.1,0.7,0,0,1
33,55,6,0.2,0.2,0.3,2.5,0,0,2
33,56,1,0,0.1,0.2,0.2,0,0,1
33,61,9,0.2,1.7,1,1.3,0,0,1
33,68,9,0.1,1.7,1.9,0,0,0,2
33,71,64,1,11.6,12,0.2,0,4,2
33,72,105.5,8.1,14.4,20.4,0,1,8,1
33,73,168.5,12,44.1,26.9,19.2,0,0,2
33,74,713,18,33,98,293,0,23,0
33,75,329.5,30.9,18.9,26.5,115.5,0,13.5,1
33,76,22,0.9,4.2,3.4,3.4,0,0,2
33,77,2,0.1,0.4,0.3,0.3,0,0,1
33,78,2,0.1,0.2,0.2,0.3,0,0,1
33,84,22,0.6,0.6,1.2,5.5,0,0,2
33,90,5,0.2,0.8,1,0.8,0,0,1
33,91,2,0,0.2,0.1,0.5,0,0,1
33,93,15,0.3,2.1,0.8,3,0,0,2
33,94,3,0.1,0.9,0.3,0.1,0,0,1
33,102,93.5,3,2.7,1.7,43.1,0,0,2
33,103,4,0.2,0.4,0.1,1.1,0,0,1
33,118,2,0.2,0.2,0.2,0.4,0,0,2
33,119,46,3.4,2.7,1.9,14.6,0,0,2
33,124,2,0.2,0,0.2,0.4,0,0,1
33,125,5,0.5,0.1,0.4,1,0,0,1
34,16,2,0,0.1,0.2,0.6,0,0,1
34,33,28,1.6,2.3,4.6,4.5,0,1.5,3
34,34,2,0.1,0.2,0.3,0.3,0,0.1,1
34,35,49,2.8,3.8,8.2,7.9,0,2.6,4
34,36,30,0,2.1,9,0,0,2.1,3
34,40,30.5,0,2.1,0,11.5,0,0,1
34,41,7,0,0.9,0.9,1.5,0,0,1
34,47,2,0,0.2,0.2,0.8,0,0,1
34,51,1,0,0,0,0.4,0,0,1
34,52,17,0,0,0.9,5.9,0,0,3
34,55,38,1.7,1.7,1.8,15.5,0,0,4
34,56,8,0.5,0.5,1.5,1.5,0,0,1
34,57,8,0.5,0.5,1.5,1.5,0,0,1
34,58,15,0.9,1,2.8,2.8,0,0,1
34,66,3,0,0.6,0.6,0,0,0,1
34,67,5,0.1,0.9,1,0,0,0,1
34,69,20.5,0.6,4.5,2.7,0.4,0,0,4
34,70,27,0.9,5.7,3.7,0.5,0,0,3
34,71,41,2,8.4,7.7,0.3,0,0,4
34,72,138,5.4,46.6,13.5,2.1,0,0,1
34,73,132,5.7,33.7,12.3,7.3,0,33.4,2
34,74,164,5.3,30.3,24.4,5.5,0,12.5,2
34,75,73,7.5,11.6,10.7,2.4,0,0.4,1
34,76,1,0,0.2,0.2,0.1,0,0,1
34,90,25,0.8,4.2,5,4.2,0,0,4
34,91,26,0.6,2.6,1,6.2,0,0,2
34,93,12,0.2,3.7,1.1,0.4,0,0,2
34,94,58,0.2,5.7,7.2,14.4,0,5,2
34,100,27,0.7,3.6,1.2,4.9,0,0,2
34,101,22,1.2,2,0.7,5.9,0,0,2
34,102,10,0.5,0.9,0.4,2.7,0,0,1
34,103,1,0,0.1,0,0.3,0,0,1
34,111,2,0.1,0.1,0,0.7,0,0,1
34,115,4,0.2,0.2,0.1,1.4,0,0,1
35,0,9,0,0.8,0.5,3.1,0,0,2
35,1,4,0,0.3,0.3,1.4,0,0,1
35,24,1,0,0.1,0.1,0.3,0,0,1
35,25,7,0.3,0.4,0.6,2.1,0,0,2
35,40,2,0,0.1,0,0.8,0,0,1
35,41,16,0,2.1,2.1,3.5,0,0,1
35,48,9,0,0.7,0.7,3.8,0,0,1
35,49,5,0,0.4,0.4,2.1,0,0,1
35,51,9,0,0,0.5,3.1,0,0,1
35,59,2,0.1,0.2,0,0.5,0,0,1
35,60,3,0.2,0.2,0.1,0.7,0,0,1
35,65,8,0.2,1.5,0.9,1.2,0,0,2
35,66,88.5,3.3,10.7,19.3,1.6,0,0,4
35,67,81.5,3.5,11.9,17.5,1.6,0,0,3
35,68,68,1.5,8.9,15,1,0,0,3
35,69,5,0.2,1,0.8,0,0,0,3
35,72,99.5,0.6,8.5,32.2,0.1,0,20,1
35,73,4,0.3,0.6,0.7,0.2,0,0.2,2
35,74,13,1.2,0.9,1.1,2.7,0,0.7,2
35,75,5,0.5,0.6,0.7,0.4,0,0.4,1
35,76,1,0,0.2,0.2,0.1,0,0,1
35,77,1,0.1,0.2,0.1,0.3,0,0,1
35,93,19,0.3,5.9,1.8,0.6,0,0,1
35,94,15,0.2,4.7,1.4,0.5,0,0,1
35,96,8,0.2,1.1,0.4,1.4,0,0,1
35,100,2,0,0.2,0.2,0.4,0,0,2
35,106,2,0.1,0.1,0,0.7,0,0,1
35,107,2,0.1,0.1,0,0.7,0,0,1
35,110,7,0.3,0.4,0.1,2.5,0,0,1
35,111,4,0.2,0.2,0.1,1.4,0,0,1
35,112,4,0.2,0.2,0.1,1.4,0,0,1
35,115,5,0.2,0.3,0.1,1.8,0,0,1
35,116,6,0.3,0.6,0.9,1.3,0,0,2
36,2,3,0,0.3,0.2,1,0,0,1
36,4,5,0,0.4,0.3,1.7,0,0,1
36,11,6,0.3,0.7,0,1.8,0,0,2
36,12,2,0.1,0.2,0,0.6,0,0,1
36,20,1,0,0,0.1,0.3,0,0,1
36,21,28,1.4,1.5,2.3,8.4,0,0,3
36,38,10,0,0.7,0,3.7,0,0,2
36,43,2,0.1,0.2,0.3,0.5,0,0,1
36,54,1,0,0,0,0.4,0,0,1
36,55,10,0,0,0.5,3.5,0,0,1
36,60,34,2.6,2.7,0.8,7.8,0,0,2
36,61,4,0.1,0.7,0.5,0.6,0,0,1
36,63,2,0,0.4,0.2,0.3,0,0,1
36,65,82,3.3,6.6,4.1,28.3,0,0,2
36,66,102,11.3,5.4,4.1,27.1,0,2,2
36,67,120,2.5,17.8,32.3,0.3,0,0,1
36,68,18,0.9,1.5,4.1,0.5,0,0,2
36,69,4,0.1,0.9,0.5,0.1,0,0,1
36,71,1,0.1,0,0,0.4,0,0,1
36,73,5,0.4,0,0,2,0,0,1
36,74,12,1,0,0,4.7,0,0,1
36,76,7,0.7,1.3,0.4,2.3,0,0,3
36,77,8,0.8,1.5,0.3,2.7,0,0,2
36,85,14,0.4,0.4,0.7,3.5,0,0,2
36,86,31,0.9,4.5,3.7,4.5,1,0,3
36,110,2,0.1,0.1,0,0.7,0,0,1
36,111,1,0,0.1,0,0.4,0,0,1
36,116,4,0.2,0.4,0.6,0.9,0,0,1
37,2,2,0,0.2,0.1,0.7,0,0,1
37,7,8,0.4,0.9,0,2.4,0,0,2
37,34,6,0.3,0.5,1,1,0,0.3,2
37,43,8,0.4,0.8,1.2,2,0,0,1
37,44,10,0.5,1,1.5,2.5,0,0,1
37,48,1,0,0.1,0.1,0.4,0,0,1
37,64,53,2.5,9,2.8,9.3,0,0,3
37,65,22,0.7,4.1,2.5,3,0,0,3
37,66,17,0.8,1.4,3.8,0.5,0,0,2
37,67,59.5,1.1,20.9,4.9,0.6,0,0,1
37,77,5,0.5,1,0.3,1.6,0,0,2
37,78,2,0.1,0.2,0.2,0.3,0,0,1
37,79,7,0.5,0.5,0.7,1.1,0,0,2
37,80,17,1.2,1.3,1.8,2.4,0,0,2
37,88,3,0.1,0.4,0.4,0.4,0.1,0,1
37,93,4,0.1,0.4,0.2,0.9,0,0,1
37,94,6,0.1,0.6,0.3,1.4,0,0,2
37,97,5,0.1,0.7,0.2,0.9,0,0,1
37,98,2,0,0.3,0.1,0.4,0,0,1
37,106,8,0.4,0.4,0.2,2.8,0,0,2
37,113,10,0.4,0.6,0.2,3.5,0,0,1
37,120,2,0.1,0.2,0.3,0.4,0,0,1
37,121,2,0.2,0,0.2,0.4,0,0,1
37,122,4,0.4,0.1,0.3,0.8,0,0,1
38,18,3,0.1,0.1,0.3,0.7,0,0,1
38,34,2,0.2,0,0.2,0.6,0,0,2
38,35,29,2,1.3,2.1,8.1,0,0,3
38,36,4,0.3,0.6,0.3,0.8,0,0,1
38,37,1,0.1,0.1,0.1,0.2,0,0,1
38,38,2,0.1,0.3,0.2,0.4,0,0,1
38,40,3,0.2,0.3,0.4,0.5,0,0,1
38,41,6,0.3,0.5,0,2.5,0,0,1
38,43,3,0,0.1,0.2,0.9,0,0,1
38,44,25.5,0,0.8,1.6,7.8,0,0,1
38,48,9,0.3,0.6,0,3.9,0,0,1
38,49,3,0.1,0.2,0,1.3,0,0,1
38,56,1,0.1,0.1,0,0.3,0,0,1
38,64,13,0,1.9,2.3,0.6,0,0,3
38,65,38.5,0,5.3,7.1,1.6,0,0,4
38,66,29,0,9,3,0,0,0,2
38,72,17,0.8,1.8,2.5,1.6,0,0,2
38,73,2,0.1,0.2,0.3,0.2,0,0,1
38,77,2,0,0.2,0.4,0.2,0,0,1
38,87,4,0,0.3,0.5,1.3,0,0,1
38,88,1,0,0.1,0.1,0.3,0,0,1
38,91,4,0,0.3,0.5,1.3,0,0,1
38,96,4,0.2,0.2,0.4,1.4,0,0,2
38,101,10,0.4,0.4,1.3,3.3,0,0,1
38,106,1,0,0.1,0.1,0.4,0,0,1
38,119,11,0.2,1,0.3,3.3,0,0,2
38,121,13,0,0.2,0.2,5.8,0,0,2
38,122,18,0,0.2,0.4,7.9,0,0,2
38,125,10,0,0.1,0.2,4.4,0,0,1
39,2,7,0.1,0.1,0.7,1.9,0,0,1
39,10,19,0.4,0.7,1.9,5.5,0,0,3
39,15,7,0.1,0.3,0.7,2,0,0,1
39,21,3,0.1,0.1,0.3,0.7,0,0,1
39,31,4.5,0.2,0.4,0.6,0.9,0,0,1
39,32,12,0.5,1.1,1.5,2.5,0,0,2
39,35,21,1.5,0.9,1.5,5.9,0,0,1
39,36,30,2,4.6,2.1,6.1,0,0,3
39,37,18,1.3,2.7,1.3,3.6,0,0,3
39,40,3,0.2,0.3,0.4,0.5,0,0,1
39,41,1,0,0.1,0,0.4,0,0,1
39,46,2,0.1,0.1,0,0.9,0,0,1
39,53,1,0,0.1,0.1,0.2,0,0,1
39,58,2,0.1,0.2,0,0.6,0.1,0,1
39,64,11,0,1.5,2,0.5,0,0,1
39,65,26,0,3.6,4.8,1.1,0,0,2
39,72,59.5,3.4,6.3,10.7,2.8,0,0,1
39,73,36,2.3,5.6,2.9,5.6,0,0,1
39,108,2,0.1,0.1,0.2,0.8,0,0,1
39,115,2,0,0,0.1,0.9,0,0,1
39,122,5,0,0.1,0.1,2.2,0,0,1
40,5,2,0,0,0.2,0.6,0,0,1
40,23,6,0.1,0.2,0.6,1.5,0,0,2
40,26,10,0,1.3,0.2,3.2,0,0,2
40,29,1,0,0.2,0,0.3,0,0,1
40,30,3,0,0.5,0,0.9,0,0,2
40,32,7,0.3,0.6,0.9,1.5,0,0,2
40,35,19,1.3,0.8,1.3,5.4,0,0,1
40,36,102,2.9,7.4,8.2,32.2,0,1,3
40,37,3,0.2,0.3,0.4,0.5,0,0,1
40,44,4,0,0.1,0.3,1.2,0,0,1
40,46,3,0.1,0.2,0,1.3,0,0,1
40,47,1,0,0.1,0,0.4,0,0,1
40,53,4,0.2,0.3,0.5,0.8,0,0,1
40,56,4,0.3,0.4,0,1.2,0.2,0,1
40,57,5,0.4,0.5,0,1.5,0.2,0,1
40,58,7,0.6,0.6,0,2.2,0.3,0,1
40,70,5,0,1.1,0.8,0.6,0,0,1
40,71,22,0,3.2,5,0,0,0,1
40,72,55,3.4,8.3,8.9,3.9,0,0,2
40,73,312,13,34,36,63,1,17,0
40,74,7,0,0.9,1.5,0.2,0,0,1
40,76,4,0,0.5,0.7,0.4,0,0,1
40,79,43,0.4,4.8,7.8,3.9,0.2,0,4
40,80,54,0.4,6,9.8,5,0.2,0,2
40,91,11,0,1,1.2,3.4,0,0,2
40,94,5,0,0.4,0.6,1.6,0,0,1
40,95,5,0,0.4,0.6,1.6,0,0,1
40,96,1,0,0.1,0.1,0.3,0,0,1
40,101,8,0.3,0.3,1,2.7,0,0,1
40,106,1,0,0.1,0.1,0.4,0,0,1
40,107,14,0.7,0.8,1.5,5.5,0,0,2
40,111,7,0,0.2,0.2,3.1,0,0,1
40,114,12,0,0.3,0.4,5.3,0,0,2
40,116,6,0.1,0.5,0.2,1.8,0,0,2
40,118,1,0,0.1,0,0.3,0,0,1
40,122,11,0,0.1,0.2,4.8,0,0,3
41,3,2,0,0,0.2,0.6,0,0,1
41,4,16,0.2,0.3,1.6,4.2,0,0,2
41,12,3,0,0.1,0.3,0.9,0,0,1
41,13,20,0.4,0.7,1.9,5.8,0,0,2
41,23,16,0.3,0.6,1.5,3.9,0,0,2
41,29,11,0,1.5,0.2,3.5,0,0,2
41,30,6,0,0.8,0.1,1.9,0,0,1
41,36,4,0.3,0.3,0.5,0.7,0,0,1
41,37,3,0.2,0.3,0.4,0.5,0,0,1
41,47,5,0.2,0.3,0,2.2,0,0,1
41,58,1,0.1,0.1,0,0.3,0,0,1
41,63,15,0,2,2.8,0.7,0,0,2
41,64,11,0,1.6,1.9,0.5,0,0,3
41,71,32,0,7,6,0,0,0,0
41,72,61,0,18,8,0,0,7,0
41,73,202,2,17.3,49.2,2.3,0,15,1
41,78,14,0.1,1.5,2.6,1.3,0.1,0,1
41,79,156,4.1,9.7,19,42.5,0.1,5,2
41,80,154,3.4,7.5,18.5,42.9,0.2,0,2
41,81,10,0.2,0.3,1.5,2.2,0,0,1
41,95,4,0,0.3,0.5,1.3,0,0,1
41,96,1,0,0.1,0.1,0.3,0,0,1
41,107,1,0.1,0.1,0,0.3,0,0,1
41,108,14,1.2,1.8,0.6,3.7,0,0,1
41,116,2,0,0.2,0.1,0.6,0,0,1
41,118,8,0.2,0.7,0.2,2.4,0,0,1
41,120,12,0.2,1.2,0.3,3.6,0,0,3
41,127,8,0.2,0.6,0.4,2.6,0,0,2
42,4,2,0,0,0.2,0.6,0,0,1
42,6,3,0,0.1,0.3,0.9,0,0,1
42,18,4,0.1,0.1,0.4,1,0,0,1
42,29,5,0,0.7,0.1,1.6,0,0,1
42,30,2,0,0.3,0,0.6,0,0,1
42,44,15,0.7,1.4,0,6.1,0,0,1
42,46,3,0.1,0.2,0,1.3,0,0,1
42,47,1,0,0.1,0,0.4,0,0,1
42,50,3,0.1,0.2,0,1.3,0,0,1
42,51,2,0.1,0.1,0.3,0.4,0,0,1
42,52,19,0.8,1.2,2.4,4.1,0,0,2
42,58,3,0.2,0.3,0,0.9,0.1,0,2
42,67,1,0,0.2,0.2,0.1,0,0,1
42,68,4,0,0.8,0.7,0.5,0,0,2
42,69,14,0,2.9,2.3,1.8,0,0,3
42,72,5,0,0.7,1.2,0,0,0,1
42,73,48,0,8.7,9.7,0.4,0,0,2
42,78,22,0.2,2.4,4,2,0.2,0,2
42,79,91.5,1,4.1,23.6,0.9,0,0,2
42,80,83,1.3,7.4,11.6,13.8,0.2,0,2
42,86,1,0,0.1,0.1,0.3,0,0,1
42,107,4,0.4,0.5,0.1,1.1,0,0,2
42,108,4,0.4,0.5,0.2,1,0,0,1
42,111,4,0,0.1,0.1,1.8,0,0,1
42,113,3,0,0,0.1,1.4,0,0,2
42,115,6,0,0.2,0.2,2.6,0,0,2
42,120,6,0.2,0.4,0.2,1.8,0,0,2
42,127,2,0.1,0.1,0.1,0.6,0,0,1
43,22,5,0.1,0.2,0.5,1.2,0,0,1
43,29,1,0,0.1,0.1,0.3,0,0,1
43,32,4,0,0.3,0.8,0.6,0,0,1
43,33,5,0,0.4,1,0.8,0,0,1
43,35,6,0,0.4,1.2,1,0,0,1
43,41,1,0,0,0,0.5,0,0,1
43,44,13,0.3,1.8,1.1,2.8,0,0,1
43,45,3,0,0.5,0.3,0.6,0,0,2
43,58,19,0.4,0.4,2.1,4.5,0,0,2
43,62,1,0,0,0.2,0.2,0,0,1
43,67,1,0.1,0,0.2,0.3,0,0,1
43,79,78,0,12.8,16.9,1.1,0,6,3
43,80,63,0,11.5,12,0.8,0,0,3
43,93,2,0.1,0.2,0.2,0.5,0,0,1
43,97,12,0,1.6,0,4.9,0,0,2
43,98,2,0,0.3,0,0.8,0,0,1
43,100,14,0.9,0.9,0.3,4.2,0,0,1
43,111,12,0,0.7,0.5,4,0,0,3
43,115,11,0,0.7,0.4,3.6,0,0,2
43,116,2,0.1,0,0.1,0.9,0,0,1
43,118,6,0.1,0.2,0.5,2.7,0,0,2
43,120,2,0,0.1,0.2,0.9,0,0,1
43,126,4,0.1,0.3,0.2,1.3,0,0,1
43,127,4,0.1,0.3,0.2,1.3,0,0,1
44,0,3,0,0.1,0.3,0.8,0,0,1
44,5,7,0,0.2,0.7,1.9,0,0,2
44,6,14,0.5,1.7,1.4,2.7,0,0,4
44,22,16,0.3,0.6,1.5,3.9,0,0,1
44,29,19,0,2.4,1.8,4.7,0,0,2
44,30,6,0,0.7,0.6,1.5,0,0,1
44,31,32,0,2.4,6.4,5.1,0,0,3
44,32,4,0,0.3,0.8,0.6,0,0,2
44,41,18,0,0.9,0,8.5,0,0,3
44,42,2,0,0.1,0,0.9,0,0,1
44,46,4,0.2,0.3,0.5,0.8,0,0,1
44,47,1,0,0.1,0.1,0.2,0,0,1
44,58,2,0,0.1,0.2,0.5,0,0,1
44,73,3,0,0.4,0.4,0.5,0,0,1
44,75,4,0,0.5,0.5,0.8,0,0,1
44,80,3,0,0.5,0.6,0.1,0,0,1
44,83,4,0.1,0.1,0.6,0.9,0,0,1
44,84,4,0.1,0.1,0.6,0.9,0,0,1
44,86,5,0,0.4,0.6,1.1,0,0,1
44,88,1,0,0.1,0.1,0.2,0,0,1
44,89,2,0,0.2,0.2,0.5,0,0,1
44,90,34,0,2.7,4.2,7.6,0,0,4
44,93,1,0,0.1,0.1,0.3,0,0,1
44,105,7,0,0.5,0.5,2.1,0,0,2
44,108,10,0,1.4,0.4,3,0,0,3
44,112,3,0,0.2,0.1,1,0,0,1
44,116,4,0.2,0,0.3,1.8,0,0,1
44,117,34,1.5,0,2.8,15.1,0,0,4
44,118,11,0.4,0.1,1,4.9,0,0,2
44,122,3,0.1,0.1,0.2,1.2,0,0,1
44,126,12,0.3,1,0.5,3.9,0,0,3
45,3,5,0.1,0.1,0.5,1.3,0,0,1
45,6,2,0.1,0.2,0.2,0.4,0,0,1
45,8,2,0.1,0.2,0.2,0.4,0,0,1
45,10,6,0.2,0.8,0.6,1.1,0,0,1
45,11,14.5,0,1.7,1.2,3.2,0.2,0,1
45,30,3,0,0.4,0.3,0.7,0,0,1
45,31,51,5.1,2.8,3.1,12.1,0,0,2
45,32,1,0,0.2,0.1,0.2,0,0,1
45,45,9,0.2,1.2,0.7,2,0,0,1
45,48,5,0.2,0.3,0.7,1,0,0,2
45,52,7,0,0.8,0.6,2.1,0,0,2
45,53,13,0,1.6,1,3.9,0,0,3
45,58,16,0.3,0.3,1.7,3.9,0,0,3
45,61,5,0,0.2,0.8,1.1,0,0,1
45,64,13,0,1.2,1.4,3.3,0,0,1
45,65,68.5,2,3.8,5.3,20.4,0,0,2
45,70,7,0.6,0,1.4,2.1,0,0,2
45,74,4,0,0.5,0.5,0.7,0,0,2
45,75,23,0,2.8,2.9,4.3,0,0,3
45,82,3,0.1,0.1,0.4,0.7,0,0,1
45,83,2,0,0.1,0.3,0.4,0,0,1
45,93,1,0,0.1,0.1,0.3,0,0,1
45,98,18,0.3,1.9,0.5,5.2,0,0,2
45,99,8,0.4,0.5,0.2,2.4,0,0,2
45,100,3,0.2,0.2,0,0.9,0,0,1
45,102,3,0,0.2,0.2,0.9,0,0,1
45,104,7,0,0.5,0.5,2.1,0,0,1
45,105,6,0,0.4,0.4,1.9,0,0,1
45,112,10,0,0.6,0.4,3.3,0,0,1
45,113,2,0,0.1,0.1,0.7,0,0,1
45,117,18,0.8,0.1,1.6,7.9,0,0,2
45,123,1,0,0,0.1,0.4,0,0,1
45,124,9,0.3,0.4,0.5,3.7,0,0,2
45,125,1,0,0,0.1,0.4,0,0,1
45,126,4,0.2,0.2,0.2,1.2,0,0,2
46,5,11,0,0.3,1.1,3,0,0,3
46,6,4,0.1,0.5,0.4,0.8,0,0,1
46,11,5,0,0.6,0.4,1.1,0.1,0,1
46,13,35,1,3.5,1.3,7.9,0,0,1
46,18,4,0.1,0.8,0.6,0.1,0,0,1
46,31,26.5,1.2,4.2,3,4.1,0,0,2
46,32,14,0.6,2.2,1.6,2.2,0,0,1
46,43,1,0,0.2,0.1,0.2,0,0,1
46,46,8,0.3,0.5,1.1,1.7,0,0,2
46,50,3,0.1,0.2,0.4,0.6,0,0,1
46,53,1,0,0.1,0.1,0.3,0,0,1
46,55,7,0,0.9,0.5,2.1,0,0,2
46,58,6,0.1,0.1,0.7,1.4,0,0,1
46,61,9,0,0.4,1.4,2,0,0,2
46,64,2,0,0.2,0.2,0.5,0,0,1
46,65,25,0,2.3,2.7,6.4,0,0,2
46,70,15.5,1.2,0,3.1,4.8,0,0,3
46,71,6,0,0.7,0.8,1.2,0,0,2
46,75,8,0,1,1,1.5,0,0,2
46,87,16,0,1.5,1.1,6.4,0,0,2
46,88,9,0,0.8,0.6,3.6,0,0,1
46,94,3,0.1,0.4,0.3,0.8,0,0,1
46,95,5.5,0.2,0.7,0.5,1.5,0,0,1
46,97,18,0.5,1.4,1,3.4,0,0,1
46,98,8,0.2,0.7,0.4,1.5,0,0,1
46,99,11,0.7,0.7,0.2,3.3,0,0,1
46,100,11,0.6,0.7,0.3,3.3,0,0,2
46,109,8,0,1,0.4,2.4,0,0,1
46,112,2,0,0.1,0.1,0.7,0,0,1
46,113,9,0,0.6,0.4,2.9,0,0,1
46,119,3,0,0.2,0.3,1.3,0,0,2
46,121,4,0.2,0.2,0.2,1.6,0,0,1
46,124,2,0.1,0.1,0.1,0.8,0,0,1
46,126,2,0.1,0.1,0.1,0.6,0,0,1
47,10,3,0.1,0.4,0.3,0.6,0,0,1
47,11,2,0,0.2,0.2,0.5,0,0,1
47,12,31,0,3.5,4.3,4.9,0,0,1
47,13,23,0,2.7,1.9,5.1,0.4,0,2
47,15,7,0,0.9,0.5,1.6,0,0,2
47,19,31,0.5,6.2,5,0.4,0,0,2
47,20,34,0.5,6.9,5.4,0.5,0,0,3
47,26,3,0,0.4,0.3,0.7,0,0,1
47,36,6,0.1,0.8,0.5,1.3,0,0,2
47,37,2,0,0.3,0.2,0.4,0,0,1
47,40,3,0.1,0.4,0.2,0.7,0,0,1
47,52,8,0,1,0.6,2.4,0,0,1
47,53,4,0,0.5,0.3,1.2,0,0,1
47,59,11,0.2,0.2,1.2,2.7,0,0,1
47,67,2,0.2,0,0.4,0.6,0,0,1
47,79,2,0,0.3,0.4,0.1,0,0,1
47,81,4,0.1,0.1,0.6,0.9,0,0,1
47,82,2,0,0.1,0.3,0.4,0,0,1
47,85,11,0.2,0.4,1.6,2.4,0,0,3
47,87,16,0,1.5,1.1,6.3,0,0,1
47,88,2,0,0.2,0.1,0.8,0,0,1
47,90,7,0,0.6,0.8,1.6,0,0,2
47,91,18,0.5,2.3,1.8,4.8,0,0,3
47,98,1,0,0.1,0.1,0.2,0,0,1
47,102,1,0,0,0.1,0.3,0,0,1
47,103,3,0,0.2,0.2,0.9,0,0,1
47,104,2,0,0.1,0.2,0.6,0,0,1
47,109,5,0,0.7,0.2,1.5,0,0,1
47,116,1,0,0.1,0.1,0.4,0,0,1
47,119,7,0,0.4,0.7,3.1,0,0,1
47,124,2,0.1,0.1,0.1,0.8,0,0,1
48,0,2,0,0.1,0.1,0.7,0,0,1
48,10,2,0,0,0.1,0.8,0,0,1
48,12,3,0.1,0.3,0.6,0.3,0,0,1
48,13,10,0.3,0.9,2,1,0,0,2
48,15,12,0.4,1.1,2.3,1.3,0,0,2
48,16,28.5,0.3,6,4.9,0.3,0,0,2
48,18,8,0.6,0.9,1.1,0.6,0,0,2
48,19,213,75.5,14.5,14,4.5,0,27,1
48,20,224,54.3,47.5,18.5,0.3,0,58,1
48,21,73.5,4.3,11.2,9.7,3.1,0,0,3
48,22,5,0.5,0.8,0.5,0.3,0,0,1
48,25,10,0.6,3.7,0.7,0.3,0,0,2
48,26,215.5,10,21,37,23,2,0,0
48,27,71,0,6.5,18.8,3.3,0,0,3
48,36,36.5,1.3,2.5,2.6,8.4,0.7,0,4
48,37,20,0.7,1.4,1.4,4.6,0.3,0,3
48,43,3,0.2,0,0.4,0.7,0,0,1
48,53,1,0,0.1,0.3,0.1,0,0.1,1
48,54,2,0.1,0.1,0.5,0.1,0,0,1
48,55,16,1.1,0.6,3.8,0.5,0,0,2
48,56,20.5,0.3,2.2,1.9,5.8,0,0,3
48,66,5,0,0.6,0.3,1.3,0,0,1
48,67,14,0,1.7,0.9,3.7,0,0,1
48,77,25,0.5,2,6.4,1.3,0.7,0,4
48,80,6,0,0.3,0.5,3,0,0,1
48,96,18,0.6,0.6,2.3,4.6,0,0,3
48,97,4,0.1,0.1,0.5,1.1,0,0,1
48,108,13,0,0.6,0.7,5.3,0,0.4,1
48,109,40,0,2,2,16.3,0,1.3,3
48,113,1,0,0,0.1,0.3,0,0,1
48,114,7,0,0.3,0.6,1.8,0,0,1
48,116,2,0,0.1,0.1,0.7,0,0,1
48,119,2,0,0.1,0.1,0.7,0,0,1
48,120,10,0,0.2,0.5,3.7,0,0,2
48,122,5,0,0.9,0.5,0.8,0,0,1
48,125,1,0,0.1,0.1,0.4,0,0,1
48,126,2,0,0.1,0.1,0.5,0,0,1
48,127,11,0.2,0.4,0.5,2.9,0,0,3
49,4,4,0,0.5,0.4,1.1,0,0,1
49,5,5,0,0.6,0.5,1.5,0,0,1
49,7,13,0,1.7,2.3,2.8,0,0,2
49,9,3,0,0.1,0.1,1.1,0,0,1
49,10,32,0,0.8,0.9,12.1,0,0,3
49,15,3,0.1,0.3,0.6,0.3,0,0,1
49,16,35,0.1,1.7,12.4,0,0,0,2
49,17,171,2.4,23.2,40.6,1.4,0,10,2
49,18,90.5,1.6,13,5,40.6,0,0,2
49,19,379,34,23,38,118,1,0,0
49,20,262,16,9,37,89,1,7,0
49,21,202.5,20,42,33,15,0,1,0
49,22,96,9.9,25.2,10.1,2.8,0,0,2
49,23,10,0.9,1.7,1,0.6,0,0,1
49,24,14.5,0.9,5.3,1,0.5,0,0,3
49,25,7,0.4,2.6,0.5,0.2,0,0,1
49,26,44,1,4.5,4.2,8.7,0,0,2
49,30,44,0,4.1,6.3,10.2,0,0,1
49,31,14,0,0.8,2.9,1.7,0,0,2
49,39,13,0,1,0.5,4.5,0,0,2
49,43,6,0.2,0.3,0,2.3,0,0,2
49,44,1,0.1,0,0.1,0.2,0,0,1
49,45,2,0.1,0,0.3,0.5,0,0,1
49,49,1,0,0.2,0.1,0.1,0,0,1
49,55,47,1.8,1.4,2.6,16.4,0,0,1
49,56,20,0.3,2.2,1.9,5.6,0,0,3
49,66,3,0,0.3,0.2,0.8,0,0,1
49,77,7,0.2,0.5,1.8,0.4,0.2,0,1
49,84,16.5,1.1,0.8,1.1,3.7,0,0,1
49,99,3,0.1,0.1,0.4,0.8,0,0,1
49,100,1,0,0.1,0.1,0.3,0,0,1
49,105,5,0.3,0.4,0.4,1.7,0,0,1
49,106,12,0.6,0.6,0.6,5.1,0,0,1
49,109,6,0,0.2,0.4,2.4,0,0.2,3
49,110,2,0,0.1,0.1,0.8,0,0.1,1
49,122,1,0,0.2,0.1,0.1,0,0,1
49,123,16,0,2,1.7,5.5,0,0,1
49,124,6,0,0.8,0.6,2,0,0,1
49,126,6,0.1,0.2,0.3,1.6,0,0,1
50,13,30,0.5,3.8,3.9,4.8,0.3,0,2
50,14,26,0.5,3,3.9,3.7,0.2,0,2
50,16,53,0.8,5.9,15.1,0.6,0,0,2
50,17,14,0.5,2.7,2.3,0.4,0,0,3
50,18,237,14,16,7,93,0,0,0
50,19,458.5,24.3,32.2,57.3,173.2,1,43,1
50,20,121,9.5,8.9,10.3,34.3,0,0,2
50,21,92,8.4,17.2,26,1.4,0,0,2
50,22,10,0.7,2.8,0.6,0.4,0,0,2
50,24,17,0.9,6.6,0.9,0.5,0,0,2
50,25,11,0.7,4,0.8,0.4,0,0,2
50,29,11,0,1.3,2.3,0.7,0,0,2
50,30,28,0.3,2.9,6.6,1.1,0,0,2
50,39,13,0,1,0.5,4.5,0,0,2
50,43,30,1.4,0.8,1.4,9.8,0,0,4
50,49,13,0.4,3.1,1,1.3,0,0.4,2
50,50,100,0.5,9.6,13.2,22.5,0,8.5,2
50,65,3,0.1,0.2,0.3,0.6,0,0,1
50,68,9,0,1.1,0.5,2.4,0,0,1
50,69,15,0,1.9,0.9,3.9,0,0,3
50,76,13,0.3,0.5,2.1,2.5,0.2,0,2
50,77,1,0,0.1,0.3,0,0,0,1
50,87,7,0,0.7,0,3.1,0,0,2
50,99,3,0.1,0.1,0.4,0.8,0,0,1
50,101,4,0.2,0.3,0.4,1.3,0,0,1
50,105,6,0.3,0.5,0.5,2,0,0,1
50,106,3,0.1,0.1,0.2,1.3,0,0,1
50,112,2,0,0.1,0.2,0.5,0,0,1
50,114,15,0,0.5,1.4,3.8,0,0,1
50,120,12,0,0.3,0.6,4.4,0,0,2
50,121,1,0,0.2,0.1,0.1,0,0,1
50,122,3,0,0.5,0.3,0.5,0,0,1
50,123,159,6,10,20.6,42,0,8,2
50,124,40,0.9,3.5,3.5,14,0,0,4
50,125,2,0.1,0.1,0.1,0.7,0,0,1
50,127,19,0.3,0.6,0.8,5.2,0,0,1
51,0,26,0,0.6,1.8,8.8,0,0,2
51,7,1,0,0.1,0.2,0.2,0,0,1
51,8,5,0,0.6,0.9,1.1,0,0,1
51,13,6,0,1,0.5,1.2,0.1,0,1
51,15,2,0,0.3,0.2,0.4,0,0,1
51,16,15,0.9,2.6,2.3,0.7,0,0,2
51,17,46,2.8,7.9,7.1,2.1,0,0,4
51,19,39,5.1,5.1,1.9,4.4,1,0,1
51,20,24,3.8,2.1,3.5,2.6,0,0,3
51,21,5,0.2,2.2,0,0.1,0,0,1
51,22,1,0,0.5,0,0,0,0,1
51,23,1,0,0.5,0,0,0,0,1
51,25,6,0.2,2.6,0,0.2,0,0,1
51,32,6,0,0.3,1.3,0.7,0,0,1
51,36,8,0,0.5,0.2,3.1,0,0,2
51,44,12,0,0.7,1.2,3.3,0,0,2
51,50,5,0.1,1.2,0.4,0.5,0,0.2,1
51,51,2,0,0.2,0.5,0.2,0,0.2,1
51,59,13.5,0.3,1.5,1.3,3.7,0,0,1
51,64,3,0.1,0.2,0.3,0.6,0,0,1
51,67,4,0,0.1,0.2,1.4,0,0,1
51,68,3,0,0.3,0.2,0.8,0,0,1
51,71,10,0.2,0.5,1.7,1.6,0,0,2
51,72,79,0.7,3.8,10.5,18.4,0,0,3
51,76,28,0.8,0,2.4,8.8,0,0,3
51,80,12,0,0.5,1.1,6,0,0,1
51,81,9,0.6,0.4,0.6,2,0,0,1
51,85,13,0.8,0.6,0.9,2.9,0,0,2
51,86,2,0,0.2,0,0.9,0,0,1
51,87,7,0,0.7,0,3,0,0,2
51,113,12,0,0.5,1,3.1,0,0,2
51,114,9,0,0.3,0.8,2.3,0,0,1
51,116,1,0,0,0,0.4,0,0,1
51,119,4,0,0.1,0.2,1.5,0,0,1
51,120,6,0,0.1,0.3,2.2,0,0,2
51,122,10,0,1.6,1.6,1,0,0,2
51,123,16,1,0.3,1,5.9,0,0,1
51,125,1,0,0,0.1,0.4,0,0,1
51,126,9,0.1,0.3,0.4,2.5,0,0,1
52,8,4,0,0.5,0.7,0.9,0,0,1
52,15,15,0,2.4,1.2,3,0.3,0,2
52,16,31,2,5.3,4.7,1.4,0,0,4
52,18,9,1.4,0.8,1.3,1,0,0,1
52,19,36.5,5.8,3.3,5.4,3.8,0,0,4
52,20,7,1.1,0.7,1,0.7,0,0,3
52,26,24,0,3.2,1.6,5.6,0,0,3
52,27,6,0,0.8,0.4,1.4,0,0,1
52,29,3,0.1,0.2,0.9,0,0,0,1
52,30,21,0.5,1.7,5.9,0,0,0,2
52,36,4,0,0.2,0.1,1.6,0,0,1
52,39,24,0,1.3,0.7,9.3,0,0,2
52,42,4,0.3,0,0.5,1,0,0,1
52,43,78,0.7,1.9,17.9,6.8,0,0,2
52,44,23,0,1.3,2.3,6.3,0,0,2
52,49,58,2.1,6,3.3,12.4,0,0.1,1
52,50,25,0.8,5.9,1.9,2.4,0,0.8,3
52,51,50,1,9.6,9.1,2.5,0,3.6,2
52,54,1,0,0.1,0.3,0.1,0,0.1,1
52,64,4,0.1,0.3,0.4,0.8,0,0,2
52,65,6,0.1,0.5,0.6,1.2,0,0,1
52,66,31,0,0.7,1.4,11.1,0,0,3
52,67,9.5,0,0.2,0.5,3.4,0,0,1
52,71,7,0.1,0.4,1.2,1.1,0,0,1
52,72,38,0.8,2.1,6.3,6.2,0,0,3
52,73,3,0.1,0.1,0.5,0.5,0,0,1
52,79,4,0,0.1,0.4,2,0,0,2
52,85,6,0.4,0.3,0.4,1.3,0,0,1
52,99,2,0.1,0.1,0.2,0.5,0,0,1
52,101,1,0.1,0.1,0.1,0.3,0,0,1
52,102,3,0.2,0.2,0.3,1,0,0,1
52,107,4,0.2,0.2,0.2,1.7,0,0,1
52,113,9,0,0.3,0.8,2.3,0,0,1
52,116,2,0,0,0,0.8,0,0,2
52,119,2,0,0.1,0.1,0.7,0,0,1
52,121,4,0,0.6,0.7,0.4,0,0,1
52,123,1,0,0,0.1,0.4,0,0,1
52,124,1,0,0,0.1,0.4,0,0,1
52,125,12,0.7,0.3,0.7,4.4,0,0,2
53,0,3,0,0.4,0.3,0.8,0,0,1
53,1,2,0,0.2,0.2,0.6,0,0,1
53,3,1,0,0.1,0.1,0.3,0,0,1
53,4,2,0,0.2,0.2,0.6,0,0,1
53,5,8,0,1,0.8,2.3,0,0,1
53,11,3,0,0.2,0.5,0.5,0,0,1
53,12,16,0,0.7,2.9,2.7,0,0,2
53,14,2,0,0.2,0.5,0,0,0,1
53,15,18,0,2.1,4.3,0,0,0,3
53,16,2,0,0.6,0.2,0.1,0,0,1
53,18,5,0,1.5,0.5,0.2,0,0,2
53,19,11,0,3.3,1.2,0.3,0,0,2
53,20,5,0,1.5,0.6,0.1,0,0,1
53,22,1.5,0,0.1,0.3,0.2,0,0,1
53,23,2,0.1,0.1,0.3,0.3,0,0,1
53,24,13,0.4,0.8,2.1,1.6,0,0,1
53,26,10,0,0.5,2.1,1.3,0,0,2
53,27,4,0,0.2,0.8,0.5,0,0,1
53,29,6,0,0.3,1.2,0.8,0,0,2
53,30,14,0,0.8,2.9,1.7,0,0,2
53,31,7,0,0.4,0.7,1.8,0,0,2
53,32,61,1,2.6,4.3,16.8,0,0,2
53,33,1,0,0,0.1,0.3,0,0,1
53,39,10,0,1.3,1.2,2.2,0,0,2
53,42,7,0.4,0.5,0.6,1.3,0,0,2
53,44,3,0.2,0.2,0.2,0.6,0,0,1
53,46,9,1.3,1.3,0.6,1.2,0,0,2
53,47,2,0.3,0.3,0.1,0.3,0,0,1
53,49,54,1.7,13,2.3,8.2,0,0,3
53,50,8,0.2,1.3,0.6,1.4,0,0,1
53,52,5,0.2,0.2,0.3,2,0,0,2
53,53,4,0.1,0.1,0.3,1.6,0,0,2
53,54,4,0.2,0.2,0.2,1.6,0,0,2
53,55,2,0.1,0.1,0.1,0.8,0,0,1
53,63,5,0.2,0,0.2,1.5,0.1,0,2
53,66,4,0.1,0,0.3,1,0,0,1
53,68,5,0.1,0,0.4,1.3,0,0,1
53,69,15,0.4,0,1.3,3.7,0,0,2
53,71,12,0,0.9,1.5,3.3,0,0,2
53,72,9,0,0.7,1.1,2.5,0,0,1
53,73,34,1,4,5,3,0,0,0
53,79,33,0,5.2,2.6,7.7,0,0,1
53,80,18,0,2.9,1.4,4.2,0,0,3
53,93,8,0,0.8,0,3.5,0,0,2
53,96,7,0.4,0.6,0.6,2.3,0,0,1
53,110,5,0,0,0,2.3,0,0,1
53,118,3,0,0.1,0.1,1.7,0,0,1
53,119,1,0,0,0,0.6,0,0,1
54,5,4,0,0.5,0.4,1.1,0,0,1
54,11,2,0,0.1,0.4,0.3,0,0,1
54,12,24,0,1.1,4.3,4,0,0,3
54,13,39,0,4.1,8.9,1.2,0,0,2
54,14,24,0,2.9,5.7,0,0,0,3
54,20,2,0,0.6,0.2,0.1,0,0,1
54,21,23,0.2,1.5,4.7,2,0,0,1
54,22,46,0.5,3.1,9.4,3.9,0,0,3
54,23,10,0.3,0.6,1.6,1.3,0,0,1
54,24,7,0.2,0.4,1.1,0.9,0,0,1
54,34,9,0,0.4,0.5,3.1,0,0,2
54,44,4,0.2,0.3,0.3,0.8,0,0,1
54,45,2,0,0.2,0.2,0.4,0,0,2
54,47,6,0.9,0.9,0.4,0.7,0,0,1
54,48,18,1,2.9,1.3,2.9,0,0,2
54,49,32,0.2,4.3,4.7,6.3,0,0,2
54,52,2,0.1,0.1,0.1,0.8,0,0,1
54,56,1,0,0.1,0.1,0.2,0,0,1
54,60,18,0.4,1.4,1.8,3.6,0,0,1
54,61,20,0.9,2.3,1,4.2,0,0,2
54,63,25.5,2.1,1.3,2.1,6.6,0,0,1
54,71,2,0,0.2,0.2,0.6,0,0,2
54,88,14,1,2.8,0.7,2.8,0,0.4,2
54,111,1,0,0,0,0.5,0,0,1
54,115,5,0,0,0,2.3,0,0,1
54,116,2,0,0,0.1,1.1,0,0,1
54,117,12,0,0.4,0.4,6.7,0,0,2
54,118,2,0,0,0.1,1.1,0,0,1
54,120,6,0,0.2,0.2,3.4,0,0,1
54,121,1,0,0,0,0.6,0,0,1
54,122,1,0,0,0,0.6,0,0,1
54,124,1,0,0,0,0.6,0,0,1
54,126,22,0.4,1,1.2,5.8,0,0,3
55,1,5,0,0.6,0.5,1.5,0,0,1
55,4,2,0,0.2,0.2,0.6,0,0,1
55,6,2,0,0.1,0.1,1,0,0,1
55,7,3,0,0.1,0.2,1.5,0,0,1
55,8,2,0,0.1,0.1,1,0,0,1
55,12,1,0,0.2,0,0.4,0,0,1
55,13,55.5,0.1,5.9,10.8,4.5,0,0,2
55,20,15,0,4.5,1.7,0.3,0,0,2
55,21,63,1.3,3.2,14.2,5.4,0,0,4
55,30,2,0,0.1,0.4,0.3,0,0,1
55,34,2,0,0.1,0.1,0.7,0,0,1
55,47,7,0.7,1.3,0.6,0.7,0,0,3
55,48,34,3.3,5.4,2.6,4.7,0,0,3
55,49,78,7.6,11.4,6.6,10.7,0,5,3
55,50,31.5,0.6,5.2,3.4,4.5,0,0,3
55,53,1,0,0,0.1,0.4,0,0,1
55,56,18,0,2.3,0.7,6,0,0,2
55,60,6,0.1,0.5,0.6,1.2,0,0,1
55,61,20,0.9,2.3,1,4.2,0,0,2
55,82,7,0,0,0.7,3,0,0,1
55,83,1,0,0,0.1,0.4,0,0,1
55,96,3,0.2,0.2,0.3,1,0,0,1
55,100,2,0.1,0.2,0.2,0.6,0,0,1
55,102,11,0,0,0.3,5.4,0,0,2
55,103,7,0,0,0.2,3.4,0,0,2
55,107,1,0,0,0,0.5,0,0,1
55,111,4,0,0,0,1.9,0,0,2
55,115,1,0,0,0,0.5,0,0,1
55,116,1,0,0,0,0.6,0,0,1
55,119,5,0.2,0,0.3,1.6,0,0,1
55,122,3,0,0.1,0.1,1.6,0,0,1
55,124,1,0,0,0,0.6,0,0,1
55,126,9,0.1,0.5,0.5,2.4,0,0,2
55,127,3,0,0.2,0.2,0.8,0,0,1
56,3,2,0,0.2,0.2,0.6,0,0,1
56,5,11,0,1.4,1.1,3.1,0,0,3
56,11,41.5,1.2,4.7,0.5,16.3,0,0,3
56,12,9,0.1,1.7,0.2,3.4,0,0,2
56,16,6,0,1.8,0.7,0.1,0,0,1
56,21,48,1.4,1.6,12.2,4,0,0,3
56,24,3,0,0.1,0.6,0.3,0,0.2,1
56,32,13,0,0.7,0.7,4.4,0,0,1
56,33,4,0,0.2,0.2,1.4,0,0,1
56,38,3,0,0.4,0.3,0.7,0,0,1
56,39,6,0,0.8,0.7,1.3,0,0,1
56,41,9,0.5,0.7,0.7,1.7,0,0,1
56,43,7,0.4,0.5,0.5,1.4,0,0,2
56,47,8,0,1.9,1.4,0,0,0,1
56,48,134,30,6.9,7.7,33,1,0,1
56,49,235.5,36,8.2,11.2,79,0,19,1
56,50,2,0,0.4,0.4,0.1,0,0,1
56,52,4,0.2,0.2,0.2,1.6,0,0,1
56,56,4,0,0.4,0.2,1.4,0,0,2
56,57,2,0,0.2,0.1,0.7,0,0,1
56,60,9,0.2,0.7,0.9,1.8,0,0,2
56,61,2,0.1,0,0.1,0.6,0,0,1
56,68,9,0.3,0,0.8,2.2,0,0,2
56,83,2,0,0,0.2,0.8,0,0,1
56,88,6,0.4,1.2,0.3,1.2,0,0.2,1
56,93,6,0,0.6,0,2.6,0,0,1
56,100,5,0.3,0.4,0.5,1.6,0,0,2
56,101,12,0,0,0.4,5.8,0,0,1
56,102,1,0,0,0,0.5,0,0,1
56,107,4,0,0,0,1.8,0,0,1
56,108,2,0,0,0,0.9,0,0,1
56,113,1,0,0,0,0.5,0,0,1
56,117,5,0,0.1,0.2,2.8,0,0,1
56,122,8,0,0.2,0.2,4.5,0,0,2
56,124,7,0,0.2,0.2,3.8,0,0,2
57,6,2,0,0.1,0.1,1,0,0,1
57,10,9,0,0.5,0.5,4.5,0,0,2
57,11,26,0.3,4.9,0.8,9.6,0,0,2
57,12,10,0.1,1.9,0.3,3.7,0,0,2
57,21,11,0.3,0.4,2.8,0.9,0,0,2
57,22,9,0.3,0.3,2.3,0.7,0,0,1
57,24,72,1,4.5,13.3,7,0,0.8,2
57,25,117.5,0,12.4,27.1,2.7,0,4.1,2
57,26,1,0,0.1,0.2,0.1,0,0,1
57,33,2,0,0,0.2,0.6,0,0,2
57,34,3,0,0.1,0.2,1,0,0,1
57,35,5,0,0.2,0.3,1.7,0,0,1
57,38,19,0,2.6,2.1,4.2,0,0,1
57,39,7,0,0.9,0.8,1.6,0,0,1
57,41,6,0.3,0.4,0.5,1.2,0,0,2
57,46,3,0,0.7,0.5,0,0,0,2
57,47,18,0,4.1,3.2,0,0,0,3
57,48,70,0,7.4,16.2,1.7,0,0,3
57,49,91,1,26,13,0.7,0,0,2
57,50,54,0,21.1,3.2,0.8,0,0,1
57,63,7,0.3,0,0.3,2,0.2,0,1
57,65,31,1.4,0,1.4,8.9,0.7,0,2
57,67,3,0.1,0,0.3,0.7,0,0,1
57,72,2,0,0.2,0.2,0.6,0,0,1
57,82,1,0,0,0.1,0.4,0,0,1
57,83,10,0,0,1,4.2,0,0,2
57,89,2,0.2,0.4,0.1,0.4,0,0,1
57,90,81,3.4,6.6,1.8,27.6,0,0.4,2
57,91,16,0.8,0,1.7,8.4,0,0,1
57,92,3,0.2,0,0.3,1.6,0,0,2
57,113,3,0,0,0,1.4,0,0,1
57,115,12,0,0,0,5.5,0,0,2
57,120,23,0.8,0,1.6,7.4,0,0,2
57,122,3,0,0.1,0.1,1.6,0,0,1
57,123,3,0,0.1,0.1,1.6,0,0,1
57,124,1,0,0,0,0.6,0,0,1
57,125,7,0,0.2,0.2,3.9,0,0,1
57,126,4,0.2,0.2,0.2,1,0,0,2
57,127,3,0,0.2,0.2,0.8,0,0,1
58,0,2,0,0.2,0.1,1,0,0,1
58,7,20,0.5,1.7,0.5,8.1,0,0,2
58,10,2,0,0,0.2,0.8,0,0,1
58,24,39.5,1.3,1.5,4.9,6.6,1,0,2
58,25,28.5,0.8,1.4,5.1,4.4,0,0,2
58,28,15,0,0,0,6.3,0,0,1
58,31,4,0,1,0,0.6,0,0,1
58,38,3,0.1,0.2,0.2,0.7,0,0,1
58,39,1,0,0.1,0.1,0.2,0,0,1
58,40,28,0.5,1.6,2.3,6.5,0,0,3
58,55,4,0,0.2,0.8,0.7,0,0,1
58,59,1,0,0,0.1,0.3,0,0,1
58,66,4,0.3,0.4,0.2,1,0.1,0,1
58,76,11,0.2,0.4,0.4,4.7,0,0,2
58,81,1,0,0,0.1,0.4,0,0,1
58,86,18,0,0.5,0.5,6.5,0,0,2
58,89,4,0,0.1,0.1,1.5,0,0,1
58,91,22,1.7,3.9,3.2,4.4,0,0,4
58,92,1,0.1,0.2,0.1,0.2,0,0,1
58,93,3,0.2,0.5,0.5,0.6,0,0,1
58,98,1,0,0.1,0.1,0.5,0,0,1
58,101,3,0.1,0.2,0.2,1.6,0,0,2
58,115,2,0,0.1,0.1,0.8,0,0,1
58,118,6,0.2,0.2,0.6,1.6,0,0,2
58,119,2,0.1,0.1,0.2,0.5,0,0,1
58,121,2,0.1,0.1,0.4,0.6,0,0,1
58,123,1,0,0.1,0.2,0.3,0,0,1
59,0,17,0,1.8,0.9,8,0,0,2
59,6,3,0.1,0.2,0.1,1.2,0,0,1
59,7,8,0.1,0.7,0.3,3.2,0,0,2
59,9,15,0,0.3,1.2,6,0,0,2
59,10,1,0,0,0.1,0.4,0,0,1
59,17,26,1.1,1.1,3.4,4,0,0,3
59,20,1,0,0.1,0.1,0.2,0,0,1
59,21,2,0,0,0.2,0.8,0,0,1
59,22,9,0,0,0.8,3.9,0,0,1
59,34,3,0,0.1,0.6,0.7,0,0.3,1
59,59,2,0,0.1,0.1,0.6,0,0,1
59,60,1,0,0,0.1,0.3,0,0,1
59,63,2,0,0,0.1,1,0,0,1
59,66,32,2.2,3.6,1.4,8,0.8,0,3
59,67,2,0.1,0.2,0.1,0.5,0.1,0,1
59,74,5,0,0,0.3,1.6,0,0,1
59,75,12,0,0,0.7,4,0,0,1
59,76,5,0.1,0.2,0.2,2.1,0,0,1
59,77,4,0,0.1,0.2,1.7,0,0,2
59,81,7,0.2,0.2,0.2,3,0,0,1
59,82,1,0,0,0.1,0.4,0,0,1
59,91,8,0.5,1.5,1.2,1.6,0,0,4
59,92,4,0.3,0.7,0.6,0.8,0,0,1
59,118,6,0.1,0.2,0.7,1.6,0,0,1
59,119,20,0.4,0.5,2.3,5.5,0,0,3
59,124,2,0.1,0.1,0.4,0.6,0,0,1
60,7,48.5,1.6,5.5,1.7,16.9,0,0,2
60,9,8,0,0.3,0.6,3.2,0,0,2
60,10,14,0,0.4,1.1,5.5,0,0,2
60,15,14,0.5,1.2,1.3,2.4,0,0,4
60,30,11,0,0,0,4.7,0,0,2
60,31,13,0,3.3,0,2,0,0,1
60,33,27,0.4,0.9,4.6,6.8,0,1.1,2
60,34,146.5,2,3.8,22.9,38.7,0,11,2
60,35,2,0,0.1,0.3,0.5,0,0,1
60,39,19,0.4,1.1,1.5,4.5,0,0,1
60,56,2,0,0.1,0.2,0.4,0,0,1
60,58,2,0,0,0.4,0.6,0,0,1
60,60,29,0.9,0.9,1.7,8.8,0,0,2
60,72,3,0,0,0.2,1,0,0,1
60,74,3,0,0,0.2,1,0,0,1
60,81,1,0,0,0.1,0.4,0,0,1
60,90,4,0,0.1,0.1,1.5,0,0,1
60,91,2,0.1,0.4,0.3,0.4,0,0,1
60,106,2,0,0.1,0.1,0.8,0,0,1
60,111,1,0,0,0.1,0.4,0,0,1
60,112,6,0,0.2,0.3,2.4,0,0,2
60,116,4,0.1,0.1,0.4,1.1,0,0,1
60,117,2,0.1,0.1,0.2,0.5,0,0,1
60,118,2,0.1,0.1,0.2,0.5,0,0,1
60,124,5,0.2,0.2,1,1.6,0,0,1
61,6,16,0.8,3.2,0.8,2.1,0,0,2
61,7,13,0.6,2.6,0.7,1.7,0,0,2
61,17,24,0.1,2.1,3.2,7.3,0,0,1
61,18,17,0.8,0.8,2.2,2.5,0,0,3
61,25,3,0,0,0.3,1.3,0,0,1
61,31,4,0,1,0,0.6,0,0,1
61,32,13,0,3.3,0,2,0,0,3
61,33,17,0.2,1.8,1.8,3.9,0,0.2,3
61,34,3,0.1,0.1,0.4,0.8,0,0.1,1
61,35,4,0.1,0.1,0.6,1.1,0,0.1,1
61,37,45,0,0.7,6.6,11.6,0,0,3
61,38,16.5,0,0.3,2.4,4.3,0,0,2
61,43,20,1,1.3,1.3,4.7,0,0,2
61,44,3,0.1,0.2,0.2,0.7,0,0,1
61,45,4,0.2,0.3,0.3,0.9,0,0,1
61,47,10,0,0.8,2,2.2,0,0,2
61,50,50,0,5.8,4.2,11.5,0,3,3
61,51,9,0,0.5,1.8,1.5,0,0,1
61,53,7.5,0,0.4,1.5,1.2,0,0,1
61,54,1,0,0,0.2,0.2,0,0,1
61,58,18,0.1,0.2,2.8,5,0,0,3
61,60,5,0.1,0.2,0.5,1,0,0,1
61,63,5,0,0,0.2,2.5,0,0,1
61,66,6,0.4,0.6,0.3,1.5,0.2,0,2
61,98,2,0.1,0.1,0.1,1.1,0,0,1
61,99,3,0.1,0.1,0.2,1.6,0,0,1
61,101,4,0.2,0.2,0.2,2.2,0,0,2
61,105,1,0,0.1,0.1,0.5,0,0,1
61,106,4,0,0.1,0.2,1.6,0,0,1
61,113,1,0,0,0.1,0.4,0,0,1
61,120,2,0.1,0.1,0.2,0.5,0,0,1
61,126,9,0.6,0,0.8,3.7,0,0,4
62,4,17,0.8,0.4,1.2,4.2,0,0,1
62,12,8,0.3,0.7,0.7,1.4,0,0,1
62,21,4,0,0,0.4,1.7,0,0,2
62,25,26,0,0,2.4,11.2,0,0,3
62,26,27,0,0,6,6.8,0,0,2
62,27,9,0,0,2,2.2,0,0,1
62,33,5,0.1,0.2,0.7,1.3,0,0.1,2
62,34,7,0.1,0.3,1.1,1.8,0,0.1,1
62,42,3,0.1,0.2,0.2,0.7,0,0,1
62,43,36,1.8,2.3,2.3,8.5,0,0,2
62,44,11,0.6,0.7,0.7,2.6,0,0,2
62,47,6,0,0.6,1.2,1.2,0,0,2
62,50,19,0,1.7,3.7,4.1,0,0,2
62,51,14.5,0,0.8,2.8,2.5,0,0,2
62,57,7,0,0,1.3,2.1,0,0,2
62,58,12,0.1,0.2,1.7,3.1,0,0,3
62,59,19,0.5,0.5,1.9,3.8,0,0,2
62,60,4,0.1,0.1,0.4,0.8,0,0,1
62,61,14,0,0,0.6,7,0,0,1
62,62,3,0,0,0.1,1.5,0,0,1
62,71,9,0,0,0.5,3,0,0,1
62,72,4,0,0,0.2,1.4,0,0,1
62,84,2,0,0.1,0.1,0.8,0,0,1
62,86,3,0,0.1,0.1,1,0,0,1
62,90,7,0,0.2,0.2,2.5,0,0,1
63,2,6,0,0,0.2,2.4,0,0,2
63,4,15,0,0,0.6,6,0,0,2
63,12,1,0,0.1,0.1,0.3,0,0,1
63,13,9,0.2,0.7,0.5,2.7,0,0,1
63,20,4,0.3,0.4,0,0.8,0,0,1
63,23,2,0,0,0.3,0.6,0,0,1
63,25,3,0,0.1,0.4,0.9,0,0,1
63,26,56,0.5,0,4.2,20.5,0,1.9,1
63,27,5,0.1,0,0.7,1.1,0,0.3,1
63,41,2,0,0.1,0,1,0,0,1
63,47,16,0.9,1.2,0.3,5.5,0,0,3
63,53,5,0,0.2,0.3,1.6,0,0,1
63,57,7,0,0.4,0,2.8,0,0,1
63,60,6,0,0.3,0,2.5,0,0,1
63,61,4,0,0.2,0,1.6,0,0,1
63,64,2,0,0.1,0,0.8,0,0,1
63,69,7,0,0.6,0.6,3,0,0,1
63,70,4,0,0.3,0.4,1.7,0,0,1
63,73,1,0.1,0,0,0.4,0,0,1
63,74,17,1.1,0,0.5,6.2,0,0,3
63,77,10,0.4,0.5,0.9,4.3,0,0,3
63,80,4,0.2,0.2,0.3,1.7,0,0,1
63,92,1,0,0,0,0.5,0,0,1
63,93,3,0,0,0.1,1.5,0,0,1
63,94,13,0,0,0.5,6.3,0,0,3
63,102,3,0.4,0.6,0.3,0.5,0,0,1
63,107,2,0.2,0.2,0,0.6,0,0,1
63,110,2,0.2,0.2,0,0.6,0,0,1
64,20,15.5,1.1,1.8,0,3.1,0,0,2
64,23,7.5,0,0.2,1.1,2.2,0,0,1
64,27,12,0.3,0,1.7,2.7,0,0.8,2
64,28,69,1.7,0.6,12.8,11.9,0,0.8,3
64,34,20,0.4,1.8,3.2,3.7,0,0,3
64,41,2,0,0.1,0,1,0,0,1
64,42,18,0,1,0,8.6,0,0,3
64,50,14.5,0.7,1.1,0.4,5,0,0,1
64,53,18,0,0.7,1.5,5.6,0,0,4
64,75,2,0.1,0,0.1,0.7,0,0,1
64,77,5,0.2,0.2,0.5,2.1,0,0,2
64,80,2,0.1,0.1,0.2,0.8,0,0,1
64,81,2,0,0.1,0.1,0.8,0,0,1
64,88,4,0.2,0,0.4,1.7,0,0,1
64,93,5,0,0,0.2,2.4,0,0,1
64,97,1,0,0.1,0.1,0.5,0,0,1
64,112,4,0,0.1,0.2,1.6,0,0,1
64,122,4,0.1,0.2,0.8,1.3,0,0,2
64,123,2,0.1,0.1,0.4,0.6,0,0,1
65,6,7,0.2,0.6,0.6,1.3,0,0,1
65,7,5,0.2,0.4,0.4,0.9,0,0,1
65,14,6,0.1,0.5,0.4,1.8,0,0,1
65,15,32,0.7,2.5,1.9,9.6,0,0,3
65,24,2,0,0,0.3,0.6,0,0,1
65,25,4,0.1,0,0.3,1.7,0,0,1
65,28,4,0.1,0.1,0.5,1,0,0.2,2
65,34,12,0.3,1.1,1.9,2.2,0,0,1
65,36,2,0.1,0.1,0.1,0.5,0.1,0,1
65,39,3,0.1,0.2,0.2,1,0,0,1
65,42,3,0,0.2,0,1.4,0,0,1
65,51,2,0,0.1,0.2,0.6,0,0,1
65,52,3,0,0.1,0.2,1,0,0,1
65,56,1,0,0.1,0,0.4,0,0,1
65,61,6,0,0.4,0,2.4,0,0,3
65,62,2,0,0.1,0,0.8,0,0,1
65,68,8,0,0.7,0.7,3.4,0,0,2
65,90,9,0.4,0,0.9,3.8,0,0,3
65,94,2,0,0,0.1,0.9,0,0,1
65,101,1,0.1,0.2,0.1,0.2,0,0,1
65,108,26,1.5,1.5,1.7,8.7,0,1.1,2
65,109,7,0.4,0.4,0.5,2.4,0,0.4,2
65,110,11,0.7,0.7,0.5,3.7,0,0.4,2
65,122,14,0.4,0.6,2.8,4.6,0,0,4
66,0,4,0.4,0.8,0.3,0.6,0,0,1
66,1,1,0,0,0,0.8,0,0,1
66,3,16,0,0,0.2,11.7,0,0,3
66,9,23,0.6,1.2,2.4,5.5,0,0,1
66,15,2,0,0.2,0.1,0.6,0,0,1
66,22,13,0,0.5,1.8,3.8,0,0,3
66,25,24,0.9,0,1.7,10.3,0,0,3
66,26,4,0.2,0.2,0.2,1.2,0,0,1
66,31,4,0,0.6,0.6,0.3,0,0,1
66,32,45,1,6.2,4.4,10.2,0,0,3
66,35,4,0.1,0.4,0.6,0.7,0,0,1
66,36,32,0.9,1.8,1.9,8.5,1,0,3
66,39,38,1.9,1.9,2.8,12,0,0,3
66,46,10,0.5,0.7,0.2,3.5,0,0,1
66,59,4,0,0.2,0,1.6,0,0,1
66,66,1,0,0.1,0.1,0.4,0,0,1
66,68,9,0,0.8,0.9,3.8,0,0,2
66,69,9,0,0.8,0.8,3.8,0,0,2
66,74,2,0.1,0,0.1,0.7,0,0,1
66,79,2,0.1,0.1,0.2,0.8,0,0,1
66,104,6,0.9,1.1,0.6,1,0,0,2
66,108,1,0.1,0.1,0,0.3,0,0,1
66,110,2,0.1,0.1,0.2,0.7,0,0.1,1
66,112,2,0,0.1,0.1,0.8,0,0,1
66,114,4,0,0.2,0.2,1.6,0,0,2
66,116,2,0.1,0.1,0.5,0.4,0,0.3,1
66,117,2,0.1,0.1,0.5,0.4,0,0.3,1
66,118,21,1.1,3.4,3.2,3,0,1.6,4
66,119,10,0.8,3,0.4,0.4,0,0,2
67,9,9,0.2,0.5,1,2.1,0,0,2
67,10,6,0.1,0.3,0.6,1.5,0,0,2
67,17,35,2.5,3.9,0,7.1,0,0,2
67,27,26,1,1.2,1.8,8,0,0,4
67,29,2,0.1,0.1,0.1,0.6,0,0,1
67,32,9,0,1.3,1.4,0.7,0,0,2
67,33,17,0.1,2.2,2.7,1.9,0,0,2
67,34,2,0,0.2,0.3,0.4,0,0,1
67,43,8,0,0.5,0,3.7,0,0,1
67,45,1,0,0,0,0.5,0,0,1
67,62,3,0,0.2,0,1.2,0,0,1
67,65,2,0,0.1,0,0.8,0,0,1
67,69,6.5,0,0.6,0.6,2.7,0,0,1
67,71,2,0.1,0,0.1,0.7,0,0,1
67,72,9,0.5,0,0.3,3.3,0,0,2
67,84,1,0,0,0.1,0.4,0,0,1
67,86,5,0.2,0,0.5,2.2,0,0,1
67,88,3,0.2,0,0.3,1.2,0,0,2
67,93,1,0,0,0,0.5,0,0,1
67,96,4,0.2,0.2,0.2,2.1,0,0,1
67,99,3,0.1,0.1,0.2,1.6,0,0,1
67,102,1,0.1,0.2,0.1,0.2,0,0,1
67,104,11,1.5,2.1,1,1.9,0,0,2
67,111,1,0,0,0.1,0.4,0,0,1
67,117,110,10.4,2,6.4,34.4,0,1.9,2
67,118,109,3.5,6.1,14.3,33.3,0,7,1
68,8,5,0,0.3,0.4,1.3,0,0,1
68,9,4,0,0.2,0.3,1.1,0,0,1
68,17,11,0.2,0.3,1.7,3.3,0,0,2
68,30,19,0,0.8,1.3,5.7,0,0,2
68,33,22,0.4,2.7,1.6,6.3,0.2,0,3
68,34,63,0.9,7.1,3.4,22.6,0.5,0,3
68,35,7,0.2,1.5,0.3,1.5,0.1,0,1
68,37,4.5,0.2,0.2,0,1.9,0,0,1
68,40,2,0.1,0.1,0,0.8,0,0,1
68,41,14,0,0.8,0.4,5.8,0,0,2
68,43,4,0,0.2,0.1,1.7,0,0,1
68,47,2,0,0.1,0,0.6,0,0,1
68,57,5,0.1,0.3,0.5,1.3,0,0,1
68,67,3,0,0.2,0,1.5,0,0,1
68,76,2,0,0.1,0.1,0.6,0.1,0,1
68,77,1,0,0,0.1,0.3,0,0,1
68,81,3,0,0.1,0.2,0.9,0.1,0,2
68,85,4,0.1,0.1,0.2,1.3,0.1,0,1
68,88,8,1.1,0,0,4.2,0,0,2
68,93,7,0.2,0.2,0.2,2.6,0,0,2
68,103,1,0,0,0,0.5,0,0,1
68,116,1,0,0.1,0.1,0.2,0,0,1
68,117,30,1.6,1.6,2.6,5.1,0.8,0,4
68,118,15.5,0.1,0.9,2.8,3.3,0.1,0,2
68,119,4,0,0.2,0.8,0.9,0,0,1
68,120,2,0,0.1,0.4,0.5,0,0,1
69,0,1,0.1,0.1,0.1,0.2,0,0,1
69,4,4,0,0.4,0.4,1.2,0,0,2
69,5,4,0,0.4,0.4,1.2,0,0,2
69,8,3,0,0.2,0.2,0.8,0,0,1
69,18,6,0.1,0.2,0.9,1.8,0,0,2
69,34,6,0.2,1.2,0.3,1.3,0.1,0,1
69,35,12,0.3,2.5,0.5,2.7,0.2,0,1
69,38,3,0.1,0.2,0,1.2,0,0,2
69,40,4,0.1,0.2,0,1.7,0,0,2
69,41,3,0,0.2,0.1,1.2,0,0,2
69,47,10,0,0.5,0.2,3,0,0,2
69,54,6,0,0.2,0.2,2.5,0,0,1
69,55,6,0,0.2,0.2,2.5,0,0,1
69,57,2,0,0.1,0.2,0.6,0,0,1
69,58,5,0.1,0.3,0.5,1.3,0,0,1
69,60,2,0,0.1,0.2,0.6,0,0,1
69,61,7,0.1,0.4,0.7,1.9,0,0,1
69,65,4,0.1,0.2,0.4,1.1,0,0,1
69,67,6,0,0.4,0,3,0,0,1
69,87,3,0.5,0,0,1.5,0,0,2
69,88,9,1.2,0,0,4.7,0,0,2
69,93,3,0.1,0.1,0.1,1.1,0,0,1
69,103,2,0,0.1,0,0.9,0,0,1
69,116,3,0.1,0.2,0.3,0.5,0.1,0,2
69,119,7,0,0.5,1.4,1.5,0,0,2
69,122,1,0.1,0,0.1,0.4,0,0,1
69,126,2,0,0,0.1,0.8,0,0,1
70,2,7,0,0.6,0.7,2.1,0,0,1
70,3,16,0,1.3,1.6,4.8,0,0,3
70,5,2,0,0.2,0.2,0.6,0,0,1
70,9,8,0,0.5,0.6,2.1,0,0,1
70,10,8,0,0.5,0.6,2.1,0,0,1
70,11,4,0.2,0.2,0.4,0.8,0,0,1
70,18,8.5,0.1,0.3,1.3,2.5,0,0,2
70,19,18.5,0.3,0.5,3,5.4,0,0,2
70,21,3,0,0.4,0.2,1,0,0,2
70,26,7,0,0.3,0.5,2.1,0,0,1
70,27,1,0,0,0.1,0.3,0,0,1
70,29,5,0,0.2,0.4,1.5,0,0,1
70,30,2,0,0.1,0.1,0.6,0,0,1
70,44,1,0,0.1,0,0.4,0,0,1
70,45,1,0,0.1,0,0.4,0,0,1
70,51,1,0,0,0.1,0.4,0,0,1
70,56,2,0,0.1,0.2,0.6,0,0,1
70,57,3,0,0.2,0.3,0.8,0,0,1
70,76,3,0.1,0.1,0.1,0.9,0.1,0,1
70,82,1,0,0,0.1,0.3,0,0,1
70,87,2,0.3,0,0,1,0,0,1
70,93,4,0.1,0.1,0.1,1.5,0,0,1
70,112,4,0,0.4,0.1,1.5,0,0,1
70,122,5,0.4,0.1,0.3,1.8,0.2,0,1
70,127,5,0,0,0.3,2,0,0,1
71,0,10,0.6,0.9,1.5,2,0,0,1
71,9,8,0,0.5,0.6,2.1,0,0,1
71,10,3,0,0.2,0.2,0.8,0,0,1
71,14,2,0.1,0.1,0.2,0.4,0,0,1
71,15,2,0.1,0.1,0.2,0.4,0,0,1
71,21,8,0,1,0.4,2.8,0,0,2
71,30,11,0,0.4,0.8,3.4,0,0,2
71,31,6,0,0,0.8,2.2,0,0,2
71,36,7,0.3,0.3,0,3,0,0,1
71,37,1,0,0.1,0,0.4,0,0,1
71,46,4,0,0.2,0.1,1.2,0,0,1
71,47,7,0,0.4,0.1,2.1,0,0,2
71,48,2,0,0.1,0,0.6,0,0,1
71,49,12.5,0,0.7,0.3,3.7,0,0,1
71,62,2,0,0.1,0.2,0.6,0,0,1
71,67,3,0,0.2,0,1.5,0,0,2
71,80,5,0.1,0.1,0.3,1.6,0.1,0,1
71,82,4,0.1,0.1,0.2,1.3,0.1,0,1
71,92,2,0,0.1,0.1,0.7,0,0,1
71,99,1,0,0,0,0.5,0,0,1
71,100,3,0,0.1,0,1.4,0,0,1
71,111,2,0,0.2,0,0.8,0,0,1
71,112,8,0.1,0.8,0.2,3,0,0,1
71,115,1,0,0.1,0,0.4,0,0,1
71,127,3,0,0,0.2,1.2,0,0,1
72,6,11,0,0.6,0.9,2.9,0,0,2
72,11,9,0.4,0.4,0.9,1.9,0,0,1
72,14,14,0.6,0.6,1.4,3,0,0,2
72,15,16,0.6,0.8,1.7,3.4,0,0,2
72,23,22,0,2.9,1.2,7.5,0,0,1
72,24,5,0,0.6,0.3,1.7,0,0,1
72,33,9,0,0,1.1,3.4,0,0,2
72,37,4,0.1,0.2,0,1.7,0,0,1
72,51,2,0,0.1,0.1,0.8,0,0,1
72,57,1,0,0,0.1,0.3,0,0,1
72,62,5,0.1,0.2,0.5,1.4,0,0,2
72,63,5,0.1,0.3,0.5,1.3,0,0,1
72,71,11,0,0.6,0,5.5,0,0,1
72,72,3,0,0.2,0,1.5,0,0,1
72,75,2,0,0.1,0,1,0,0,1
72,87,1,0.2,0,0,0.5,0,0,1
72,95,7,0.2,0.2,0.2,2.6,0,0,1
72,110,4,0,0.4,0.1,1.5,0,0,1
72,111,2,0,0.2,0,0.8,0,0,1
72,115,1,0,0.1,0,0.4,0,0,1
72,120,5,0,0.4,1,1,0,0,3
73,3,21,0,0,1.4,8.3,0,0,3
73,6,21,0,0,1,9.1,0,0,3
73,8,2,0,0,0.1,0.9,0,0,1
73,15,2,0,0.1,0.2,0.6,0,0,1
73,20,13,0,0.6,0.7,3.8,0,0,2
73,23,15,0.2,0.9,1.9,3.3,0,0,2
73,24,59,1.3,4,7.9,12.8,0,0,3
73,37,2,0,0,0.1,0.8,0,0,1
73,50,2,0.2,0.1,0.1,0.6,0,0,1
73,53,8,0,0.3,0.3,3.3,0,0,2
73,61,3,0,0.2,0.3,0.8,0,0,1
73,63,6,0.1,0.4,0.6,1.6,0,0,1
73,67,2,0.2,0.2,0.1,0.7,0.1,0,1
73,68,2,0.1,0.2,0.2,0.7,0,0,1
73,69,2,0.1,0.2,0.2,0.7,0,0,1
73,70,8,0.6,0.6,0.7,2.9,0,0,1
73,71,2,0,0.1,0,1,0,0,1
73,75,2,0,0.1,0,1,0,0,1
73,83,11,0.6,0.3,0.6,4,0.3,0,1
73,94,2,0,0.1,0.1,0.7,0,0,1
73,95,2,0,0.1,0.1,0.7,0,0,1
73,101,7,0,0.2,0,3.2,0,0,1
73,102,1,0,0,0,0.5,0,0,1
73,112,5,0,0.5,0.1,1.9,0,0,2
73,117,1,0.1,0,0.1,0.4,0,0,1
73,118,2,0.2,0,0.1,0.7,0.1,0,1
73,120,2,0.2,0,0.1,0.7,0.1,0,1
74,1,4,0,0,0.3,1.6,0,0,1
74,2,18,0,0,1.3,7.2,0,0,3
74,8,3,0,0,0.1,1.3,0,0,1
74,11,7,0,0.5,0.6,2.1,0,0,3
74,12,15,0,1.1,1.2,4.6,0,0,1
74,15,4,0,0.2,0.4,1.2,0,0,2
74,16,66.5,0,4.9,3.9,27.7,0,0,3
74,20,11,0,0.4,0.7,3.2,0,0,1
74,21,2,0,0.1,0.3,0.4,0,0,1
74,23,4,0,0.3,0.5,0.9,0,0,1
74,24,25,0.3,1.6,3,5.5,0,0,3
74,30,12,0.7,1.5,0.2,3.5,0,0,2
74,33,4,0,0.2,0.3,1.2,0,0,1
74,40,9,0,0.3,0.4,3.5,0,0,2
74,45,13,0,0.7,0.4,5.4,0,0,2
74,48,11,1.2,0.5,0.2,3.4,0,0,1
74,49,2,0.2,0.1,0.1,0.6,0,0,1
74,68,7,0.5,0.5,0.6,2.6,0,0,2
74,69,3,0.2,0.2,0.3,1.1,0,0,1
74,71,1,0,0.1,0,0.5,0,0,1
74,80,1,0,0,0.1,0.3,0,0,1
74,96,1,0,0,0,0.5,0,0,1
74,100,5,0,0,0.2,2.2,0,0,1
74,103,6,0,0.2,0,2.7,0,0,1
74,105,2,0,0.1,0,0.9,0,0,1
74,107,4,0,0.4,0.1,1.5,0,0,1
74,108,2,0,0.2,0,0.8,0,0,2
74,110,6,0.1,0.6,0.1,2.3,0,0,1
74,115,2,0,0.2,0,0.8,0,0,1
74,116,1,0.1,0,0.1,0.4,0,0,1
74,121,2,0.2,0,0.1,0.7,0.1,0,1
74,124,1,0.1,0,0.1,0.4,0,0,1
74,125,6,0.5,0.2,0.3,2.1,0.2,0,1
74,126,3,0,0,0.2,1.4,0,0,1
75,8,3,0,0,0.1,1.3,0,0,1
75,9,4,0,0,0.2,1.7,0,0,1
75,12,5,0,0.4,0.4,1.5,0,0,1
75,15,16.5,0.7,3.7,1.8,2.1,0,0,3
75,16,1,0,0.1,0.1,0.3,0,0,1
75,24,23,1,2.1,0.3,8.4,0,0,1
75,25,4,0,0.3,0.5,0.9,0,0,1
75,27,4,0.2,0.5,0.1,1.2,0,0,1
75,28,14,0.8,1.8,0.2,4.1,0,0,2
75,35,13,0,0.5,0.9,4,0,0,1
75,36,29,0,0.9,1,11.4,0,0,3
75,48,15,1.7,0.7,0.3,4.6,0,0,1
75,57,27,0.5,0.9,1,9.1,0,0,2
75,69,3,0.2,0.2,0.3,1.1,0,0,1
75,79,2,0,0.1,0.1,0.6,0.1,0,1
75,80,6,0.1,0.1,0.3,1.9,0.2,0,1
75,81,1,0,0,0.1,0.4,0,0,1
75,82,6,0.3,0.2,0.3,2.2,0.2,0,1
75,87,5,0.1,0.1,0.2,1.9,0,0,1
75,99,4,0,0,0.1,1.8,0,0,2
75,109,5,0.1,0.5,0.1,1.8,0,0,1
75,110,1,0,0.1,0,0.4,0,0,1
75,116,7,0.6,0.2,0.4,2.5,0.2,0,1
75,121,2,0.2,0,0.1,0.7,0.1,0,1
75,124,3,0.3,0,0.2,1.1,0.1,0,2
76,9,6,0,0,0.3,2.6,0,0,1
76,14,3,0.2,0.9,0.4,0,0,0,1
76,15,85,6.8,11,10.6,14.6,1,5,2
76,16,62,0.2,0.4,25.1,0.5,0,11.2,2
76,18,7,0,0.3,0.4,2,0,0,1
76,22,2,0,0.1,0.3,0.4,0,0,1
76,24,2,0,0.1,0.3,0.4,0,0,1
76,28,54,1.5,3.1,2.2,22.7,0,0,2
76,36,21,0,0.6,0.8,8.3,0,0,2
76,49,12.5,1.4,0.5,0.3,3.8,0,0,1
76,50,3,0.3,0.2,0.1,0.9,0,0,1
76,51,3,0,0.1,0.1,1.2,0,0,1
76,52,2,0,0.1,0.1,0.8,0,0,1
76,56,5,0.1,0.1,0.2,1.7,0,0,1
76,57,22,0.4,0.7,0.8,7.5,0,0,3
76,67,2,0.2,0.2,0.1,0.7,0.1,0,1
76,71,1,0,0.1,0,0.5,0,0,1
76,85,10,0.5,0.3,0.6,3.6,0.3,0,2
76,99,8,0,0,0.3,3.5,0,0,1
76,100,2,0,0,0.1,0.9,0,0,1
76,102,3,0,0.1,0,1.4,0,0,1
76,104,2,0,0.1,0,0.9,0,0,1
76,118,3,0.3,0,0.2,1.1,0.1,0,2
77,6,3,0,0,0.1,1.3,0,0,1
77,14,6,0.4,1.8,0.8,0,0,0,2
77,15,120,6,19,2,31,0,2,0
77,16,44,1.8,2.5,9.4,4.3,0,1.7,2
77,18,20,0.1,0.9,1.4,5.5,0,0.1,3
77,19,2,0,0.1,0.1,0.6,0,0,1
77,23,4,0,0.3,0.5,0.9,0,0,1
77,24,5,0.1,0.3,0.6,1.1,0,0,1
77,27,2,0.1,0.3,0,0.6,0,0,1
77,28,14,0.8,1.8,0.2,4.1,0,0,1
77,33,13,0,0.5,0.9,4,0,0,2
77,51,1,0,0,0.1,0.4,0,0,1
77,59,5,0.1,0.1,0.2,1.7,0,0,1
77,66,1,0.1,0.1,0.1,0.3,0.1,0,1
77,67,5,0.5,0.5,0.3,1.7,0.3,0,1
77,68,7,0.7,0.7,0.4,2.4,0.4,0,2
77,69,1,0.1,0.1,0.1,0.3,0.1,0,1
77,80,9,0.2,0.2,0.5,2.9,0.2,0,2
77,81,5,0.3,0.1,0.3,1.8,0.1,0,1
77,85,3,0.1,0.1,0.2,1.1,0.1,0,1
77,86,2,0,0.1,0.1,0.7,0,0,1
77,90,1,0,0,0.1,0.4,0,0,1
77,96,5,0,0,0.2,2.2,0,0,1
77,102,2,0,0.1,0,0.9,0,0,1
77,103,3,0,0.1,0,1.4,0,0,1
77,106,2,0,0.2,0,0.8,0,0,1
77,114,2,0,0.2,0,0.8,0,0,1
78,6,12,0,1.9,0.5,2.8,0,0,3
78,18,8,0.2,0.5,0.9,1.9,0,0,2
78,19,9,0.2,0.5,1.1,2.2,0,0,2
78,28,1,0,0.1,0.1,0.3,0,0,1
78,32,6,0,0.3,0.6,1.8,0,0,2
78,33,42,0,2.3,3.8,13,0,0,2
78,46,4,0.4,0,0.2,1.6,0,0,1
78,52,3,0.3,0,0.1,1.2,0,0,2
78,57,5,0,0.2,0,1.9,0,0,1
78,78,3,0.1,0,0.2,1,0,0,2
78,80,4,0.1,0.1,0.3,1.3,0,0,1
78,86,1,0,0.1,0,0.5,0,0,1
78,89,1,0,0.1,0,0.5,0,0,1
78,90,2,0,0.2,0,1,0,0,1
78,97,6,0.4,0.2,0.5,2.9,0,0,2
78,99,4,0.3,0.1,0.3,2,0,0,3
78,100,3,0.2,0.1,0.2,1.5,0,0,2
78,102,6,0.6,0.2,0.6,1.7,0,0,3
78,108,3,0,0.4,0.2,0.9,0,0.1,2
78,112,2,0.2,0,0,0.7,0,0,1
78,114,5,0.5,0,0,1.8,0,0,2
79,7,1,0,0.2,0,0.2,0,0,1
79,18,10,0.3,0.6,1.1,2.4,0,0,2
79,21,34,1.3,0.3,0.8,15,0,0,1
79,23,6,0.1,0.1,0.4,1.9,0,0,1
79,27,4,0,0.3,0.4,1.2,0,0,2
79,36,3,0,0.1,0.1,1.6,0,0,1
79,37,1,0,0,0.1,0.5,0,0,1
79,41,4,0,0.1,0.2,2.1,0,0,1
79,44,3,0,0.1,0.1,1.6,0,0,1
79,61,2,0,0.1,0,0.7,0,0,1
79,78,28,1,0.5,1.9,9.2,0,0,2
79,86,1,0,0.1,0,0.5,0,0,1
79,98,4,0.2,0.2,0.2,2,0,0,2
79,101,3,0.3,0.1,0.3,0.8,0,0,2
79,104,4,0.4,0.2,0.4,1.1,0,0,1
79,107,3,0,0.4,0.1,1,0,0.1,1
79,109,1,0,0.1,0.1,0.3,0,0,1
79,110,29,0,4,1.3,9,0,1.3,4
79,112,7,0.8,0,0,2.5,0,0,2
79,114,4,0.5,0,0,1.4,0,0,1
79,124,17,0,0,0,8.8,0,0,3
80,15,8,0.2,0.3,0.2,2.9,0,0.2,1
80,21,25,0.5,0.6,1.6,7.8,0,0,2
80,38,3,0,0.1,0.1,1.6,0,0,1
80,39,1,0,0,0.1,0.5,0,0,1
80,53,2,0.2,0,0.1,0.8,0,0,1
80,66,5,0.3,0.5,0.1,1.7,0,0,2
80,72,3,0,0.3,0,1.4,0,0,1
80,78,12,0.4,0.2,0.8,3.9,0,0,2
80,79,1,0,0,0.1,0.3,0,0,1
80,91,5,0,0.2,0.3,2.3,0,0,2
80,92,1,0,0,0.1,0.5,0,0,1
80,98,2,0.1,0.1,0.1,1,0,0,1
80,99,2,0.1,0.1,0.1,1,0,0,1
80,102,20,2.4,0,2.6,5.7,0,0,2
80,108,1,0,0.1,0.1,0.3,0,0,1
80,109,11,0,1.5,0.4,3.5,0,0.5,2
80,110,16,0,2.1,0.7,5,0,0.7,2
80,115,5,0.6,0,0,1.8,0,0,1
80,119,5,0,0,0.4,2.6,0,0,1
80,120,4,0,0,0.4,2,0,0,2
80,127,15,0.5,0.7,1.4,4,0,0.2,2
81,13,49,0.5,1.8,3.2,14.7,0,0.5,4
81,45,4,0,0.1,0.2,2.1,0,0,2
81,57,2,0,0.1,0,0.7,0,0,1
81,58,4,0,0.2,0,1.5,0,0,1
81,71,5,0,0.5,0,2.4,0,0,1
81,72,11,0,1.1,0,5.2,0,0,3
81,77,2,0.1,0,0.1,0.7,0,0,1
81,78,2,0.1,0,0.1,0.7,0,0,1
81,87,13,0,1.2,0,6.5,0,0,3
81,89,4,0,0.4,0,2,0,0,1
81,92,3,0,0.1,0.2,1.4,0,0,1
81,94,2,0,0.1,0.1,0.9,0,0,1
81,97,2,0.2,0,0.2,1,0,0,2
81,99,2,0.1,0.1,0.1,1,0,0,1
81,100,2,0.1,0.1,0.1,1,0,0,1
81,101,7,0.9,0,0.9,1.9,0,0,1
81,102,4,0.4,0,0.6,1.2,0,0,2
81,105,5,0.5,0.2,0.5,1.4,0,0,1
81,106,3,0,0.4,0.1,1,0,0.1,1
81,124,1,0,0,0,0.5,0,0,1
82,13,3,0,0.1,0.3,0.7,0,0,1
82,15,18,0.4,0.7,0.4,6.6,0,0.4,1
82,19,7,0.2,0.4,0.8,1.7,0,0,1
82,24,4,0.1,0.1,0.3,1.2,0,0,1
82,26,2,0,0.1,0.2,0.6,0,0,1
82,39,5,0,0.1,0.2,2.6,0,0,1
82,47,4,0.4,0,0.2,1.6,0,0,1
82,49,1,0.1,0,0,0.4,0,0,1
82,50,2,0.2,0,0.1,0.8,0,0,1
82,59,20,0,0.8,0,7.7,0,0,1
82,66,12,0.7,1.2,0.4,4.1,0,0,2
82,67,2,0.1,0.2,0.1,0.7,0,0,1
82,70,2,0.1,0.2,0.1,0.7,0,0,1
82,74,2,0,0.2,0,0.9,0,0,1
82,76,4,0.1,0.1,0.3,1.3,0,0,1
82,77,2,0.1,0,0.1,0.7,0,0,1
82,81,1,0,0,0,0.6,0,0,1
82,82,8,0,0.3,0,4.8,0,0,2
82,83,2,0,0.1,0,1.2,0,0,1
82,92,1,0,0,0.1,0.5,0,0,1
82,93,3,0,0.1,0.2,1.4,0,0,1
82,95,1,0,0,0.1,0.5,0,0,1
82,99,2,0.1,0.1,0.1,1,0,0,1
82,103,1,0.1,0,0.1,0.3,0,0,1
82,105,3,0.3,0.1,0.3,0.9,0,0,1
82,112,6,0.7,0,0,2.1,0,0,1
82,113,2,0.2,0,0,0.7,0,0,1
82,114,3,0.3,0,0,1.1,0,0,1
82,118,14,0,0,1.2,7.3,0,0,3
82,121,3,0,0,0,1.6,0,0,1
82,123,2,0,0,0,1,0,0,1
82,124,2,0,0,0,1,0,0,1
82,126,2,0.1,0.1,0.2,0.5,0,0,1
82,127,20,0.7,0.9,1.9,5.4,0,0.3,3
83,19,6,0.3,0.4,0.3,1.2,0,0,1
83,23,18,0.8,1.4,1,3.6,0,0,2
83,47,2,0.1,0.1,0.1,0.9,0,0,1
83,49,2,0.1,0.1,0.1,0.9,0,0,1
83,50,3,0.1,0.1,0.1,1.4,0,0,1
83,51,6,0.6,0,0.3,2.4,0,0,2
83,63,12,0.4,0.7,0.4,4.5,0,0,1
83,76,2,0,0.1,0,0.9,0,0,1
83,83,1,0,0,0,0.6,0,0,1
83,88,1,0,0,0.1,0.5,0,0,1
83,90,4,0,0.1,0.2,1.9,0,0,1
83,92,6,0.2,0.4,0.3,1.8,0,0,2
83,93,1,0,0.1,0.1,0.3,0,0,1
83,95,6,0,0.5,0.2,2.5,0,0,1
83,103,10,0.4,0.2,0.8,4,0,0,3
83,104,3,0.1,0.1,0.2,1.2,0,0,1
83,105,5,0.2,0.1,0.4,2,0,0,1
83,123,2,0.1,0.1,0,0.9,0,0,1
84,5,5,0.2,0.4,0,2,0,0,1
84,8,1,0.1,0.1,0,0.2,0,0,1
84,9,5,0.4,0.5,0.1,1.1,0,0,1
84,28,47,2.4,2.2,3,15.7,0,0,4
84,29,17,0.4,0.8,1.3,5,0,0,2
84,37,4,0,0.1,0.2,2.1,0,0,1
84,42,2,0.1,0.1,0.1,0.6,0,0,1
84,56,6,0,0.2,0,2.3,0,0,1
84,60,5,0,0.2,0,1.9,0,0,2
84,61,10,0.3,0.7,0.3,3.7,0,0,2
84,67,1,0.1,0.1,0,0.3,0,0,1
84,68,2,0.1,0.2,0.1,0.7,0,0,1
84,71,8,0.2,0.6,0.4,3.4,0,0,2
84,72,20,0.4,1.3,0.9,8.7,0,0,2
84,76,6,0,0.2,0,2.8,0,0,2
84,79,2,0,0.1,0,0.9,0,0,1
84,82,5,0,0.2,0,3,0,0,2
84,89,3,0,0.1,0.2,1.4,0,0,1
84,90,3,0,0.1,0.2,1.4,0,0,2
84,91,40,4.5,2.9,1.5,16.6,0,0,2
84,92,9,0.3,0.8,0.3,2.8,0,0,2
84,93,6,0.2,0.5,0.2,1.9,0,0,2
84,102,2,0.1,0,0.2,0.8,0,0,1
84,103,6,0.2,0.2,0.4,2.4,0,0,2
84,104,3,0.1,0.1,0.2,1.2,0,0,1
84,105,1,0,0,0.1,0.4,0,0,1
84,106,1,0,0,0,0.5,0,0,1
84,111,1,0,0,0.1,0.5,0,0,1
84,112,6,0,0,0.4,3.2,0,0,2
84,113,8,0.2,0.7,0.4,2.8,0,0,2
84,114,9,0.2,0.8,0.5,3.1,0,0,3
84,120,5,0.2,0.2,0,2.3,0,0,2
84,122,2,0.1,0.1,0,0.9,0,0,1
84,124,8,0.3,0.3,0,3.7,0,0,2
84,127,15,0.9,1.4,0.9,3.6,0,0,2
85,5,43,1.7,3.3,0,17.7,0,0,4
85,6,17,1.5,1.5,0.6,3.6,0,0,2
85,7,8,0.7,0.7,0.3,1.7,0,0,1
85,14,12,0,1.9,0.5,2.8,0,0,3
85,15,14,0,2.2,0.6,3.2,0,0,2
85,28,38.5,1.3,0.7,0.9,18.3,0,0,3
85,39,6,0,0.2,0.3,3.1,0,0,2
85,42,6,0.2,0.3,0.3,1.9,0,0,2
85,62,1,0,0.1,0,0.4,0,0,1
85,65,2,0.1,0.1,0.1,0.7,0,0,1
85,69,1,0.1,0.1,0,0.3,0,0,1
85,74,3,0.1,0.2,0.1,1.3,0,0,1
85,76,3,0,0.1,0,1.4,0,0,1
85,78,3,0,0.1,0,1.4,0,0,1
85,79,3,0,0.1,0,1.4,0,0,1
85,85,3,0,0.1,0,1.8,0,0,2
85,87,2,0,0.1,0.1,0.9,0,0,1
85,90,2,0,0.1,0.1,0.9,0,0,1
85,91,15,0.5,1.2,0.6,4.7,0,0,2
85,92,4,0.1,0.3,0.2,1.2,0,0,1
85,94,9,0,0.8,0.4,3.7,0,0,1
85,95,7,0,0.6,0.3,2.9,0,0,1
85,98,2,0,0,0.2,0.8,0,0,2
85,105,2,0.1,0,0.2,0.8,0,0,1
85,106,4,0,0,0.2,1.8,0,0,1
85,107,5,0,0,0.2,2.3,0,0,2
85,108,3,0,0,0.1,1.4,0,0,1
85,112,5,0,0,0.4,2.7,0,0,2
85,113,5,0,0.2,0.3,2.3,0,0,2
85,114,60,1.4,1.4,3.6,28.1,0,0,3
85,124,6,0.2,0.2,0,2.8,0,0,1
86,0,3,0.1,0.3,0.2,0.7,0,0,1
86,6,2,0.2,0.2,0,0.4,0,0,1
86,11,3.5,0,0.5,0.2,0.8,0,0,1
86,14,2,0,0.3,0.1,0.5,0,0,1
86,24,3,0.1,0.2,0.2,0.6,0,0,1
86,25,5,0.2,0.4,0.3,1,0,0,1
86,43,4,0.1,0.2,0.2,1.3,0,0,1
86,44,4,0.1,0.2,0.2,1.3,0,0,1
86,47,11,0.4,0.4,0.5,5.1,0,0,2
86,48,8,0.3,0.3,0.4,3.7,0,0,2
86,59,2,0,0.1,0,0.7,0,0,1
86,73,2,0,0.2,0.2,0.8,0,0,2
86,75,4,0.1,0.3,0.2,1.7,0,0,1
86,79,1,0,0,0,0.5,0,0,1
86,80,1,0,0,0,0.5,0,0,1
86,83,5,0,0.2,0,3,0,0,1
86,96,2,0.1,0,0.2,0.8,0,0,1
86,98,1,0,0,0.1,0.4,0,0,1
86,99,1,0,0,0.1,0.4,0,0,1
86,107,1,0,0,0,0.5,0,0,1
86,108,6,0,0,0.3,2.7,0,0,1
87,0,15,0.7,1.4,0.7,3.6,0,0,1
87,24,2,0.1,0.2,0.1,0.4,0,0,1
87,25,6,0.3,0.5,0.3,1.2,0,0,2
87,45,9,0.3,0.3,0.4,2.9,0,0,2
87,60,6,0,0.3,0,2.2,0,0,2
87,63,3,0.1,0.2,0.1,1.1,0,0,1
87,64,4,0.1,0.3,0.1,1.5,0,0,1
87,68,7,0.5,0.7,0.2,2.3,0,0,2
87,71,2,0,0.1,0.1,0.9,0,0,1
87,75,5,0.1,0.3,0.2,2.2,0,0,1
87,79,2,0,0.1,0,0.9,0,0,1
87,80,1,0,0,0,0.5,0,0,1
87,87,3,0,0.1,0.2,1.4,0,0,1
87,94,1,0,0.1,0,0.4,0,0,1
87,96,1,0,0,0.1,0.4,0,0,1
87,100,7,0.2,0.1,0.6,2.9,0,0,2
87,101,5,0.2,0.1,0.4,2,0,0,2
87,106,2,0,0,0.1,0.9,0,0,1
87,112,3,0,0,0.2,1.6,0,0,1
87,113,1,0,0,0.1,0.5,0,0,1
87,124,2,0.1,0.1,0,0.9,0,0,1
87,125,1,0,0,0,0.5,0,0,1
88,0,13,0,1,1.4,3.8,0,0,2
88,7,17,1,3.1,0.6,4.1,0,0.6,2
88,8,4,0.3,0.7,0.1,1,0,0.1,1
88,15,3,0,0,0.4,0.8,0,0,1
88,21,32,1.1,2.6,1.6,7.5,0,0,3
88,22,18,0.6,1.5,0.9,4.2,0,0,1
88,45,2,0,0.1,0.1,0.7,0,0,1
88,56,7,0.3,0.2,0.3,3.3,0,0,1
88,64,6,0.1,0.4,0.1,2.2,0,0,2
88,70,1,0,0,0.1,0.3,0,0,1
88,75,1,0.1,0.1,0,0.2,0,0,1
88,79,2,0.1,0.2,0.2,0.6,0,0,1
88,80,4,0.2,0.4,0.3,1.2,0,0,2
88,82,2,0.2,0,0.1,0.9,0,0,1
88,94,2,0.1,0.1,0.2,0.7,0,0,1
88,100,5,0,0.2,0,2.2,0,0,2
88,103,12,0,0.7,0.3,6.4,0,0,2
88,106,7,0.1,0.3,0.4,2.1,0,0,3
88,110,3,0,0.1,0.2,0.9,0,0,2
88,113,3,0.1,0.1,0.2,1.1,0,0,1
88,114,3,0,0.1,0.3,1.1,0,0,2
88,116,8,0,0.2,0.4,3.6,0,0,2
89,0,2,0,0.1,0.2,0.6,0,0,1
89,7,39.5,0.3,2.9,1.2,13.2,0,0.2,1
89,8,9,0.4,1.4,0.4,2.1,0,0.2,2
89,11,1,0,0,0.1,0.3,0,0,1
89,15,7,0,0.1,1,1.8,0,0,1
89,19,42,1.3,2.7,5.3,6.7,0.5,0,3
89,42,17,0.5,0.5,0.7,5.9,0,0,2
89,49,4,0,0.1,0.5,2.2,0,0,2
89,50,14,0,0.7,1.6,7.5,0,0,3
89,55,9,0,0.4,0,4.5,0,0,1
89,62,11,0.1,0.6,0.4,3.9,0,0,3
89,67,4,0.1,0.2,0.4,1.1,0,0,1
89,68,3,0.1,0.1,0.3,0.8,0,0,1
89,70,4,0.2,0.2,0.4,1,0,0,2
89,72,13,1,1.3,0.3,2.9,0,0,1
89,73,8,0.6,0.8,0.2,1.8,0,0,2
89,77,7,0.4,0.7,0.5,2.1,0,0,2
89,82,14,1.4,0.3,0.4,6.5,0,0,2
89,85,22,2.2,0.5,0.6,10.2,0,0,3
89,86,3,0,0.1,0.2,1.2,0,0,2
89,87,1,0,0,0.1,0.4,0,0,1
89,99,1,0,0,0,0.5,0,0,1
89,100,16,0,0.5,0,7.2,0,0,3
89,101,8,0,0.5,0.2,4.2,0,0,2
89,103,1,0,0.1,0,0.5,0,0,1
89,104,4,0,0.2,0.1,2.1,0,0,1
89,111,8,0.2,0.2,0.6,3,0,0,3
89,118,3,0,0.1,0.2,1.3,0,0,1
89,122,2,0,0.1,0.1,0.9,0,0,1
90,7,5,0.1,0.2,0.5,1.1,0,0,1
90,12,2,0,0,0.3,0.5,0,0,1
90,19,47,1.2,3.3,2.7,10.8,0,0,2
90,20,43.5,1.3,2.8,5.4,6.9,0.5,0,4
90,26,10,0.4,0.5,0.8,3,0,0,1
90,30,5,0.2,0.3,0.4,1.5,0,0,1
90,35,1,0.1,0.1,0.1,0.3,0,0,1
90,39,23,1.8,1,1.2,7.6,0,0,3
90,40,8,0.5,0.3,0.5,2.6,0,0,2
90,44,2,0,0.1,0.1,0.7,0,0,1
90,45,4,0.1,0.1,0.2,1.4,0,0,1
90,50,1,0,0,0.1,0.6,0,0,1
90,52,3,0,0.1,0,1.5,0,0,1
90,55,4,0,0.2,0,2,0,0,1
90,77,4,0.2,0.4,0.3,1.2,0,0,2
90,79,10,0.6,0.9,0.7,3.1,0,0,3
90,89,2,0,0.1,0.1,0.8,0,0,1
90,95,14,1,1,1,5,0,0,2
90,97,1,0.1,0.2,0,0.3,0,0,1
90,98,5,0.1,0.8,0,1.8,0,0,2
90,99,8,0.3,1.9,0,2.4,0,0,2
90,100,5,0,0.1,0,2.3,0,0,2
90,103,6,0,0.3,0.2,3.1,0,0,3
90,104,1,0,0.1,0,0.5,0,0,1
90,106,7,0.2,0.3,0.5,2,0,0,1
90,113,6,0.1,0.1,0.5,2.2,0,0,2
90,114,8,0.1,0.2,0.7,2.9,0,0,2
90,118,2,0,0.1,0.1,0.9,0,0,1
90,120,14,0,0.4,0.8,6.2,0,0,4
90,124,5,0,0.1,0.3,2.2,0,0,1
91,0,44,0,3.4,2.6,13.8,0,0,2
91,1,5,0,0.4,0.6,1.1,0,0,1
91,5,7,0,0.5,0.9,1.5,0,0,1
91,7,10,0.3,0.3,1,2.1,0,0,1
91,8,56,0.6,2.9,2.6,15.6,0,0,3
91,12,4,0,0.1,0.5,1,0,0,1
91,19,2,0.1,0.1,0.3,0.3,0,0,1
91,20,2,0.1,0.1,0.3,0.3,0,0,1
91,24,6,0.2,0.5,0.3,1.4,0,0,1
91,26,7,0.3,0.4,0.5,2.1,0,0,1
91,29,17,0.7,0.9,1.2,5.2,0,0,3
91,30,1,0,0.1,0.1,0.3,0,0,1
91,31,2,0.1,0.3,0.1,0.6,0,0,1
91,35,9,0.3,1.2,0.6,3,0,0,1
91,37,8,0.3,0.3,0.5,2.5,0,0,1
91,39,9,0.3,0.3,0.6,2.8,0,0,2
91,42,2,0,0.1,0.1,0.7,0,0,1
91,47,1,0,0,0.1,0.6,0,0,1
91,50,3,0,0.1,0.4,1.6,0,0,1
91,51,3,0,0.1,0,1.5,0,0,1
91,52,1,0,0,0,0.5,0,0,1
91,64,34,0.5,2,1,12.2,0,0,3
91,65,4,0.1,0.3,0.1,1.4,0,0,1
91,73,11,0.8,1.1,0.3,2.5,0,0,1
91,74,6,0.4,0.6,0.2,1.3,0,0,1
91,75,1,0.1,0.1,0,0.2,0,0,1
91,92,5,0.4,0.4,0.4,1.7,0,0,2
91,99,9,0.3,2.1,0,2.8,0,0,1
91,100,1,0.1,0.2,0,0.3,0,0,1
91,109,4,0,0,0.2,1.5,0,0,1
91,110,13,0,0,0.8,4.7,0,0,1
91,113,2,0,0.1,0.2,0.7,0,0,1
91,116,3,0,0.1,0.2,1.3,0,0,2
91,117,1,0,0,0.1,0.4,0,0,1
91,120,2,0,0.1,0.1,0.9,0,0,1
92,0,4.5,0,0.3,0.5,1.3,0,0,1
92,1,12,0,0.9,1.5,2.6,0,0,3
92,4,4,0,0.3,0.5,0.9,0,0,1
92,5,13,0,0.9,1.6,2.9,0,0,2
92,6,6,0.1,0.2,0.6,1.3,0,0,1
92,7,9,0.2,0.3,0.9,2,0,0,2
92,8,12,0.3,0.4,1.2,2.6,0,0,2
92,12,4,0,0.1,0.5,1,0,0,1
92,13,1,0,0,0.1,0.3,0,0,1
92,23,4,0.1,0.3,0.2,1,0,0,1
92,28,5,0.2,0.3,0.4,1.5,0,0,1
92,29,32,0.5,0.8,1.1,16.3,1,0,2
92,30,17,0.6,1,1.4,5.1,0,0,2
92,31,1,0.1,0.1,0.1,0.3,0,0,1
92,38,2,0.1,0.1,0.1,0.6,0,0,1
92,43,2,0,0.1,0.1,0.7,0,0,1
92,47,2,0,0.1,0.2,1.1,0,0,1
92,50,1,0,0,0.1,0.6,0,0,1
92,51,2,0,0.1,0,1,0,0,1
92,59,5,0.2,0.1,0.2,2.5,0,0,2
92,64,4,0,0.2,0.2,1.4,0,0,2
92,65,8,0.1,0.5,0.2,2.9,0,0,1
92,79,5,0.3,0.5,0.3,1.6,0,0,1
92,81,1,0.1,0,0,0.5,0,0,1
92,87,3,0,0.2,0.2,1.2,0,0,1
92,91,7,0.5,0.5,0.5,2.5,0,0,2
92,98,3,0.1,0.7,0,0.9,0,0,1
92,100,1,0.1,0.2,0,0.3,0,0,1
92,101,3,0,0.2,0.1,1.5,0,0,2
92,105,1,0,0.1,0,0.5,0,0,1
92,106,10,0.2,0.4,0.7,2.9,0,0,1
92,107,10,0.3,0.4,0.7,2.9,0,0,2
92,108,9,0.2,0.4,0.6,2.6,0,0,3
92,109,4,0,0,0.2,1.5,0,0,2
92,110,11,0,0,0.6,4.1,0,0,2
92,111,4,0.1,0.1,0.3,1.5,0,0,1
92,115,1,0,0,0.1,0.4,0,0,1
93,8,2,0,0,0.3,0.5,0,0,1
93,13,23,1,1,1.1,6.6,0,0,3
93,22,3,0.3,0,0,1.6,0,0,2
93,38,3,0.1,0.1,0.2,1.1,0,0,2
93,39,3,0.1,0.1,0.2,1.1,0,0,1
93,41,7,0.7,1,0.6,0.9,0,0,1
93,42,3,0.3,0.5,0.2,0.4,0,0,2
93,43,14,1.8,1,0.8,3.4,0,0,2
93,47,16,1.5,1,0.5,4.3,0,0,2
93,48,1,0,0,0.2,0.1,0,0,1
93,49,1,0,0,0.2,0.1,0,0,1
93,59,12,0.5,0.2,0.6,5.8,0,0,2
93,60,4,0.1,0.1,0.2,1.9,0,0,1
93,62,7,0,0.7,0.4,3.1,0,0,2
93,63,6,0,0.6,0.3,2.7,0,0,2
93,76,78,6.3,17.7,5.2,6.8,0,5.1,3
93,81,1,0,0.1,0.1,0.2,0,0,1
93,92,3,0.1,0.1,0.5,0.8,0,0.2,1
93,100,10,0.4,0.5,0,4.3,0,0,3
93,101,3,0.1,0.2,0,0.9,0,0,2
93,104,9,0.3,0.6,0.1,2.7,0,0,1
93,105,2,0.1,0.1,0,0.6,0,0,1
93,106,7,0,0,0.7,2.1,0.2,0,3
93,108,2,0,0,0.2,0.6,0.1,0,1
93,114,4,0.1,0.1,0.3,1.5,0,0,1
93,119,2,0,0.1,0.1,0.7,0,0,1
93,120,7,0.1,0.4,0.3,2.4,0,0,1
93,123,4,0,0.2,0.6,1.4,0,0,2
93,124,10,0,0.4,1.6,3.4,0,0,4
94,3,27,1.9,3.7,1.9,3.7,0,0,3
94,4,2,0.1,0.3,0.1,0.3,0,0,1
94,16,34,2.6,0.4,2.7,11,0,0,1
94,21,13,1.5,0,0,6.9,0,0,4
94,25,9,0,0.4,0.9,2.1,0,0,2
94,31,2,0.2,0,0.1,0.7,0,0,1
94,32,4,0.4,0.1,0.2,1.3,0,0,1
94,39,13,0.5,0.6,0.8,4.6,0,0,2
94,40,19,0.7,0.8,1.3,6.7,0,0,3
94,41,9,0.9,1.3,0.7,1.2,0,0,2
94,42,52,3.3,5.2,4.9,12,0,0,3
94,43,166.5,13,4.2,6.3,64.1,0,2,1
94,44,11,1.6,0.4,0.4,3.3,0,0,1
94,47,10,0.9,0.6,0.3,2.7,0,0,1
94,48,8,0,0.4,1.7,0.6,0,0,1
94,52,1,0.1,0.1,0.1,0.2,0,0,1
94,53,1,0.1,0.1,0.1,0.2,0,0,1
94,55,8,0.5,1,0.5,2,0,0,1
94,56,1,0,0,0.1,0.5,0,0,1
94,68,1,0,0,0.1,0.3,0,0,1
94,71,1,0,0.1,0.2,0.1,0,0,1
94,72,6,0.3,0.3,0.9,0.8,0,0,2
94,74,8,0.4,0.4,1.3,1,0,0,1
94,75,12,0.5,0.7,2,1.4,0,0,3
94,76,98.5,5,10,9,22,0,1,0
94,77,161,12.9,5,3.6,71.1,0,5.8,1
94,78,42,2.4,8.8,3.3,5.7,0,0,1
94,79,4,0.1,0.9,0.5,0.2,0,0,1
94,81,16,0.3,1.9,1.9,2.1,0,0,1
94,82,36.5,0.5,4.4,4.4,4.9,0,0,3
94,90,4,0,0.2,0.2,1.6,0,0,2
94,97,18,0,3.3,1.7,4,0,0,3
94,100,3,0.1,0.2,0,1.3,0,0,1
94,105,3,0.1,0.2,0,0.9,0,0,1
94,108,8,0,0.5,0.1,2.8,0,0,2
94,109,3,0,0.2,0,1.1,0,0,1
94,113,2,0,0.1,0.2,0.7,0,0,1
94,114,2,0,0.1,0.2,0.7,0,0,1
94,116,2,0,0.1,0.1,0.7,0,0,1
94,119,3,0.1,0.2,0.1,1,0,0,1
94,125,4,0,0.2,0.6,1.4,0,0,1
94,126,22,2.2,1.4,1.4,5.2,0,0,4
95,0,4,0,0.2,0.7,0.6,0,0,1
95,6,15,0,0.3,2,3.8,0,0,2
95,7,3,0,0,0.4,0.8,0,0,1
95,16,34,2.2,1.4,2.2,10.1,0,0,2
95,21,7,0.1,0.3,0.6,1.9,0,0,2
95,24,2,0,0.1,0.2,0.5,0,0,1
95,25,32,0,1.9,3,7.3,0,0,4
95,34,3,0.2,0.1,0.2,1,0,0,1
95,35,5,0.4,0.1,0.3,1.7,0,0,1
95,41,18,1.9,2.4,1.5,2.4,0,0,1
95,42,12,1.2,1.7,0.9,1.6,0,0,2
95,43,96,5.4,16.2,9.4,14.3,0,0,3
95,44,161,14.4,24.8,11.2,35.7,0,3,1
95,45,18,0.3,6.1,1.7,0.6,0,0,2
95,48,44,0,1.2,8,6.7,0,0,2
95,49,37.5,3,1.4,4.7,10.6,0,0,1
95,55,22,1.3,2.8,1.4,5.5,0,0,3
95,56,1,0,0,0.1,0.5,0,0,1
95,60,3,0.1,0.1,0.1,1.5,0,0,1
95,67,11,0.3,0.6,1.1,3,0,0,1
95,74,24,1.2,1.2,4,2.8,0,0,1
95,75,9,0.4,0.5,1.5,1.1,0,0,2
95,76,1,0.1,0.1,0.1,0.1,0,0,1
95,77,38,2.9,4,5.6,6.1,0,0.8,1
95,78,17,0.9,2.8,2.1,1.3,0,0.3,2
95,79,10,0.2,2.2,1.3,0.5,0,0,1
95,90,16,0,1.1,1.2,6,0,0,3
95,91,1,0,0,0.2,0.3,0,0.1,1
95,92,1,0,0,0.2,0.3,0,0.1,1
95,95,18,0.6,0.9,2.8,4.7,0,1,2
95,96,9,0.4,0.6,0.1,3.6,0,0,2
95,97,3,0,0.5,0.3,0.7,0,0,1
95,103,2,0.1,0.1,0,0.6,0,0,1
95,104,26,0.8,1.7,0.4,7.8,0,0,3
95,105,1,0,0.1,0,0.3,0,0,1
95,106,2,0,0,0.2,0.6,0.1,0,1
95,109,12,0,0.8,0.1,4.2,0,0,2
95,110,17,0,0.7,1,5.6,0.2,0,2
95,123,12,0,0.3,1.7,3.7,0,0,2
96,0,22,0,1.3,3.8,3.1,0.2,0,2
96,6,5,0,0.1,0.7,1.3,0,0,1
96,14,1,0,0,0.1,0.3,0,0,1
96,15,4,0.2,0.2,0.2,1.1,0,0,1
96,16,2,0.1,0.1,0.1,0.6,0,0,1
96,20,1,0.1,0,0.1,0.3,0,0,1
96,21,4,0,0.2,0.4,0.9,0,0,1
96,30,2,0.1,0.3,0.1,0.6,0,0,1
96,31,1,0.1,0.1,0.1,0.3,0,0,1
96,32,9,1.2,0.5,0.7,3.2,0,0,2
96,33,12,1.5,0.6,0.9,4.2,0,0,3
96,34,3,0.2,0.1,0.2,1,0,0,1
96,35,17,1.4,0.5,1,5.6,0,0,3
96,38,22,0.3,0.9,1.5,6.9,0,0,3
96,44,66.5,0,14,12,0,0,9,0
96,46,1,0.1,0.1,0,0.3,0,0,1
96,48,6,0,0,0.9,1.5,0,0,1
96,49,31,1,1,2.3,10.5,0,0,1
96,56,4,0.1,0.1,0.2,1.9,0,0,1
96,60,4,0.1,0.1,0.2,2,0,0,2
96,61,1,0,0.1,0.1,0.4,0,0,1
96,62,2,0,0.2,0.1,0.9,0,0,1
96,63,5,0,0.5,0.4,2,0,0,2
96,66,5,0.1,0.2,0.5,1.4,0,0,1
96,69,4,0.1,0.2,0.4,1.1,0,0,1
96,79,3,0.1,0.7,0.4,0.1,0,0,1
96,93,7,0.2,0.4,1.1,1.8,0,0.4,1
96,94,4,0.2,0.2,0.6,1,0,0.2,1
96,104,12,0.4,0.8,0.2,3.6,0,0,2
96,106,2,0,0,0.2,0.6,0.1,0,1
96,109,7,0,0.1,0.7,2.1,0.2,0,1
96,110,3,0,0,0.3,0.9,0.1,0,1
96,116,7,0.1,0.4,0.2,2.5,0,0,2
96,117,10,0.2,0.5,0.4,3.4,0,0,1
96,122,1,0,0,0.1,0.2,0,0,1
97,6,4,0,0.1,0.5,1,0,0,1
97,12,17,0.7,0.8,0.8,4.9,0,0,2
97,28,2,0.1,0.3,0.1,0.6,0,0,1
97,30,13,0.5,1.8,0.8,4.2,0,0,2
97,31,4,0.5,0.3,0.3,1.4,0,0,2
97,32,13,1.7,0.8,1.1,4.4,0,0,3
97,37,25,0,0.9,1.8,7.5,0,0,3
97,38,17,0,0.6,1.2,5.3,0,0,2
97,45,2,0,0.7,0.2,0.1,0,0,1
97,46,6,0.5,0.4,0.2,1.6,0,0,1
97,56,5,0.1,0.1,0.3,2.4,0,0,2
97,63,2,0,0.3,0.4,0.3,0,0,1
97,64,17,0,2.4,3.1,3,0,0,2
97,65,8,0,1.2,1.5,1.3,0,0,3
97,69,7,0.2,0.3,0.7,1.9,0,0,1
97,81,1,0,0.1,0.1,0.2,0,0,1
97,82,3,0,0.4,0.4,0.4,0,0,1
97,83,2,0,0.2,0.3,0.3,0,0,1
97,93,16,0.5,0.7,2.6,4.2,0,0.9,3
97,94,7,0.3,0.3,1.1,1.8,0,0.4,2
97,95,1,0,0,0.2,0.3,0,0.1,1
97,103,5,0.2,0.3,0.1,1.5,0,0,1
97,106,7,0,0.1,0.7,2.1,0.2,0,1
97,107,3,0,0,0.3,0.9,0.1,0,2
97,109,4,0,0.1,0.4,1.2,0.1,0,1
97,111,2,0,0.1,0.2,0.7,0,0,1
97,113,2,0,0.1,0.2,0.7,0,0,1
97,116,12,0.2,0.6,0.4,4.2,0,0,2
97,117,12,0.2,0.7,0.5,4.1,0,0,3
97,125,27,0,0,3.4,5.9,0,0,3
97,126,9,0,0.3,0.7,3.5,0,0,2
98,5,23,0,1.8,6.2,0.3,0,0,1
98,6,64,0.9,13,9.3,3.7,0,0,3
98,7,6,0.1,0.6,1.1,0.5,0,0,2
98,11,29,0,12,0,0,0,0,0
98,12,58,1.2,9.9,11.4,1.7,0.7,1.2,4
98,13,2,0.1,0.3,0.4,0.1,0,0,1
98,19,7,0.4,0.2,0.6,1.6,0,0,1
98,23,13,0.3,0.5,1.9,1.9,0,0,3
98,24,27,0.7,0.7,4.2,3.6,0,0,3
98,26,26,2.4,1.4,3.4,5.1,0,0.4,2
98,27,61,6.3,3,4.9,14.3,0,0.5,3
98,28,18,1.7,1,2.3,3.5,0,0.3,2
98,37,2,0.1,0.2,0.2,0.6,0,0,1
98,44,1,0,0,0.1,0.4,0,0,1
98,48,2,0,0,0.2,0.8,0,0,2
98,56,9,0.3,0,0.4,3.8,0,0,2
98,59,9,0.3,0,0.4,3.8,0,0,2
98,60,2,0.1,0,0.1,0.8,0,0,1
98,64,37,2.1,4.2,1.3,10,0,1,1
98,65,14,1.1,2.2,0.2,3,0,0,2
98,72,7,0,0.8,0.9,1.4,0,0,1
98,84,2,0,0.1,0.1,0.7,0,0,1
98,86,1,0,0,0.1,0.4,0,0,1
98,89,2,0,0,0.1,0.8,0,0,1
98,90,2,0,0,0.1,0.8,0,0,1
98,92,7,0.2,0.3,0.2,1.9,0,0,2
98,93,4,0.1,0.2,0.1,1.1,0,0,1
98,95,11,0,0.6,1.4,2.1,0,0,2
98,96,7,0.1,0.7,1,2,0,0,3
98,98,12,0.1,0.8,1.9,3.7,0,0,4
98,99,7,0,0.2,1.2,2.3,0,0,2
98,108,1,0,0.1,0.1,0.2,0,0,1
98,109,6,0.2,0.7,0.2,1.4,0,0,1
98,111,1,0,0.1,0.2,0.2,0,0,1
98,112,2,0.1,0.2,0.3,0.5,0,0,1
98,113,21,0.3,1.7,2.2,5.3,0,0,3
98,126,6,0,0.4,0.8,1.7,0.1,0,1
99,1,7,0,0.5,1.9,0.1,0,0,2
99,5,80,0,4.8,20.7,0.4,0,0,3
99,6,124,2.8,9.5,13.4,29.3,0,2,1
99,7,36,0.9,3.2,6.7,2.9,0,0,2
99,10,29,0.9,0.9,7,0.8,0,0,2
99,11,133.5,3.5,11.7,27.4,14.6,0.3,0.5,1
99,12,182,2.5,11.4,29.9,47.6,0.2,16.5,2
99,19,50.5,2.5,1.6,4.2,12,0,0,4
99,20,2,0.1,0,0.2,0.5,0,0,1
99,24,3,0,0.1,0.5,0.4,0,0,2
99,25,35,0.8,1,5.4,4.6,0,0,2
99,26,20,1.9,1.1,2.6,3.9,0,0.3,1
99,27,5,0.5,0.3,0.6,1,0,0.1,2
99,28,1,0.1,0.1,0.1,0.2,0,0,1
99,35,1,0,0,0.1,0.3,0,0,1
99,37,1,0,0.1,0.1,0.3,0,0,1
99,38,16,0.5,1.6,1.3,5.1,0,0,2
99,39,3,0.1,0.3,0.2,1,0,0,1
99,44,13,0,0.3,0.4,5.3,0,0,2
99,51,1,0,0,0.1,0.4,0,0,1
99,52,18,0,0.4,1.2,6.9,0,0,3
99,62,16,0,0.4,2.6,3.4,0,0,3
99,63,5,0,0.1,0.8,1.1,0,0,2
99,64,23,1.8,3.7,0.5,4.8,0,0,4
99,72,5,0,0.6,0.6,1,0,0,1
99,73,4,0,0.5,0.5,0.8,0,0,1
99,80,3,0,0.2,0.2,1.3,0,0,1
99,90,2,0,0,0.1,0.8,0,0,1
99,92,4,0.1,0.2,0.1,1.1,0,0,1
99,93,2,0,0.1,0.2,0.4,0,0,1
99,95,9,0,0.5,1.1,1.7,0,0,2
99,96,6,0.2,0.4,0.8,1.8,0,0,2
99,99,7,0,0.2,1.2,2.3,0,0,2
99,100,9,0,0.2,1.6,2.9,0,0,3
99,101,25,0.5,4.4,3.9,2.4,0,0,4
99,102,17,0.3,3,2.7,1.6,0,0,2
99,104,10,0.1,1.8,1.6,1,0,0,1
99,108,2,0.1,0.2,0.1,0.4,0,0,1
99,114,3,0,0.3,0.2,0.7,0,0,2
100,0,7,0.3,0.6,0.9,1.4,0,0,1
100,1,6,0,0.5,1.6,0.1,0,0,1
100,5,6,0,0.5,1.6,0.1,0,0,1
100,6,51,0.2,3.1,11.4,2.7,0,0,2
100,8,3,0,0.3,0.7,0.1,0,0,1
100,10,4,0.1,0.1,1,0.1,0,0,1
100,11,31,0.6,5.3,6.1,0.9,0.4,0.6,2
100,12,9,0.2,1.5,1.8,0.2,0.1,0.2,2
100,24,2,0,0.1,0.1,0.7,0,0,1
100,27,2,0.2,0.1,0.2,0.4,0,0,1
100,36,8,0.3,0.1,1.1,2.1,0,0,1
100,37,7,0.2,0.1,0.9,1.9,0,0,1
100,38,6.5,0.2,0.1,0.9,1.7,0,0,1
100,55,2,0,0,0.1,0.8,0,0,1
100,58,4,0.1,0,0.2,1.7,0,0,1
100,72,2,0,0.2,0.3,0.4,0,0,1
100,79,12,0,0.6,1,5.2,0,0,2
100,83,2,0,0.1,0.1,0.7,0,0,1
100,84,6,0,0.2,0.3,2.1,0,0,1
100,93,8,0.2,0.4,0.4,2,0,0,2
100,94,16,0.2,0.8,1.5,3.5,0,0,2
100,95,11,0.2,0.6,0.7,2.6,0,0,2
100,96,3,0.1,0.2,0.4,0.9,0,0,1
100,99,10,0.5,1.1,1.6,0.5,0,0,1
100,100,5,0,0.1,0.9,1.6,0,0,2
100,102,21.5,0.4,3.7,3.3,2.3,0,0,3
100,103,4,0.2,0.4,0.3,0.8,0,0,2
100,104,1,0,0.2,0.1,0.1,0,0,1
100,111,23,0.6,2,3.5,5.7,0,0,3
100,112,4,0.1,0.4,0.6,0.9,0,0,2
100,118,5,0.3,0.5,0.4,1.1,0,0,2
101,7,19,0,1.9,4.5,0.5,0,0,1
101,8,13,0,1.3,3.1,0.3,0,0,1
101,12,1,0,0,0.1,0.2,0,0,1
101,13,5,0.3,0.6,0.1,1.5,0,0,1
101,15,35.5,1.8,4.4,0.8,10.5,0,0,2
101,23,15,0.3,1.1,0.8,4.9,0,0,3
101,24,18,0.4,1.3,0.8,5.8,0,0,2
101,29,18,1.7,0.9,2.4,3.5,0,0.2,2
101,31,4,0,0.3,0.3,1.2,0,0,1
101,35,10,0,0.6,0.7,3.1,0,0,1
101,36,6,0.2,0.1,0.8,1.6,0,0,2
101,37,40,1.5,0.5,5.4,10.6,0,0,4
101,38,58,2.5,0.3,4,18,1,0,2
101,44,2,0,0,0.1,0.8,0,0,1
101,48,14,0.4,0.6,0.8,5.4,0,0,2
101,53,7,0,0.1,0.4,2.7,0,0,2
101,59,2,0.1,0,0.1,0.8,0,0,1
101,67,2,0,0.2,0.3,0.4,0,0,1
101,73,3,0,0.3,0.4,0.6,0,0,1
101,81,13,0,0.5,0.7,4.6,0,0,2
101,83,2,0,0.1,0.1,0.7,0,0,1
101,85,3,0,0.1,0.1,1.1,0,0,1
101,86,7,0.1,0.1,0.4,2.6,0,0,1
101,88,2,0,0,0.1,0.8,0,0,1
101,92,5,0.2,0.2,0.2,1.3,0,0,2
101,95,5,0.2,0.2,0.2,1.3,0,0,1
101,97,13,0.4,1.1,1.9,3.7,0,0,3
101,98,10,0.5,1.1,1.6,0.5,0,0,1
101,99,62,3.1,6.6,10,3.1,0,0,4
101,100,37.5,1.6,6.3,5.1,2.6,0,0,3
101,101,123,6.5,12.5,6.3,40.3,0,2,1
101,102,42,3.2,3.3,2.5,8.9,0.3,0,3
101,103,10,0.8,0.8,0.6,2.1,0.1,0,2
101,105,9,0.6,1.7,0.3,1.9,0,0,2
101,106,8,0.3,0.9,0.3,1.8,0,0,1
101,108,2,0.1,0.2,0.1,0.4,0,0,1
101,109,5,0,0.4,0.6,1.2,0,0,1
101,115,6,0,0.5,0.3,1.5,0,0,1
102,6,104,1,3.3,23.1,10.3,0,4,1
102,7,20,0,2,4.7,0.5,0,0,3
102,11,71,0,4,6.8,17.9,0,0,2
102,17,12,0,0.3,1.7,2.3,0,0,2
102,18,17,0,0.5,2.3,3.4,0,0,2
102,20,7,0,0.2,0.9,1.4,0,0,2
102,23,1,0,0.1,0.1,0.3,0,0,1
102,24,6,0.1,0.4,0.3,2,0,0,1
102,27,2,0.2,0.1,0.2,0.4,0,0,1
102,34,17,0,1,1.1,5.3,0,0,3
102,37,1,0,0,0.1,0.3,0,0,1
102,39,10,0.3,1.1,0.8,3.1,0,0,2
102,40,5,0.2,0.5,0.4,1.6,0,0,2
102,44,10,0,0.2,0.3,4.1,0,0,3
102,49,2,0,0.1,0.1,0.8,0,0,1
102,53,13,0,0.3,0.8,5,0,0,3
102,54,6,0,0.1,0.4,2.3,0,0,2
102,59,2,0.1,0,0.1,0.8,0,0,1
102,61,2,0,0.1,0,0.8,0,0,1
102,62,22.5,0.5,1,0,8.4,0,0,2
102,63,28,0.5,1.1,1.1,9.3,0,0,2
102,64,9,0,0.2,1.5,1.9,0,0,2
102,67,2,0,0.2,0.3,0.4,0,0,1
102,76,3,0,0.2,0.2,1.3,0,0,1
102,78,3,0,0.2,0.2,1.3,0,0,1
102,79,3,0,0.2,0.2,1.3,0,0,1
102,81,11,0,0.3,0.5,4,0,0,2
102,82,2,0,0.1,0.1,0.7,0,0,1
102,83,10,0,0.3,0.5,3.6,0,0,1
102,84,1,0,0,0,0.4,0,0,1
102,85,7,0,0.2,0.4,2.5,0,0,1
102,91,2,0.1,0.1,0.1,0.5,0,0,1
102,92,13,0.4,0.7,0.4,3.4,0,0,2
102,95,2,0.1,0.1,0.1,0.5,0,0,1
102,99,29,1.5,3,4.7,1.4,0,0,3
102,100,152.5,12.7,21.3,28.1,4.7,0,22,1
102,101,173.5,26.6,6.7,7,34.3,0.3,15,2
102,102,243.5,6,24,29,65,0,0,0
102,103,60,4.3,8.8,2.3,13.2,0.2,0,4
102,104,121,4.4,10.9,6.1,45.1,0,0,1
102,105,17,1.2,3.1,0.5,3.8,0,0,2
102,106,15,0.5,1.7,0.5,3.5,0,0,3
102,107,8,0.3,0.8,0.4,1.8,0,0,3
102,108,25,0.4,2.4,1.9,5.8,0,0,4
102,109,54,1,4.1,2.5,16.1,0,0,2
102,110,30,0,2.5,3.6,7.1,0,0,3
102,115,36,0,3,1.8,9,0,0,3
102,116,9,0.5,1,0.7,1.9,0,0,1
102,118,7,0.4,0.7,0.6,1.5,0,0,2
102,119,16.5,0.9,1.8,1.3,3.5,0,0,1
102,121,14,0,1.6,2,1.6,0,0,2
102,122,22,0,2.5,3.1,2.5,0,0,2
102,123,43,0,4.9,6,4.8,0,0,3
102,126,7,0,0.5,0.9,2,0.1,0,1
102,127,1,0,0.1,0.1,0.3,0,0,1
103,0,21,0.3,1.2,3.6,3.3,0,0,2
103,1,31,0.3,3.9,4.1,2.1,0.3,0,3
103,2,20,0.2,2.6,2.6,1.3,0.2,0,1
103,5,13,0,1.8,2.6,0,0,0,2
103,6,130,1,16,26.3,7,0,0,1
103,10,8,0,0.6,0.8,2.2,0,0,1
103,11,3,0,0.6,0.1,1,0,0,1
103,13,22,0,1.2,1.3,7.9,0,0,2
103,14,8,0,0.4,0.5,2.9,0,0,2
103,15,2,0,0.1,0.1,0.7,0,0,1
103,20,2,0.1,0,0.4,0.4,0,0,1
103,23,5,0.1,0.2,0.7,1.1,0,0,1
103,24,15,0.5,0.6,2,3.3,0,0,1
103,31,19,0,1.4,0,6.1,0,0,3
103,49,10,0.2,0.4,0.6,3.9,0,0,1
103,54,8,0,0.5,0.5,3.1,0,0,1
103,56,18.5,0.7,1.6,0.7,5.3,0,0,2
103,62,16,0.7,1.6,0.9,2.7,0,0,2
103,64,14,0.7,1.3,0.7,2.4,0,0,1
103,65,6,0.3,0.6,0.3,1,0,0,1
103,74,13,0.2,2.2,0.9,2.9,0,0,2
103,75,2,0,0.3,0.2,0.5,0,0,1
103,76,4,0,0.2,0.3,1.8,0,0,1
103,79,3,0,0.2,0.2,1.3,0,0,1
103,82,2,0,0,0.4,0.6,0,0,1
103,83,2,0,0,0.4,0.6,0,0,1
103,84,3,0,0,0.6,0.8,0,0,1
103,85,12,0,0,2.5,3.3,0,0,2
103,89,8,0.1,0.1,0.4,3,0,0,2
103,90,12,0.1,0.2,0.6,4.5,0,0,3
103,93,1,0,0.2,0.1,0.1,0,0,1
103,94,1.5,0,0.3,0.1,0.2,0,0,1
103,95,5,0,0.9,0.4,0.8,0,0,1
103,96,11,0,2.9,0.8,1.5,0,0,1
103,98,2,0,0.5,0.2,0.3,0,0,1
103,99,16,1.9,3.1,0.6,1.9,0,0,3
103,100,14,1.8,2.6,0.5,1.7,0,0,2
103,101,6,0.2,0.4,0.4,1.6,0,0,2
103,102,1,0,0.1,0.1,0.2,0,0,1
103,103,14,0.1,1.6,2.1,1.6,0,0,3
103,104,36,1,3.6,2.8,11.5,0,0,1
103,105,4,0,0.5,0.6,0.4,0,0,1
103,110,4,0,0.1,0.3,2.1,0,0,2
103,114,1,0,0.2,0.1,0.1,0,0,1
103,115,7,0.2,1.1,0.5,1,0,0,2
103,117,14,0.2,1.3,1.5,2.1,0,0,1
103,118,10,0.6,1,1.1,1.5,0,0,3
103,119,57,7.4,5,6.9,8.6,0,0,4
103,120,61,4.4,5.3,10.1,10.9,0,0,2
103,121,62,2.9,17.8,5.1,4.7,0,0,3
103,122,36,0.7,8.8,4.2,2.7,0,0,3
103,123,40,0.5,8.2,5.2,3.1,0,0,4
103,124,2,0,0.3,0.3,0.2,0,0,1
103,126,18.5,0.4,0.9,3.6,2.2,0,0,2
103,127,76.5,0.5,4.4,7.1,14.3,0,0,2
104,1,213,1.1,7.4,39.5,23.7,0.1,5,1
104,2,22,0.2,2.9,2.9,1.4,0.2,0,2
104,6,19,0,0,5.7,0,0,0,1
104,9,5,0,0.5,0.5,1.3,0,0,2
104,13,2,0,0.4,0.1,0.6,0,0,1
104,20,7,0.5,0.2,1.2,1.2,0,0,2
104,23,39,0.6,2.9,4.7,11.7,0,0,2
104,24,41,1.2,1.7,5.3,9.1,0,0,4
104,26,31,0.2,0.3,4.8,9.2,0,0,1
104,27,26,0.6,1.2,3.1,8.1,0,0,3
104,34,23,1.2,3.4,0.6,5,0,0,3
104,36,14,0,0.9,0.4,5.9,0,0,1
104,37,6,0,0.4,0.2,2.5,0,0,1
104,52,2,0,0.1,0.1,0.8,0,0,1
104,56,2,0.1,0.1,0.1,0.6,0,0,1
104,57,4,0.2,0.3,0.2,1.1,0,0,1
104,60,5,0.2,0.3,0.2,1.1,0,0,1
104,77,1,0,0.1,0.1,0.4,0,0,1
104,82,2,0,0,0.4,0.6,0,0,1
104,91,3,0,0.6,0.2,0.5,0,0,1
104,93,5,0,0.9,0.4,0.8,0,0,1
104,95,6,0,1.1,0.5,1,0,0,1
104,96,20,0,5.1,1.5,2.9,0,0,4
104,97,5,0,1.3,0.4,0.7,0,0,2
104,105,8,0,1,1.3,0.7,0,0,1
104,106,23,0.5,1.6,1.6,6.8,0,0,2
104,107,8,0.2,0.5,0.5,2.4,0,0,1
104,118,4,0.3,0.4,0.4,0.6,0,0,2
104,119,13,1.7,1.1,1.5,2,0,0,2
104,120,177.5,6.7,13.2,17.6,63.1,0,3,1
104,121,108,2.1,11,17.4,16.3,0,2,1
104,122,23,0.4,5.7,2.5,1.9,0,0,4
104,123,2,0,0.5,0.2,0.2,0,0,1
104,124,7,0,1.1,1.1,0.5,0,0,1
104,125,20,0,3.1,3.1,1.5,0,0,1
104,126,2,0,0.1,0.4,0.3,0,0,1
104,127,10,0.2,0.5,1.9,1.2,0,0,1
105,0,4,0,0.2,0.8,0.6,0,0,2
105,1,61.5,1.2,6.9,5.7,9.5,0.2,0,2
105,11,37,1.4,4.5,3.6,7.6,0,0,3
105,12,6,0,1.1,0.2,2,0,0,1
105,15,5,0.1,0.2,0.5,1.5,0,0,3
105,16,31,2.3,0.8,5.4,5.3,0,0,3
105,33,5,0.3,0.7,0.1,1.1,0,0,1
105,34,13,0.6,1.9,0.3,2.9,0,0,1
105,36,9,0,0.6,0.2,3.8,0,0,2
105,37,2,0,0.1,0.1,0.8,0,0,1
105,46,16,0.3,0.6,1,6.2,0,0,3
105,47,2,0,0.1,0.1,0.8,0,0,1
105,52,7,0,0.4,0.4,2.8,0,0,1
105,60,1,0,0.1,0.1,0.2,0,0,1
105,77,5,0,0.2,0.4,2.2,0,0,1
105,78,1,0,0.1,0.1,0.4,0,0,1
105,83,1,0,0,0.2,0.3,0,0,1
105,87,7,0.1,0.1,0.3,2.7,0,0,2
105,88,10,0.1,0.1,0.6,3.8,0,0,2
105,92,11,0.1,1.7,1.1,1.7,0,0,1
105,94,23,1.6,3.5,1.9,3.5,0,0,4
105,95,15,0.6,2.6,1.2,2.3,0,0,4
105,96,4,0,1,0.3,0.6,0,0,1
105,98,2,0.2,0.4,0.1,0.2,0,0,1
105,104,5,0.1,0.3,0.5,1.3,0,0,1
105,105,14,0.3,1.1,1.4,3.2,0,0,4
105,106,6,0.2,0.3,0.4,1.8,0,0,2
105,107,4,0.1,0.2,0.3,1.2,0,0,1
105,108,5,0.1,0.3,0.3,2,0,0,2
105,109,2,0,0.1,0.1,1.1,0,0,1
105,110,4,0,0.2,0.3,2.1,0,0,1
105,114,9,0.2,1.4,0.6,1.4,0,0,2
105,115,11,0.4,1.7,0.7,1.7,0,0,2
105,118,2,0,0.2,0.2,0.3,0,0,1
105,119,10,0,1,1,1.6,0,0,2
105,120,17,1.2,1.6,1.9,2.6,0,0,2
105,121,5,0.1,1.2,0.6,0.4,0,0,1
105,122,9,0.1,1.4,1.3,1.2,0.1,0,3
105,124,5,0,0.7,0.8,0.4,0,0,1
105,125,1,0,0.1,0.2,0.1,0,0,1
106,1,38,0,5.4,7.6,0,0,0,3
106,7,23,0,1.8,2.3,6.3,0,0,2
106,8,2,0,0.2,0.2,0.5,0,0,1
106,11,4,0.3,0.3,0.6,0.4,0,0,1
106,12,3,0.2,0.2,0.5,0.3,0,0,1
106,15,20,1,2.5,3.8,0.7,0,0,3
106,40,2,0,0.1,0.1,0.8,0,0,1
106,43,5,0,0.1,0.2,2,0,0,2
106,49,2,0,0.1,0.1,0.8,0,0,1
106,58,3.5,0.1,0.3,0.1,0.8,0,0,1
106,62,2,0.1,0.2,0.1,0.3,0,0,1
106,63,11,0.4,1.1,0.8,2.8,0,0,2
106,71,31,0.6,5.2,2.3,6.9,0,0,2
106,88,22,0.3,0.3,1.2,8.2,0,0,2
106,91,19,0.2,3,1.9,2.9,0,0,2
106,92,18,0.2,2.8,1.8,2.8,0,0,2
106,93,100,3.7,8.5,12.4,24.7,0,0,3
106,94,8.5,0.8,1.2,0.7,1.3,0,0,1
106,97,16,0,0.4,0.9,3.8,0,0,3
106,99,2,0,0,0.1,0.5,0,0,1
106,100,4,0,0.1,0.2,1,0,0,1
106,104,2,0.1,0.1,0.2,0.5,0,0,1
106,105,1,0,0.1,0.1,0.2,0,0,1
106,106,1,0,0,0.1,0.5,0,0,1
106,111,2,0,0.1,0.1,0.7,0,0,1
106,112,48,0,3,3.2,15.9,0,0,4
106,113,12,0.1,0.9,0.8,3.6,0,0,2
106,114,2,0.1,0.3,0.1,0.3,0,0,1
106,119,14,0.1,1.3,1.5,2.2,0,0,2
106,120,5,0,0.5,0.5,0.8,0,0,1
106,121,1,0,0.1,0.2,0.2,0,0,1
106,124,1,0,0.1,0.2,0.2,0,0,1
107,1,33,0,4.7,6.6,0,0,0,2
107,2,46,0,6.5,9.2,0,0,0,3
107,3,52,0,3.1,13.7,1,0,0,2
107,4,110,2,7.3,22.9,6,0,0,1
107,5,18,0,1.4,4.7,0,0,0,3
107,7,11,0,0.9,1.1,3,0,0,2
107,8,2,0,0.2,0.2,0.5,0,0,1
107,13,1,0.1,0.1,0.2,0,0,0,1
107,14,51,2.4,6.6,9.5,1.9,0,0,3
107,15,35,1.6,4.5,6.6,1.3,0,0,3
107,23,7,0.2,0.3,0.9,1.6,0,0,1
107,24,10,0.3,0.4,1.3,2.2,0,0,2
107,28,2,0.1,0.1,0.2,0.6,0,0,1
107,30,7,0.2,0.3,0.8,2.2,0,0,1
107,34,9,0,0.7,0,2.8,0,0,2
107,45,8,0,0.1,0.3,3.3,0,0,2
107,49,1,0,0,0.1,0.4,0,0,1
107,51,2,0,0.1,0.1,0.8,0,0,1
107,55,14,0,0.8,0.9,5.5,0,0,2
107,58,21,0.7,1.4,0.7,4.7,0,0,3
107,63,18,0.6,1.9,1.3,5.2,0,0,1
107,64,2,0.1,0.2,0.1,0.6,0,0,1
107,66,11,0.6,0.3,0.2,2.9,0,0,3
107,70,50,2.5,1.7,0.7,13.1,0,0,3
107,71,8,0.2,1.3,0.6,1.8,0,0,1
107,76,1,0,0.1,0.1,0.4,0,0,1
107,81,6,0,0,1.2,1.7,0,0,1
107,82,1,0,0,0.2,0.3,0,0,1
107,91,14,0.2,2.2,1.4,2.2,0,0,2
107,92,15,0.1,2.4,1.5,2.3,0,0,2
107,93,42,1.3,3.9,0.5,15,0,0,2
107,94,3,0.3,0.4,0.2,0.5,0,0,1
107,99,8,0,0.2,0.4,2,0,0,2
107,100,4,0,0.1,0.2,1,0,0,1
107,102,12,0.3,0.8,1,3.1,0,0,2
107,103,2,0.1,0.1,0.2,0.5,0,0,1
107,105,4,0.1,0.3,0.3,1,0,0,1
107,109,2,0,0.1,0.1,1.1,0,0,1
107,110,2,0,0.1,0.1,1.1,0,0,1
107,112,1,0,0.1,0.1,0.3,0,0,1
107,118,4,0.1,0.4,0.4,0.6,0,0,1
107,119,3,0,0.3,0.3,0.5,0,0,2
107,120,17,0.2,1.6,1.8,2.6,0,0,2
107,121,11,0.2,1.4,1.7,1.5,0.2,0,2
107,122,7,0.1,0.9,1.1,0.9,0.2,0,2
107,124,21,0.4,2.6,3.3,2.9,0.4,0,3
107,125,9,0.1,1.2,1.4,1.3,0.1,0,2
108,3,49,0,9.6,10.1,1.9,0,0,2
108,4,55,0,3,18,0,0,0,4
108,13,2,0.1,0.2,0.3,0.2,0,0,1
108,14,103,4.9,5,21,6.6,0,0,3
108,15,8,0.3,0.7,1.3,0.9,0,0,2
108,19,63,0.4,4,6.9,10.6,0,0,2
108,20,4,0,0.2,0.7,0.3,0,0,1
108,22,5,0,0.8,0.6,0.4,0,0,2
108,24,19,0,3.2,2.2,1.6,0,0,3
108,28,4,0,0.5,0.4,1.3,0,0,1
108,29,6,0,0.8,0.6,1.9,0,0,1
108,31,15,0.2,0.6,1.1,4.1,0,0,1
108,45,3,0.1,0.3,0.1,1.2,0,0,1
108,46,3,0.1,0.2,0.3,0.8,0,0,1
108,49,3,0.1,0.2,0.3,0.8,0,0,1
108,55,7,0.3,0.4,0.8,1.8,0,0,2
108,68,2,0.2,0.1,0.1,0.5,0,0,1
108,69,17,1.4,1,0.5,4.7,0,0,1
108,71,9,0,0.3,0,3.5,0,0,2
108,73,4,0,0.1,0,1.6,0,0,1
108,76,15,0.3,0.3,0.4,4.9,0,0,1
108,82,3,0,0,0.1,1.4,0,0,1
108,87,2,0,0.2,0.2,0.7,0,0,1
108,91,2,0,0.4,0.4,0.2,0,0,1
108,93,7,0,1.3,1.3,0.8,0,0,1
108,94,3,0.2,0.1,0,0.8,0.2,0,1
108,95,12,0.8,0.4,0,3.2,0.8,0,2
108,102,2,0,0.1,0,0.8,0.1,0,1
108,103,1,0,0.1,0,0.4,0,0,1
108,109,3,0,0.3,0.2,0.5,0,0,1
108,110,5,0,0.5,0.3,0.9,0,0,1
108,114,13,0.3,0.4,1.3,2.4,0,0,2
108,118,4,0,0.4,0.3,1,0,0,1
108,120,3,0,0.4,0.2,0.7,0,0,1
108,121,7,0,0.2,1.2,1.4,0,0,2
108,124,9,0,0.2,1.6,1.9,0,0,1
108,125,3,0,0,0.6,0.6,0,0,2
109,0,18,0.8,2.3,3.2,3.1,0,0,2
109,2,1,0,0.1,0.2,0.1,0,0,1
109,6,2,0.1,0.1,0.4,0.2,0,0,1
109,7,72,1.4,3.5,7.5,17.8,0,0,2
109,8,6,0.3,0.4,1.1,0.6,0,0,1
109,10,4,0.2,0.3,0.7,0.4,0,0,1
109,11,1,0,0.2,0.2,0,0,0,1
109,14,70,5.9,2.1,8,11.8,0,0,2
109,15,20,0.8,1.7,3.2,2.3,0,0,4
109,17,6,0.1,0.3,1,0.4,0,0,1
109,20,6,0,0.3,1.1,0.4,0,0,2
109,23,6,0,1,0.7,0.5,0,0,1
109,24,8,0,1.3,0.9,0.7,0,0,2
109,25,19,0,3.2,2.2,1.6,0,0,1
109,28,11.5,0,1.7,1.1,3.6,0,0,3
109,32,33,0.5,1.4,2.3,8.9,0,0,2
109,40,1,0,0,0.1,0.5,0,0,1
109,41,22,0.4,2.2,0.7,8.8,0,0,4
109,49,3,0.1,0.2,0.3,0.8,0,0,1
109,50,9,0.4,0.5,1.1,2.3,0,0,1
109,56,1,0,0,0,0.5,0,0,1
109,72,4,0,0.1,0,1.6,0,0,1
109,73,17,0.4,0.8,0.8,5.1,0,0,3
109,78,5,0,0.6,0.2,1.7,0,0,1
109,86,1,0,0.1,0.1,0.3,0,0,1
109,87,2,0,0.2,0.2,0.7,0,0,1
109,90,10,0.2,0.8,0.8,3.6,0,0,1
109,91,7,0,1.2,1.3,0.8,0,0,2
109,92,6,0,1.1,1.1,0.7,0,0,2
109,93,9,0.3,1,1,1.5,0.3,0,3
109,98,5,0,0.2,0.2,1.8,0,0,1
109,99,2,0,0.1,0.1,0.7,0,0,1
109,105,19,0,2,1.1,5.7,0,0,3
109,106,8,0,0.8,0.5,1.5,0,0,1
109,118,1,0,0.1,0.1,0.2,0,0,1
110,0,45,0.2,8.6,2.1,8.9,0.2,0,3
110,1,10,0,1.3,2.1,0.9,0,0,1
110,2,2,0,0.3,0.4,0.2,0,0,1
110,3,4,0,0.5,0.8,0.4,0,0,1
110,6,8,0.4,0.5,1.4,0.9,0,0,1
110,7,42,0.8,3,7.5,3.8,0,0,4
110,8,12,0.1,0.9,2.1,1,0,0,1
110,14,27,1,2.8,4.4,2.9,0,0,3
110,15,8,0.2,1.5,1.2,0.4,0,0,2
110,23,2,0.1,0.1,0.6,0,0,0,1
110,25,3,0,0.5,0.3,0.3,0,0,2
110,32,9.5,0.1,0.4,0.7,2.6,0,0,2
110,42,3,0.1,0.3,0.1,1.2,0,0,1
110,43,3,0.1,0.3,0.1,1.2,0,0,1
110,56,2,0,0,0.1,1,0,0,1
110,67,2,0.2,0.1,0.1,0.5,0,0,1
110,69,5,0,0.1,0.9,0.7,0,0,1
110,79,8,0,0.7,0.3,2.7,0,0,2
110,80,14,0,1.7,0.6,4.7,0,0,1
110,85,2,0,0,0.1,0.9,0,0,1
110,86,6,0.1,0.5,0.5,2.1,0,0,2
110,87,1,0,0.1,0.1,0.3,0,0,1
110,88,2,0,0.2,0.2,0.6,0,0,2
110,89,1,0,0.1,0.1,0.3,0,0,1
110,90,4,0.1,0.3,0.4,1.4,0,0,1
110,91,1,0.1,0,0,0.2,0.1,0,1
110,95,26,0.7,1.4,0.6,8.9,0.7,0,3
110,97,2,0,0.1,0.1,0.7,0,0,1
110,98,17,0,0.5,0.5,6.3,0,0,2
110,99,2,0,0.1,0.1,0.7,0,0,1
110,101,15,0,0.9,0.4,5.9,0.5,0,3
110,102,12,0,0.8,0.3,4.8,0.3,0,2
110,103,5,0,0.5,0.2,1.1,0,0,1
110,104,5,0,0.5,0.2,1.1,0,0,1
110,105,22,0,2.3,1.2,6.3,0,0,4
110,106,25,0.2,2.3,1.4,5.2,0,0,3
110,113,2,0.1,0.1,0.3,0.4,0,0,1
110,118,16,0,2.4,1.3,3.8,0,0,4
110,119,4,0,0.8,0.3,0.9,0,0,2
110,123,2,0.1,0.1,0.2,0.5,0,0,1
110,126,3,0,0.2,0.4,0.5,0,0,1
111,0,38,0.4,12.5,3.8,0,0.6,0,4
111,1,4,0,0.8,0.4,0.4,0,0,1
111,2,2,0,0.4,0.2,0.2,0,0,1
111,3,1,0,0.2,0.1,0.1,0,0,1
111,7,73,0.5,5.4,13,6,0,0,4
111,8,27,0.2,2,4.7,2.2,0,0,2
111,13,4,0,0.9,0.6,0.2,0,0,1
111,14,24,0.3,5.3,3.5,1,0,0,3
111,15,16,0.1,3.5,2.4,0.7,0,0,4
111,21,2,0.1,0.1,0.6,0,0,0,1
111,23,16,0.2,1.7,3.5,0.5,0,0,2
111,24,2,0,0.2,0.4,0.1,0,0,1
111,32,8,0.1,0.3,0.6,2.2,0,0,1
111,38,1,0,0,0.1,0.5,0,0,1
111,43,3,0.1,0.3,0.1,1.2,0,0,1
111,45,4,0,0.4,0.2,1.6,0,0,2
111,46,3,0.1,0.2,0.3,0.8,0,0,1
111,48,3,0.1,0.2,0.3,0.8,0,0,1
111,58,7,0,0,0.2,3.5,0,0,2
111,65,10,0,0.4,0,4.6,0,0,2
111,66,2,0.2,0.1,0.1,0.5,0,0,1
111,67,2,0.2,0.1,0.1,0.5,0,0,1
111,69,21,0,0.5,3.4,3,0,0,3
111,71,8,0.4,0.5,0.6,2.5,0,0,2
111,76,8,0.1,0.2,0.2,2.7,0,0,2
111,77,15,0.2,0.4,0.4,4.9,0,0,3
111,81,9,0,0.2,0.2,4.2,0,0,1
111,87,1,0,0.1,0.1,0.3,0,0,1
111,89,3,0,0.3,0.3,1,0,0,2
111,90,7,0.1,0.6,0.6,2.5,0,0,1
111,95,12,0,0.9,0.4,4.7,0,0,1
111,98,2,0,0.1,0.1,0.7,0,0,1
111,103,6,0,0.6,0.3,1.3,0,0,1
111,104,24,0,2.4,1.1,5.2,0,0,3
111,105,6,0,0.6,0.2,1.3,0,0,2
111,106,4,0.1,0.3,0.2,1,0,0,1
111,107,7,0.1,0.6,0.3,1.8,0,0,1
111,108,5,0.1,0.4,0.2,1.3,0,0,1
111,111,14.5,0.4,0.9,2.2,2.9,0,0,2
111,112,33,0.5,2.2,5.2,6.6,0,0,4
111,113,28,0.6,1.6,4.1,5.5,0,0,3
111,114,9,0.2,0.3,0.9,1.7,0,0,2
111,115,40,0.9,1.3,4,7.4,0,0,3
111,116,11,0,1.3,0.8,2.7,0,0,1
111,118,61,1,1.9,1.3,21.2,0,0,1
111,119,22,0,5,1.9,4.9,0,0,2
111,120,4.5,0,1,0.4,1,0,0,1
111,121,9,0,0.2,1.6,1.8,0,0,3
111,124,36.5,1.9,2.7,2.7,9,0,0,2
111,125,2,0.1,0.1,0.2,0.5,0,0,1
111,126,10,0,0.6,1.3,1.9,0,0,1
111,127,2,0,0.1,0.3,0.4,0,0,1
112,1,68,0.4,13.6,7.1,5.8,0,0,3
112,2,79,0.3,13.6,12.5,3.7,0,0,3
112,3,8,0.1,1.6,0.8,0.7,0,0,2
112,5,16,0,2.1,3.3,1.5,0,0,1
112,7,5,0,0.4,0.9,0.4,0,0,1
112,8,5,0.2,0.3,0.9,0.5,0,0,2
112,11,1,0,0.2,0.2,0,0,0,1
112,12,4,0,0.9,0.7,0.1,0,0,2
112,14,16,0.2,3.6,2.3,0.6,0,0,1
112,15,27.5,0.3,6.2,4,1.1,0,0,3
112,17,4,0,0.2,0.7,0.3,0,0,1
112,20,27,0.4,1.2,4.6,1.9,0,0,1
112,21,131,0.6,1.2,41.6,0,0,0.5,2
112,22,60,0.3,22.5,4.5,0,0,0.3,2
112,23,65,3.3,5.8,13.1,2.9,0,0,1
112,24,74,3.2,11.9,6.5,10.5,0,0,2
112,25,30,0.3,3.4,6.1,1.1,0,0,3
112,31,2,0,0.1,0.2,0.5,0,0,1
112,32,3,0.1,0.1,0.2,0.8,0,0,1
112,36,2,0,0,0.3,0.9,0,0,1
112,39,2,0,0,0.3,0.9,0,0,1
112,40,18,0,0,2.3,8.2,0,0,1
112,50,7,0.3,0.4,0.8,1.8,0,0,2
112,51,12,0.5,0.7,1.5,3.1,0,0,1
112,58,21.5,0,0,0.6,11,0,0,2
112,65,9,0,0.4,0,4.1,0,0,2
112,66,4,0.4,0.2,0.1,1.1,0,0,1
112,67,7,0.7,0.3,0.2,1.9,0,0,3
112,70,16,0,0.4,2.7,2.3,0,0,2
112,71,51,1.8,2.8,7.2,12.7,0,2,3
112,72,27,1.4,1.5,2,8.6,0,0,4
112,73,16,1,1,1.9,3.2,0,0,3
112,74,13,0.8,0.9,1.9,1.8,0,0,3
112,76,4,0.1,0.1,0.1,1.3,0,0,1
112,77,1,0,0,0,0.4,0,0,1
112,86,8,0.2,0.6,0.7,2.8,0,0,1
112,102,3,0,0.2,0.1,1.1,0.1,0,1
112,107,9,0.2,0.8,0.4,2.2,0,0,1
112,108,48,0.3,4,2.2,16,0,0.6,4
112,109,11,0,0.9,0.5,4.1,0,0.2,2
112,110,15,0,1.2,0.8,5.5,0,0.2,1
112,111,15,0.2,1,2.4,3,0,0,2
112,112,26,0.2,0.5,3.2,11.6,0,0,2
112,114,6,0.1,0.2,0.6,1.1,0,0,1
112,115,18,0.4,0.6,1.8,3.3,0,0,1
112,116,6,0,0.6,0.5,1.5,0,0,2
112,121,11,0,0.3,2,2.2,0,0,1
113,0,18,0,2.4,4.4,1.2,0,0,2
113,2,28,0.4,6.4,2.6,0.4,0,0,2
113,3,6,0.1,1.4,0.5,0.1,0,0,1
113,4,1,0.1,0.2,0.1,0.1,0,0,1
113,5,67,5,13.7,1.8,9.4,0,0,1
113,6,21,2,3.3,3,0.6,0,0,2
113,8,17,0.4,2.7,3,0.2,0,0,2
113,9,16,0.5,2.6,2.7,0.1,0,0,3
113,10,59,1.6,9.4,10.4,0.4,0,0,3
113,11,47,0.8,7.6,6.8,1.8,0,0,3
113,12,22,0.4,3.6,3.2,0.8,0,0,2
113,15,11,0.3,0.7,2.2,0.3,0,0,2
113,16,65,1.8,4.8,5.9,13.1,0,0,3
113,17,7,0.4,1.1,0.9,0.5,0,0,1
113,20,16,0,0.6,4,0.3,0,0,1
113,21,146,1,2.1,44.2,1.4,0,0,2
113,22,87,1.6,18.4,14.5,2.2,0,0,3
113,23,253,12.5,33.2,29.2,55.8,1,8,1
113,24,310,14,24,21,107,0,21,0
113,25,135,2.2,21.8,11.8,19.2,0,0,1
113,26,6,0,0.6,0.9,0.5,0,0,2
113,33,2,0,0.1,0.3,0.3,0,0,1
113,34,6,0.1,0.4,0.9,0.7,0,0,1
113,40,4,0.2,0.2,0.2,1.6,0,0,1
113,45,16,0.5,0.7,1.6,3.6,0,0,3
113,47,1,0,0.1,0.1,0.2,0,0,1
113,50,4,0.1,0.3,0.4,0.8,0,0,1
113,51,1,0,0.2,0.1,0.3,0,0,1
113,52,6,0,1.2,0.6,1.4,0,0,2
113,54,20,0.8,0.9,1.9,6.4,0,0,3
113,57,3,0,0,0.6,0.9,0,0,2
113,60,3,0,0.4,0.3,0.9,0,0,1
113,70,4,0,0.2,0.3,1,0,0,1
113,71,14,2.3,1.2,1.2,3.5,0,0,2
113,72,1,0.2,0.1,0.1,0.2,0,0,1
113,73,9,1.5,0.8,0.8,2.2,0,0,2
113,92,2,0.1,0,0,0.8,0,0,1
113,93,3,0.1,0,0,1.3,0,0,1
113,95,4,0.2,0,0,1.7,0,0,1
113,96,9,0.2,0,1.1,3.2,0,0,2
113,102,7,0,0.4,0.2,3.4,0,0,1
113,103,8,0,0.5,0.3,3.8,0,0,2
113,104,1,0,0.1,0,0.5,0,0,1
113,108,5,0,0.1,0.6,1.6,0,0,1
113,109,7,0,0.3,0.8,2.2,0,0,2
113,110,2,0,0.1,0.2,0.6,0,0,1
113,122,3,0,0.3,0.3,0.7,0,0,1
113,123,15,0,1.5,1.5,3.5,0,0,2
114,0,10,0,1.4,2.4,0.7,0,0,1
114,2,28,0.4,6.4,2.7,0.4,0,0,3
114,5,28.5,2.6,6.1,1.1,3.1,0,0,2
114,6,7,0.7,1.1,1,0.1,0,0,2
114,8,5,0.1,0.8,0.9,0,0,0,1
114,9,5,0.1,0.8,0.9,0,0,0,1
114,10,10,0.3,1.6,1.7,0.1,0,0,2
114,11,10,0.2,1.6,1.4,0.4,0,0,1
114,12,93,2.6,13.7,6.1,11.1,0,0,3
114,16,84,4.6,9.6,7.9,16.1,0,0,3
114,22,81,12,7,11,3,0,0,0
114,23,55,0.2,7.6,11.3,0.5,0,4,2
114,24,14,0.3,2.1,3,1.2,0,0,3
114,25,26,0.5,3.7,5.6,2.3,0,0,2
114,31,17,0.2,1.1,2.7,2,0,0,2
114,32,2,0,0.1,0.3,0.3,0,0,1
114,46,3,0.1,0.2,0.3,0.6,0,0,1
114,47,3,0,0.3,0.3,0.6,0,0,3
114,60,20,0,2.6,1.7,6,0,0,4
114,68,5,0,0.2,0.3,1.3,0,0,2
114,73,12,0.3,1.2,0.8,2.4,0,0,2
114,74,2,0.1,0.2,0.1,0.4,0,0,1
114,78,2,0.2,0.2,0.1,0.5,0,0,1
114,79,16,1.4,1.5,1,4.3,0,0,2
114,89,1,0.1,0,0,0.4,0,0,1
114,108,8,0,0.3,0.9,2.5,0,0,2
114,118,12,0,0.5,0,6.2,0,0,2
114,123,10,0,1,1,2.3,0,0,1
115,0,3,0.1,0.4,0.4,0.2,0,0,1
115,2,22,0.5,3.5,3.1,0.6,0,0,3
115,4,2,0.2,0.4,0.1,0.2,0,0,1
115,5,14,0.3,2.4,1.9,0.5,0,0,2
115,6,14,1.3,2.2,2,0.4,0,0,1
115,8,7,0.7,1.1,1,0.2,0,0,1
115,9,2,0.1,0.3,0.3,0,0,0,1
115,12,2,0,0.3,0.3,0.1,0,0,1
115,15,4,0.1,0.3,0.8,0.1,0,0,1
115,16,3,0.2,0.4,0.4,0.2,0,0,1
115,20,10,0,0.4,2.4,0.2,0,0,2
115,21,44.5,2,3.1,7.2,6.5,0,0,2
115,22,6,0.2,0.4,1.5,0.3,0,0,2
115,29,3,0,0.3,0.4,0.3,0,0,1
115,30,2,0,0.2,0.3,0.2,0,0,1
115,31,82,0.5,4.3,9.7,16.7,0,0,4
115,32,5,0.1,0.3,0.8,0.6,0,0,1
115,35,4,0,0.3,0.6,0.5,0,0,1
115,36,27,1.2,0.6,1.7,6.8,0,0,2
115,37,7,0.3,0.1,0.5,1.7,0,0,1
115,39,28,0.7,1.2,1.8,10.5,0,0,4
115,40,3,0,0.1,0.2,1.1,0,0,1
115,43,5,0.1,0.3,0.5,1.1,0,0,2
115,44,21,0.8,0.8,2,4.7,0,0,3
115,45,5,0.2,0.2,0.5,1.1,0,0,1
115,46,8,0.3,0.5,0.8,1.6,0,0,2
115,47,9.5,0.3,0.7,1,1.8,0,0,2
115,51,4,0,0.8,0.4,1,0,0,1
115,53,3,0,0.6,0.3,0.7,0,0,1
115,54,2,0.1,0.1,0.2,0.6,0,0,1
115,67,11,0,0.5,0.7,2.9,0,0,1
115,68,11,0,0.5,0.8,2.8,0,0,3
115,73,20,0.9,2.5,0.1,5.9,0,0,2
115,74,4,0.1,0.4,0.3,0.8,0,0,1
115,79,8,0.6,0.8,0.5,2.1,0,0,3
115,84,13,0,0.3,0.4,6,0,0,2
115,86,2,0.1,0.1,0.3,0.4,0,0,1
115,89,5,0.2,0,0,2.1,0,0,1
115,105,11,0,0.7,0.3,5.3,0,0,1
115,110,19,1.4,0.2,2.9,6.2,0,0,2
115,114,3,0.1,0.1,0.1,0.8,0,0,1
115,116,11,0,0.4,0,5.7,0,0,2
116,0,3,0.1,0.4,0.4,0.2,0,0,1
116,2,34,0.8,2.7,6.6,1.7,0,0,3
116,3,4,0.1,0.3,0.8,0.2,0,0,1
116,5,22,0.2,3.7,3.2,0.5,0,0,2
116,8,8,0.8,1.3,1.1,0.2,0,0,3
116,21,2,0.1,0.1,0.2,0.5,0,0,1
116,22,4,0.2,0.3,0.3,1,0,0,1
116,23,4,0.2,0.2,0.4,1,0,0,2
116,30,53,0,2.8,6.4,11.1,0,0,1
116,31,50,0,0.1,2.2,24.5,0,0,1
116,36,6,0.3,0.1,0.4,1.4,0,0,1
116,38,11,0.2,0.3,0.8,3.4,0,0,3
116,39,1,0,0,0.1,0.4,0,0,1
116,40,1,0,0,0.1,0.4,0,0,1
116,41,4,0.1,0.2,0.4,0.9,0,0,1
116,44,2,0.1,0.1,0.2,0.4,0,0,1
116,46,26,0.8,1.9,2.6,5.1,0,0,3
116,47,106,3,4.8,6.8,31.4,0,2,2
116,48,39,3.1,2.4,3.5,10,0,0,1
116,50,5,0.1,0.4,0.5,1,0,0,1
116,56,7,0,0,1.2,2.2,0,0,1
116,59,9,0,0,1.5,2.8,0,0,1
116,61,1,0,0,0,0.5,0,0,1
116,64,16,0.9,1.4,1,3.7,0,0,2
116,66,2,0,0.1,0.1,0.5,0,0,1
116,67,10.5,0,0.5,0.7,2.7,0,0,2
116,71,3,0.1,0.4,0,0.9,0,0,1
116,73,3,0.1,0.4,0.1,0.8,0,0,2
116,74,12,0.3,1.2,0.9,2.3,0,0,2
116,80,1,0.1,0.1,0,0.3,0,0,1
116,84,2,0,0,0.1,0.9,0,0,1
116,85,2,0,0,0.1,0.9,0,0,1
116,86,8,0.4,0.4,1.2,1.6,0,0,2
116,87,4,0.2,0.2,0.6,0.8,0,0,1
116,89,1,0.1,0,0,0.4,0,0,1
116,104,4,0,0.3,0.1,1.9,0,0,2
116,114,1,0,0,0.1,0.3,0,0,1
116,115,5,0.1,0.2,0.2,1.3,0,0,1
116,116,2,0,0.1,0,1,0,0,1
116,125,2,0,0.2,0.2,0.5,0,0,1
117,0,24,1.2,3,3.3,1.7,0,0,2
117,2,29,0.7,2.2,5.6,1.5,0,0,1
117,3,17,0.2,2.8,2.5,0.4,0,0,2
117,4,31,0.4,5.2,4.5,0.7,0,0,3
117,5,8,0,1.4,1.2,0.2,0,0,2
117,7,3,0.3,0.5,0.4,0,0,0,2
117,8,4,0.4,0.6,0.6,0.1,0,0,1
117,15,20,0.6,1.1,4,0.6,0,0,1
117,16,25,0,0.9,6.4,0.4,0,0,2
117,17,4,0,0.1,1,0.1,0,0,1
117,19,24,0,0.9,3.7,5.5,0,0,2
117,20,2,0,0.1,0.3,0.4,0,0,1
117,34,4,0,0.3,0.6,0.5,0,0,1
117,38,4,0.2,0.1,0.3,0.9,0,0,1
117,48,3,0.1,0.2,0.3,0.6,0,0,1
117,49,3,0.1,0.2,0.3,0.6,0,0,1
117,53,25,0.6,1.9,1.4,7.2,0,0,4
117,54,8,0.3,0.3,0.3,2.4,0,0,1
117,58,1,0,0,0.2,0.3,0,0,1
117,59,9,0,0,1.5,2.8,0,0,2
117,61,2,0,0.1,0,0.9,0,0,1
117,63,6,0.3,0.5,0.4,1.4,0,0,1
117,64,12,0.6,1.1,0.7,2.9,0,0,2
117,66,2,0,0.1,0.1,0.5,0,0,1
117,75,8,0.2,0.8,0.6,1.5,0,0,1
117,80,6,0.5,0.6,0.4,1.6,0,0,1
117,81,10,0,0.2,0.3,4.6,0,0,1
117,86,4,0.2,0.2,0.6,0.8,0,0,1
117,87,6,0.3,0.3,1,1.2,0,0,1
117,90,12,0.4,0,0,5.2,0,0,2
117,98,24,0.7,0,2.8,8.5,0,0,4
117,99,7,0.2,0,0.8,2.5,0,0,1
117,100,2,0.1,0,0.2,0.7,0,0,1
117,101,1,0,0.1,0,0.5,0,0,1
117,102,1,0,0.1,0,0.5,0,0,1
117,107,1,0,0.1,0.1,0.3,0,0,1
117,108,3,0,0.1,0.4,0.9,0,0,1
117,110,5,0.5,0,0.9,1.6,0,0,2
117,111,10,0.3,0.3,0.4,2.7,0,0,2
117,112,1,0,0,0.1,0.3,0,0,1
117,113,6,0.2,0.2,0.2,1.6,0,0,1
117,114,4,0.1,0.1,0.2,1.1,0,0,2
117,120,4,0,0.2,0,2.1,0,0,2
117,126,3,0,0.2,0.4,0.6,0,0,2
118,0,1,0.1,0.1,0.1,0.1,0,0,1
118,1,19,0.7,2.7,2.5,2,0,0,2
118,2,38,1.2,5.5,4.9,4,0,0,4
118,3,45,1.7,5.9,5.3,6.3,0,0,4
118,4,5,0.4,0.4,0.4,1.2,0,0,2
118,5,6,0.4,0.4,0.5,1.6,0,0,1
118,11,13.5,0.8,1.7,1.1,1.9,0,0,2
118,15,142,1.8,8.7,32.4,3.8,0,0,2
118,16,125.5,5.1,12,16.3,19.1,0,3,1
118,35,1,0,0.1,0.1,0.2,0,0,1
118,43,5,0.1,0,0.3,2,0,0,1
118,44,1,0,0,0.1,0.4,0,0,1
118,51,11,0.6,0,0.7,3.1,0,0,2
118,57,2,0,0.1,0.1,0.8,0,0,1
118,58,31,0.3,2.1,3.8,6.4,0,0,3
118,59,38,1,2.4,2.6,13.6,0,0,2
118,60,26,0.3,2.2,3.7,3.7,0,0,3
118,64,2,0,0.3,0.1,0.4,0,0,1
118,65,28,1,1.8,0.4,13.3,0,0,3
118,66,9,0,0.2,1.1,2.5,0,0,1
118,69,21,0,0.4,2.7,5.7,0,0,3
118,72,17.5,0.4,4.3,0.7,2.8,0,0,2
118,73,3,0.1,0.7,0.1,0.5,0,0,1
118,76,8,0.4,0.6,0.4,1.4,0,0,2
118,78,3,0.2,0.2,0.2,0.5,0,0,1
118,86,53,0,1.9,1.9,18.1,0,0,3
118,90,5,0.4,0.2,0.3,2,0,0,2
118,100,5,0,0,0.5,1.8,0,0,2
118,101,2,0,0,0.2,0.7,0,0,1
118,107,5,0.2,0.2,0.5,1.8,0,0,1
118,108,1,0,0,0.1,0.4,0,0,1
118,126,8,0.1,0.5,1.2,1.4,0,0,3
119,0,10,0.8,0.8,1.5,0.6,0,0,3
119,1,14,0.5,2.1,1.8,1.4,0,0,3
119,2,1,0,0.2,0.1,0.1,0,0,1
119,3,8,0.4,0.8,0.8,1.6,0,0,2
119,5,1,0.1,0.1,0.1,0.2,0,0,1
119,6,2,0.1,0.4,0.2,0.1,0,0,1
119,7,2,0.1,0.4,0.2,0.1,0,0,1
119,8,129,2.4,19.7,16.4,10.9,0,0,2
119,11,1,0.1,0.1,0.1,0.1,0,0,1
119,14,1,0.1,0.1,0.2,0,0,0,1
119,16,16,0.9,3,1.6,0.9,0,0,2
119,23,28,0.3,2.9,2.4,7.1,0,0,3
119,24,18,0,1.9,0.8,6.1,0,0,2
119,25,4,0,0.4,0.2,1.4,0,0,1
119,43,1,0,0,0.1,0.4,0,0,1
119,44,5,0.1,0,0.3,2,0,0,1
119,54,10,0.6,0,0.6,2.8,0,0,1
119,55,8,0.4,0,0.5,2.3,0,0,1
119,58,42,0,6.4,3.8,13.2,0,2,2
119,59,25,0,2,0,13,0,0,0
119,60,9,0,0.8,1.3,1.3,0,0,3
119,65,1,0,0.2,0,0.2,0,0,1
119,66,10,0,0.2,1.3,2.7,0,0,1
119,77,2,0.1,0.2,0.1,0.3,0,0,1
119,78,5,0.3,0.4,0.3,0.8,0,0,1
119,82,24,0.6,3.3,1.1,5.9,0,0,3
119,83,1,0,0.1,0.1,0.3,0,0,1
119,86,2,0,0.2,0.1,0.8,0,0,1
119,105,5,0,0.1,0.4,1.8,0,0,1
119,115,9,0.5,0.3,0.5,4,0,0,1
119,116,22,0,2.3,2.4,6.3,0,0,2
119,118,2,0,0.2,0.1,0.5,0,0,1
119,119,26.5,0,2.5,1.3,6.7,0,0,4
119,125,11,0.3,0.9,0.7,3,0,0,2
119,126,1,0,0.1,0.1,0.2,0,0,1
120,0,7,0.5,0.6,1.1,0.4,0,0,1
120,1,57,4,7.4,5.4,4.5,0,0,3
120,4,124,3.3,10.1,33.7,5.6,0,9,1
120,5,62.5,4,11.2,2.4,13.1,0,0,1
120,8,26,0.4,5.1,3.9,0.8,0,0,2
120,9,5,0,1,0.9,0.1,0,0,1
120,11,31,1.9,3.8,2.6,4.4,0,0,2
120,12,3,0.2,0.4,0.2,0.4,0,0,1
120,13,11,0.7,1.3,1.2,1.3,0,0,3
120,23,4,0,0.4,0.2,1.4,0,0,1
120,24,5,0,0.5,0.2,1.7,0,0,1
120,28,22.5,0.6,1.4,2.2,5.1,0,0,3
120,37,17,0.3,0,1,6.9,0,0,3
120,59,7,0.1,0.6,1,1,0,0,2
120,60,34,0.2,2.3,4.1,7.2,0,0,3
120,61,8,0,1.4,0.3,1.6,0,0,1
120,76,7,0.4,0.7,0.5,1.1,0,0,2
120,77,6,0.3,0.8,0.5,0.8,0,0,2
120,80,2,0.1,0.2,0.1,0.3,0,0,1
120,83,3,0.1,0.4,0.1,0.8,0,0,1
120,84,7,0.1,1,0.3,1.8,0,0,3
120,89,10,0.8,0.4,0.5,4.1,0,0,2
120,90,6,0.5,0.2,0.3,2.5,0,0,1
120,103,6,0,0.1,0.5,2.1,0,0,2
120,104,4,0,0.1,0.3,1.4,0,0,1
120,112,9,0.6,0.2,0.6,3.9,0,0,2
120,116,6,0,0.6,0.7,1.7,0,0,1
120,119,4,0,0.4,0.2,1,0,0,1
120,120,4,0,0.4,0.1,1.1,0,0,2
120,121,17,0.4,1.5,1,4.7,0,0,2
120,126,4,0.1,0.2,0.3,1.7,0,0,1
121,0,28,3.5,3.7,3.2,0.9,0,0,2
121,1,171.5,15,23,17,18,0,4,0
121,2,25,1,5,3,2,0,0,0
121,3,35,0.2,1.1,8.1,0.5,0,0,2
121,4,170.5,3,34,17,16,2,0,0
121,5,183,7.2,19.8,25.2,20.4,0,0,2
121,11,19,1.2,2.3,1.5,2.7,0,0,2
121,12,7,0.4,0.9,0.6,1,0,0,1
121,19,3,0.1,0.4,0,0.8,0,0,1
121,21,15,0.5,1.5,2.1,2.1,0,0,1
121,37,2,0.1,0,0.1,0.8,0,0,1
121,39,1,0,0,0.1,0.4,0,0,1
121,48,12,0.3,0.4,0.6,3.7,0,0,2
121,53,3,0.1,0,0.2,0.9,0,0,2
121,54,1,0,0,0.1,0.3,0,0,1
121,57,2,0,0.1,0.1,0.8,0,0,1
121,58,3,0,0.1,0.2,1.2,0,0,2
121,64,7,0,1.2,0.2,1.5,0,0,1
121,74,1,0,0.3,0,0.2,0,0,1
121,75,1,0,0.3,0,0.2,0,0,1
121,76,1,0,0.2,0.1,0.1,0,0,1
121,79,5,0.3,0.4,0.3,0.8,0,0,1
121,84,1,0,0.1,0.1,0.3,0,0,1
121,89,1,0.1,0,0.1,0.4,0,0,1
121,94,7,0.5,0.1,0.2,2.9,0,0,2
121,95,16,0.9,0.4,0.6,6.6,0,0,2
121,97,14,0,0.2,1.2,5,0,0,2
121,108,5,0.2,0.2,0.5,1.8,0,0,1
121,109,5,0.1,0.1,0.5,1.9,0,0,3
121,112,14,0.8,0.4,0.9,6.1,0,0,2
121,117,2,0,0.2,0.1,0.5,0,0,1
121,119,1,0,0.1,0,0.3,0,0,1
121,120,4,0,0.4,0.1,1.1,0,0,2
121,121,4,0.1,0.3,0.3,1.1,0,0,1
121,122,6,0.1,0.5,0.4,1.7,0,0,1
121,125,5,0.1,0.4,0.3,1.4,0,0,2
121,126,4,0.2,0.2,0.2,1.8,0,0,2
122,0,291,49,13,43,15,0,0,0
122,1,92,4.3,13.4,11.3,12.8,0,0,2
122,3,2,0.2,0.2,0.2,0.1,0,0,1
122,4,10,0.1,0.3,2.3,0.1,0,0,1
122,5,15,0.1,0.5,3.4,0.2,0,0,1
122,9,2,0.1,0.4,0.2,0.1,0,0,1
122,19,29,0.9,3.6,0,8.2,0,0,1
122,22,2,0,0.2,0.3,0.3,0,0,1
122,53,2,0.1,0,0.1,0.6,0,0,1
122,58,4,0,0.1,0.2,1.6,0,0,1
122,59,2,0,0.1,0.1,0.8,0,0,1
122,60,1,0,0,0.1,0.4,0,0,1
122,75,44,0.5,16.4,1,3.5,0,0,1
122,76,86.5,0.6,22,11.2,1.4,0,6,2
122,77,47,2.5,7.5,4.4,5.6,0,0,2
122,78,9,0.5,1.4,0.8,1.1,0,0,1
122,79,4,0.2,0.4,0.2,0.6,0,0,2
122,83,4,0.1,0.5,0.2,1,0,0,1
122,84,4,0.1,0.5,0.2,1.1,0,0,2
122,86,2,0.2,0.1,0.1,0.8,0,0,1
122,95,7,0.4,0.1,0.3,2.9,0,0,1
122,98,3,0,0,0.3,1.1,0,0,1
122,99,1,0,0,0.1,0.4,0,0,1
122,115,2,0.1,0.1,0.1,0.9,0,0,1
122,124,3,0.1,0.2,0.2,0.8,0,0,1
122,125,1,0,0.1,0,0.3,0,0,1
122,126,41,0.6,3.2,1.2,17.5,0,0,3
122,127,5,0.2,0.3,0.3,2.1,0,0,1
123,0,111,14.7,13.3,13.9,12.1,0,0,1
123,1,56,4.2,5.7,7.8,3.9,0,0,2
123,2,4,0.3,0.3,0.6,0.1,0,0,1
123,3,1,0.1,0.2,0.1,0,0,0,1
123,4,4,0.3,0.9,0.5,0,0,0,2
123,5,87,1.6,16.2,16.3,4.1,0,0,2
123,6,29,0,1.7,7.2,0.6,0,0,2
123,10,2,0,0.2,0.3,0.2,0,0,1
123,19,12,0,0.4,0.4,3.8,0,0,1
123,22,32,1,2.7,2,10.3,0,0,4
123,33,4,0.1,0.3,0.4,0.9,0,0,1
123,34,4,0.1,0.3,0.4,0.9,0,0,1
123,44,2,0.1,0,0.1,0.8,0,0,1
123,60,16,0,1.7,1.1,4.6,0,0,3
123,61,1,0,0.1,0.1,0.5,0,0,1
123,66,10,0,0.2,0.3,3.3,0,0,2
123,70,22.5,0.7,1.4,0.8,8.9,0,0,2
123,73,4,0.2,0.7,0.5,0.5,0,0,1
123,74,5,0.3,1,0.5,0.5,0,0,3
123,75,10,0.6,1.8,1.2,1.2,0,0,3
123,76,113.5,7.6,29.3,6.2,18.4,0,18,3
123,77,114.5,7.3,24.9,10.7,16.1,1,0,1
123,78,92.5,9.8,32.1,6.5,8,0,25.3,3
123,79,29,0,6,1,5,0,0,0
123,80,4,0.3,0.8,0.5,0.6,0,0,1
123,82,3,0,0.1,0.4,0.8,0,0,1
123,84,4,0,0.2,0.5,1.1,0,0,1
123,89,5,0.3,0.1,0.2,2,0,0,2
123,96,3,0,0,0.3,1.1,0,0,1
123,103,5,0,0.1,0.4,1.8,0,0,1
123,111,1,0,0,0.1,0.4,0,0,1
123,112,1,0,0,0.1,0.4,0,0,1
123,113,2,0.1,0.1,0.2,0.7,0,0,1
123,114,6,0.2,0.2,0.6,2.2,0,0,2
123,116,7,0,0.5,0,3.7,0.1,0,2
123,117,4,0,0.2,0,2.1,0.1,0,1
123,118,2,0,0.1,0,1.1,0,0,1
123,119,9,0,0.5,0,4.8,0.2,0,1
123,120,25,0,1.4,0,13.4,0.4,0,3
123,126,9,0.1,0.4,0.8,2.4,0,0,2
124,0,342,93,6,54,2,0,6,0
124,1,125,5.8,11.5,23.2,3.1,0,0,2
124,2,18,1.3,1.5,2.7,0.5,0,0,2
124,3,7,0.4,1.5,0.9,0.1,0,0,1
124,4,84.5,6.7,12.9,7.7,18.2,0,0,2
124,5,42.5,1.4,4.7,2,9.1,0,0,1
124,6,65.5,2,3.4,9.8,10.4,0,0,2
124,12,40,1,2.1,9.2,3.6,0,0,1
124,14,3,0,0.1,0.3,1,0,0,1
124,22,1,0,0.1,0.1,0.3,0,0,1
124,23,1,0,0.1,0.1,0.3,0,0,1
124,44,1,0,0,0.1,0.4,0,0,1
124,65,2,0.1,0.1,0.1,1.1,0,0,1
124,66,24,0,0.4,0.8,7.9,0,0,2
124,70,8,0.3,0.5,0.3,3.1,0,0,1
124,71,1,0,0.1,0,0.3,0,0,1
124,75,14,0.8,2.5,1.7,1.6,0,0,3
124,76,61.5,4.5,9,5.7,10.8,0,0,2
124,77,331.5,13,22,24,128,0,10,0
124,78,143,40.7,15.8,8.3,29.7,0,25.2,2
124,79,13,1.2,2.6,1.5,1.9,0,0.1,3
124,80,5,0.5,1,0.6,0.7,0,0.1,1
124,84,2,0,0.1,0.2,0.6,0,0,1
124,85,1,0,0,0.1,0.3,0,0,1
124,89,2,0.1,0.1,0.1,0.8,0,0,1
124,93,4,0.2,0.2,0.2,1,0,0,1
124,94,24,1.4,1.4,1.5,5.6,0,0,2
124,96,10,0,0.2,0.8,3.6,0,0,2
124,102,3,0,0,0.3,1.1,0,0,1
124,103,2,0,0,0.2,0.7,0,0,1
124,116,6,0,0.4,0,3.2,0.1,0,1
124,117,1,0,0.1,0,0.5,0,0,1
124,127,1,0,0,0.1,0.3,0,0,1
125,0,231,12,43,36,7,0,0,0
125,1,63,1.3,9.7,10.3,0.8,0,0,2
125,2,6,0.4,0.5,0.9,0.2,0,0,2
125,4,17,0.8,3.7,2.3,0.3,0,0,2
125,9,6,0.1,0.5,0.8,0.7,0,0,1
125,10,9,0.2,0.7,1.2,1.1,0,0,1
125,12,36,0,3.3,3.6,8,0,0,2
125,13,79,0,8.8,12.5,5.2,0,0,1
125,14,3,0,0,0.3,1.1,0,0,2
125,15,4,0,0.1,0.4,1.3,0,0,1
125,20,4,0,0.1,0.1,1.3,0,0,1
125,42,11,0.3,0,0.6,4.4,0,0,2
125,47,3,0.1,0.1,0.2,0.9,0,0,1
125,53,6,0,0.1,0.6,1.8,0,0.1,1
125,54,11,0,0.2,1,3.4,0,0.2,1
125,57,2,0,0.2,0.1,0.6,0,0,1
125,58,10,0,1.1,0.7,2.9,0,0,2
125,59,4,0,0.2,0.6,0.6,0,0,2
125,61,6,0.2,0.3,0.5,3.2,0,0,2
125,62,10,0.4,0.5,0.8,5.4,0,0,2
125,72,7,0.2,0.5,0,2.1,0,0,1
125,73,3,0.1,0.5,0.4,0.4,0,0,1
125,74,1,0.1,0.2,0.1,0.1,0,0,1
125,75,2,0.1,0.3,0.3,0.2,0,0,1
125,76,55,2.5,9.6,9.1,4.6,0,0,3
125,77,84,6.4,11.2,12.3,11.7,0,0,2
125,78,57,7.7,7.9,1.5,15.5,0,0.1,3
125,79,20,1.5,3.7,2.6,2.8,0,0.2,3
125,80,3,0.3,0.6,0.4,0.4,0,0,1
125,84,21,0,0.8,2.5,5.9,0,0,3
125,90,4,0.2,0.1,0.2,1.6,0,0,1
125,100,6,0,0.1,0.5,2.1,0,0,1
125,101,2,0,0,0.2,0.7,0,0,1
125,127,4,0,0.1,0.4,1.1,0,0,1
126,0,172,10,21,27,15,0,0,0
126,1,23,1.2,3.1,3.4,1,0,0,3
126,2,5,0.3,0.7,0.7,0.2,0,0,1
126,4,53,3.2,10.1,5.4,0.8,0,0.6,1
126,5,31,0,8.2,3.1,0.1,0,0,1
126,10,66,0.5,7,5.6,12.1,0,0,1
126,12,5,0,0.7,0.8,0.2,0,0,1
126,14,23,0,0.7,2.1,7.7,0,0,3
126,17,3,0,0.1,0.1,0.9,0,0,1
126,18,7,0,0.2,0.3,2.2,0,0,1
126,37,1,0,0.1,0.1,0.2,0,0,1
126,48,4,0.1,0.1,0.2,1.3,0,0,1
126,54,23,0,0.4,2.3,7,0,0.4,3
126,55,1,0,0,0.1,0.3,0,0,1
126,58,7,0,0.4,1,1.2,0,0,2
126,59,18.5,0,1.2,2.6,3.2,0,0,4
126,61,1,0,0.1,0.1,0.5,0,0,1
126,67,6,0,0.1,0.2,2,0,0,2
126,70,1,0,0,0.1,0.3,0,0,1
126,72,5,0.2,0.3,0,1.5,0,0,2
126,73,3,0.1,0.5,0.4,0.4,0,0,1
126,74,7,0.2,1.2,1.1,0.8,0,0,2
126,75,3,0.1,0.5,0.4,0.4,0,0,1
126,76,3,0.1,0.3,0.5,0.4,0,0,1
126,78,7,0.2,0.7,1.2,0.9,0,0,2
126,79,4,0.2,0.4,0.6,0.6,0,0,2
126,81,3,0,0.1,0.4,0.8,0,0,1
126,91,10,0.4,0.6,0.7,2.9,0,0,2
126,92,5,0.2,0.3,0.4,1.4,0,0,1
126,93,9,0.4,0.6,0.6,2.3,0,0,2
126,112,4,0.1,0.1,0.4,1.5,0,0,1
127,0,137.5,11.5,18.3,16.8,10.1,0,0,2
127,1,101,4.7,11.9,17.9,4.6,0,0,3
127,2,15,0.8,2,2.2,0.6,0,0,2
127,4,42,0.4,7.6,6,2,0,1.5,3
127,5,45,0.4,8.1,6.4,2.2,0,1.7,2
127,10,8,0.2,0.6,1.1,1,0,0,2
127,18,1,0,0,0.1,0.3,0,0,1
127,24,2,0,0.1,0.1,0.6,0,0,1
127,37,42,0.9,4,3,8.8,0,0,4
127,44,8,0.2,0,0.4,3.3,0,0,1
127,48,19,0.5,0.5,1,6,0,0,2
127,54,9,0,0.1,0.9,2.8,0,0.1,1
127,55,12,0,0.1,1.2,3.7,0,0.2,2
127,62,2,0,0.2,0.2,1,0,0,2
127,63,1,0,0.1,0.1,0.5,0,0,1
127,65,1,0,0.1,0.1,0.5,0,0,1
127,66,8,0,0.2,0.2,2.6,0,0,2
127,69,5,0,0.1,0.2,1.6,0,0,1
127,70,4,0,0.1,0.1,1.3,0,0,1
127,72,14,0.5,0.9,0,4.2,0,0,2
127,73,13,0.3,2,1.4,2.1,0,0,4
127,74,13,0.4,2.2,1.9,1.6,0,0,3
127,77,30,0.7,3.4,4.9,4,0,0,2
127,83,1,0,0,0.1,0.3,0,0,1
127,84,15,0,0.6,1.8,4.2,0,0,2
127,86,8,0.5,0.1,0.3,3.3,0,0,1
127,87,2,0.2,0,0,0.8,0,0,2
127,92,1,0,0.1,0.1,0.3,0,0,1
127,93,9,0.3,0.6,0.7,2.6,0,0,1
127,96,2,0,0,0.2,0.7,0,0,1
127,126,12,0.1,0.4,1.2,3.2,0,0,3
