x,y,Ind,Log_45_70,Log_70_90,Log_ap90,Log_av45,Log_inc,Log_soc,imputed
0,1,12,0,1.8,1.1,0,0.3,0,1
0,10,1,0,0.1,0.2,0.1,0,0,1
0,12,2,0,0.2,0.5,0.2,0,0,1
0,26,44,0,1,14,0,0,0,0
0,27,100,7,10,20,7,0,0,0
0,28,103.5,3,5,10,31,1,0,0
0,29,104.5,0,4,33,0,0,8,0
0,33,2,0.1,0.1,0.4,0.2,0,0,1
0,63,16,0.3,0.6,3.5,1.6,0,0,1
0,64,2,0,0.1,0.4,0.2,0,0,1
0,86,4,0,0.3,1,0.5,0,0,1
0,87,69,0,2,10,22,0,0,0
0,88,17,0,1.2,4.3,2.3,0,0,1
0,93,11,0,0.8,1.4,2.2,0,0,1
0,94,11,0,0.8,1.4,2.2,0,0,1
0,113,1,0,0.1,0.3,0.1,0,0,1
0,114,6,0.1,0.9,1.6,0.4,0,0,1
0,115,6,0,0.8,0.6,1.1,0,0,1
0,116,24,0,3,2.6,4.3,0,0,1
0,117,6,0,0.8,0.6,1.1,0,0,1
0,131,5,0,0.5,0.9,0.5,0,0,1
0,166,4,0.1,0.1,0.1,1.2,0,0,1
0,167,1,0,0,0.1,0.3,0,0,1
0,182,8,0.1,1.5,1.3,0.6,0,0,1
0,183,4,0.1,0.7,0.6,0.3,0,0,1
0,184,23,0.4,4.2,3.7,1.7,0,0,1
0,185,3,0.2,0.5,0.5,0.3,0,0,1
0,186,15,0.8,2.5,2.6,1.4,0,0,1
0,187,7,0.4,1.2,1.2,0.6,0,0,1
0,188,8,0.5,1.3,1.4,0.7,0,0,1
0,189,6,0.3,1,1,0.6,0,0,1
0,190,16,0.2,0.8,1.7,4.3,0,0,1
0,191,21,0.3,1.1,2.2,5.6,0,0,1
0,192,21.5,0.3,1.1,2.2,5.8,0,0,1
0,193,11.5,0.1,0.6,1.2,3.1,0,0,1
0,200,10,0,1,1,2,0,0,1
0,201,7,0,0.7,0.7,1.4,0,0,1
0,210,1,0,0.1,0.2,0.1,0,0,1
0,211,3,0,0.4,0.5,0.3,0,0,1
0,213,31,0.2,3.7,5.6,3.2,0,0,1
0,214,5,0,0.6,0.9,0.5,0,0,1
0,229,16,1.2,3.3,0.8,1.3,0,0,1
0,230,45.5,0,0,11,8,0,0,0
0,231,16,0.4,2.8,2.5,1.3,0,0,1
0,232,4,0.1,0.7,0.6,0.4,0,0,1
0,236,2,0,0.3,0.1,0.4,0,0,1
0,242,10,0,1,1.8,1.7,0.3,0,1
0,243,3,0,0.3,0.5,0.5,0.1,0,1
0,245,12.5,1,0,2.8,3.1,0,0,1
0,246,10.5,0.8,0,2.4,2.6,0,0,1
0,247,2,0.2,0,0.4,0.5,0,0,1
0,248,6,0.5,0,1.3,1.5,0,0,1
1,5,3,0,0.7,0.4,0.2,0,0,1
1,26,5,0.1,0.5,1.2,0.1,0,0,1
1,27,58,1,6,11,0,2,0,0
1,28,24,0.4,2.5,5.8,0.4,0,0,1
1,29,27,0.4,2.9,6.5,0.4,0,0,1
1,30,5,0.2,0.3,1,0.4,0,0,1
1,39,1,0,0.1,0.2,0.1,0,0,1
1,40,4,0.1,0.5,0.8,0.1,0,0,1
1,72,5,0.2,0.3,1,0.4,0,0,1
1,87,15,0,1,3.8,2.1,0,0,1
1,92,2,0,0.1,0.3,0.4,0,0,1
1,93,24,0,1.7,3.1,4.8,0,0,1
1,94,38,0,2,13,0,0,0,0
1,95,2,0.1,0.2,0.4,0.2,0,0,1
1,96,2,0.1,0.2,0.4,0.2,0,0,1
1,127,4,0.2,0.3,1.2,0.5,0,0,1
1,132,4,0,0.4,0.7,0.4,0,0,1
1,183,4,0.1,0.7,0.6,0.3,0,0,1
1,186,25,0,4,7,0,0,0,0
1,187,28,0,4,8,0,0,0,0
1,188,9,0.5,1.5,1.6,0.8,0,0,1
1,192,2,0,0.1,0.2,0.6,0,0,1
1,196,20,0.3,1.6,3.3,3.3,0,0,1
1,199,6,0.1,0.5,1,1,0,0,1
1,200,4,0,0.4,0.4,0.8,0,0,1
1,205,1,0,0.2,0.1,0.1,0,0,1
1,208,20.5,1,1,8,1,0,0,0
1,211,15,0.1,1.8,2.7,1.5,0,0,1
1,212,10,0.1,1.2,1.8,1,0,0,1
1,213,3,0,0.4,0.5,0.3,0,0,1
1,214,2,0,0.2,0.4,0.2,0,0,1
1,215,2,0.1,0.2,0.3,0.3,0,0,1
1,216,13,0.4,1.3,2.1,1.8,0,0,1
1,229,1,0.1,0.2,0,0.1,0,0,1
1,230,9,0.2,1.6,1.4,0.7,0,0,1
1,231,10,0.2,1.8,1.6,0.8,0,0,1
1,232,4,0.1,0.7,0.6,0.4,0,0,1
1,242,17,0,1.7,3,3,0.5,0,1
1,243,16,0,1.6,2.8,2.8,0.5,0,1
1,244,16.5,0,1.7,2.9,2.9,0.4,0,1
1,247,7,0.5,0,1.6,1.7,0,0,1
1,248,2,0.2,0,0.4,0.5,0,0,1
1,254,2,0,0.2,0.2,0.5,0,0,1
2,4,6,0,0.9,0.5,0,0.2,0,1
2,10,1,0,0.1,0.2,0.1,0,0,1
2,11,5,0,0.5,1.2,0.4,0,0,1
2,17,1,0,0.1,0.2,0.1,0,0,1
2,27,5,0.1,0.5,1.2,0.1,0,0,1
2,72,8,0.4,0.4,1.6,0.7,0,0,1
2,73,22,1.1,1.1,4.4,1.9,0,0,1
2,74,8.5,0.4,0.4,1.7,0.8,0,0,1
2,88,2,0,0.1,0.5,0.3,0,0,1
2,94,66,1,1,7,13,3,0,0
2,95,20,0.5,1.9,3.9,2.3,0,0,1
2,97,7,0.2,0.6,1.4,0.8,0,0,1
2,98,1,0,0.1,0.2,0.1,0,0,1
2,113,7,0.1,1,1.9,0.4,0,0,1
2,119,10,0,1.2,1.1,1.8,0,0,1
2,120,8,0.5,0.5,2.3,1.1,0,0,1
2,121,8,0.5,0.5,2.3,1.1,0,0,1
2,132,3,0,0.3,0.6,0.3,0,0,1
2,149,6,0.2,0.5,0.9,0.5,0.4,0,1
2,163,5,0.1,0.1,0.2,1.5,0,0,1
2,171,3,0.1,0.1,0.1,0.9,0,0,1
2,183,4,0.1,0.7,0.6,0.3,0,0,1
2,186,13,0.7,2.1,2.3,1.2,0,0,1
2,187,31,0,2,12,0,0,0,0
2,188,1,0,0.2,0.2,0.1,0,0,1
2,196,4,0.1,0.3,0.7,0.6,0,0,1
2,197,2,0.1,0.2,0.3,0.3,0,0,1
2,199,8,0.1,0.7,1.3,1.3,0,0,1
2,204,5,0,0.5,0.5,1,0,0,1
2,205,8,0.3,1.6,0.5,1,0,0,1
2,206,1,0,0.2,0.1,0.1,0,0,1
2,208,20,0.9,4,1.1,2.5,0,0,1
2,210,7.5,0,0.9,1.4,0.8,0,0,1
2,211,20,0.1,2.4,3.6,2.1,0,0,1
2,212,10,0.1,1.2,1.8,1,0,0,1
2,213,7,0.1,0.8,1.3,0.7,0,0,1
2,214,16,0.1,1.9,2.9,1.6,0,0,1
2,217,2,0.1,0.2,0.3,0.3,0,0,1
2,230,4,0.1,0.7,0.6,0.4,0,0,1
2,231,11,0.2,2,1.7,0.9,0,0,1
2,232,17,0.3,3,2.7,1.4,0,0,1
2,234,4,0.1,0.7,0.6,0.4,0,0,1
2,243,6,0,0.6,1.1,1,0.2,0,1
2,254,6,0,0.5,0.6,1.6,0,0,1
3,0,7,0,1.1,0.6,0,0.1,0,1
3,1,10,0,1.5,0.9,0,0.2,0,1
3,10,7,0,0.7,1.8,0.5,0,0,1
3,11,5,0,0.5,1.2,0.4,0,0,1
3,20,4,0.1,0.4,1,0,0,0,1
3,34,3,0.1,0.2,0.6,0.3,0,0,1
3,35,1,0,0.1,0.2,0.1,0,0,1
3,38,3,0.1,0.2,0.6,0.3,0,0,1
3,57,4,0,0.4,0.6,0.6,0,0,1
3,73,6,0.3,0.3,1.2,0.5,0,0,1
3,74,65,1,2,10,13,1,0,0
3,75,2,0,0.1,0.4,0.2,0,0,1
3,76,5,0.1,0.2,1.1,0.5,0,0,1
3,89,8,0,0.5,2.1,1.1,0,0,1
3,90,2,0,0.1,0.3,0.4,0,0,1
3,94,5,0,0.4,0.6,1,0,0,1
3,95,19,0.4,1.8,3.7,2.2,0,0,1
3,96,21.5,0.5,2,4.2,2.5,0,0,1
3,98,9,0.2,0.8,1.8,1,0,0,1
3,111,6,0.1,0.9,1.6,0.4,0,0,1
3,112,15.5,0.2,2.3,4.2,0.9,0,0,1
3,113,33,0,0,11,0,0,0,0
3,114,6,0.1,0.9,1.6,0.4,0,0,1
3,119,7,0,0.9,0.8,1.2,0,0,1
3,120,11,0.7,0.7,3.2,1.4,0,0,1
3,134,2,0,0.2,0.4,0.2,0,0,1
3,150,6,0.1,0.3,1.3,0.7,0,0,1
3,169,4,0.1,0.1,0.1,1.2,0,0,1
3,177,3,0.1,0.1,0.1,0.9,0,0,1
3,186,7,0.4,1.2,1.2,0.6,0,0,1
3,187,18,1,3,3.1,1.7,0,0,1
3,191,6,0.1,0.3,0.6,1.6,0,0,1
3,205,11,0.4,2.2,0.6,1.4,0,0,1
3,206,7,0.3,1.4,0.4,0.9,0,0,1
3,209,25,0,6,4,2,0,0,0
3,210,18,0.1,2.1,3.2,1.9,0,0,1
3,211,7,0.1,0.8,1.3,0.7,0,0,1
3,212,3,0,0.4,0.5,0.3,0,0,1
3,213,1,0,0.1,0.2,0.1,0,0,1
3,214,10,0.1,1.2,1.8,1,0,0,1
3,232,3,0.1,0.5,0.5,0.2,0,0,1
3,233,11,0.2,2,1.7,0.9,0,0,1
3,234,3,0.1,0.5,0.5,0.2,0,0,1
3,237,11,0,1.8,0.6,2.1,0,0,1
3,238,6,0,1,0.3,1.1,0,0,1
4,0,3.5,0,0.5,0.3,0,0.1,0,1
4,1,7,0,1.1,0.6,0,0.1,0,1
4,27,1,0,0.1,0.3,0,0,0,1
4,43,2,0.1,0.2,0.4,0.1,0,0,1
4,57,8,0,0.7,1.3,1.2,0,0,1
4,72,15,0.7,0.8,3,1.3,0,0,1
4,73,16,0.8,0.8,3.2,1.4,0,0,1
4,74,51,0,3,11,6,0,0,0
4,75,26,0.4,0.9,5.7,2.7,0,0,1
4,76,6,0.1,0.2,1.3,0.6,0,0,1
4,100,4,0,0.6,0.7,0.1,0,0,1
4,102,2,0,0.3,0.4,0,0,0,1
4,112,9.5,0.1,1.4,2.6,0.6,0,0,1
4,113,12,0.2,1.8,3.2,0.7,0,0,1
4,114,4,0.1,0.6,1.1,0.2,0,0,1
4,131,1,0,0.1,0.2,0.1,0,0,1
4,185,1,0,0.2,0.2,0.1,0,0,1
4,186,2,0.1,0.3,0.4,0.2,0,0,1
4,187,17,0.9,2.8,3,1.6,0,0,1
4,188,2,0.1,0.3,0.4,0.2,0,0,1
4,196,11,0.2,0.9,1.8,1.8,0,0,1
4,197,10,0.2,0.8,1.7,1.6,0,0,1
4,203,3,0,0.3,0.3,0.6,0,0,1
4,204,1,0,0.1,0.1,0.2,0,0,1
4,206,7,0.3,1.4,0.4,0.9,0,0,1
4,207,6,0.2,1.2,0.3,0.8,0,0,1
4,208,7,0.3,1.4,0.4,0.9,0,0,1
4,209,3,0.1,0.6,0.2,0.4,0,0,1
4,210,5,0,0.6,0.9,0.5,0,0,1
4,211,15,0.1,1.8,2.7,1.5,0,0,1
4,212,3,0,0.4,0.5,0.3,0,0,1
4,213,1,0,0.1,0.2,0.1,0,0,1
4,235,2,0,0.3,0.1,0.4,0,0,1
4,237,8,0,1.3,0.4,1.5,0,0,1
4,238,2,0,0.3,0.1,0.4,0,0,1
5,1,3,0,0.7,0.4,0.2,0,0,1
5,2,7,0,1.6,1,0.5,0,0,1
5,9,2,0,0.4,0.3,0.2,0,0,1
5,48,9,0.4,1.1,1.7,0.2,0,0,1
5,49,4,0.1,0.5,0.8,0.1,0,0,1
5,53,8,0,0.7,1.3,1.2,0,0,1
5,73,5,0.6,0.4,1.6,0,0,0,1
5,74,57,2,1,15,0,0,0,0
5,75,28,0.8,1.3,6.8,2.1,0,0,1
5,87,5,0,0.3,1.3,0.7,0,0,1
5,88,3,0,0.2,0.8,0.4,0,0,1
5,103,5,0,0.7,0.9,0.1,0,0,1
5,105,4,0,1.6,0.7,0,0,0,1
5,155,9,0.1,0.4,2,1.1,0,0,1
5,156,55.5,0,1,3,24,0,0,0
5,157,5,0.1,0.2,1.1,0.6,0,0,1
5,167,4,0.1,0.1,0.1,1.2,0,0,1
5,168,6,0.1,0.2,0.2,1.8,0,0,1
5,173,6,0.1,0.2,0.2,1.8,0,0,1
5,186,15,0.1,1,3.7,1,0,0,1
5,187,22,0,5,8,1,0,0,0
5,188,12,0.1,0.8,2.9,0.8,0,0,1
5,189,4,0,0.3,1,0.2,0,0,1
5,195,4,0,0.1,0.6,1.1,0,0,1
5,196,46,1,2,11,4,0,0,0
5,197,12,0,0.3,1.8,3.4,0,0,1
5,202,1,0,0.2,0.1,0.1,0,0,1
5,203,2,0,0.4,0.2,0.2,0,0,1
5,204,1,0,0.2,0.1,0.1,0,0,1
5,205,11,0,1.6,3,0.4,0,0,1
5,206,14,0,2,3.8,0.5,0,0,1
5,207,39,0,1,15,1,0,0,0
5,208,23,3,2,1,5,0,0,0
5,209,2,0,0.3,0.5,0.1,0,0,1
5,210,14,0.4,1.4,2.2,2,0,0,1
5,212,2,0.1,0.2,0.3,0.3,0,0,1
5,214,3,0.1,0.3,0.5,0.4,0,0,1
5,215,19,0.8,2,2.5,2,0.1,0,1
5,216,6,0.2,0.6,0.8,0.7,0,0,1
5,218,5,0.2,0.5,0.7,0.5,0,0,1
5,237,7,0.1,0.9,1.5,0.2,0,0,1
5,238,31,1,8,3,2,0,0,0
5,239,10,0.2,1.2,2.1,0.3,0,0,1
6,47,24,1,2.9,4.7,0.5,0,0,1
6,48,46,1,8,9,0,1,0,0
6,49,23,1,2.8,4.5,0.5,0,0,1
6,50,1,0,0.1,0.2,0.1,0,0,1
6,54,4,0,0.4,0.6,0.6,0,0,1
6,73,3,0.3,0.3,0.9,0,0,0,1
6,74,46.5,1,3,6,9,0,0,0
6,75,32,0,5,5,4,0,0,0
6,86,1.5,0,0.1,0.4,0.2,0,0,1
6,87,1,0,0.1,0.3,0.1,0,0,1
6,109,20,0,8.3,3.4,0,0,0,1
6,110,15,0.4,2.7,2.7,2.3,0,0,1
6,155,8,0.1,0.4,1.7,1,0,0,1
6,156,22,0.3,1.1,4.8,2.6,0,0,1
6,157,12,0.2,0.6,2.6,1.4,0,0,1
6,169,3,0.1,0.1,0.1,0.9,0,0,1
6,183,2,0,0.4,0.3,0.2,0,0,1
6,186,3,0,0.2,0.8,0.2,0,0,1
6,187,31,0.2,2.1,7.7,2,0,0,1
6,188,9.5,0.1,0.6,2.4,0.6,0,0,1
6,189,61.5,2,1,3,21,0,0,0
6,194,2,0,0.2,0.4,0.1,0,0,1
6,195,24,2,2,0,7,0,0,0
6,196,17,0,0.4,2.6,4.8,0,0,1
6,202,27.5,0,5.2,3.4,3,0,0,1
6,203,70,0,27,6,0,0,0,0
6,204,60.5,0,18,6,0,0,0,0
6,205,37,0,7,8,0,0,0,0
6,206,139.5,0,4,55,0,0,34,0
6,207,25,1,3,4,4,0,0,0
6,208,63,1,3,22,0,0,12,0
6,209,54,3,4,8,3,1,0,0
6,210,2,0.1,0.2,0.3,0.3,0,0,1
6,213,6,0.2,0.6,1,0.8,0,0,1
6,214,5,0.1,0.5,0.8,0.7,0,0,1
6,215,22,0.9,2.3,2.8,2.4,0.1,0,1
6,216,26,1.1,2.7,3.4,2.8,0.1,0,1
6,217,11,0.5,1.1,1.4,1.2,0.1,0,1
6,237,13,0.2,1.6,2.8,0.3,0,0,1
6,238,31,0,9,4,0,0,0,0
6,239,6,0.1,0.7,1.3,0.2,0,0,1
6,243,2,0,0.4,0.1,0.3,0,0,1
6,249,1,0,0.2,0.1,0.1,0,0,1
7,2,4,0,0.9,0.6,0.3,0,0,1
7,6,2,0,0.4,0.3,0.2,0,0,1
7,8,2,0,0.4,0.3,0.2,0,0,1
7,9,1,0,0.2,0.1,0.1,0,0,1
7,41,4,0.1,0.5,0.8,0.1,0,0,1
7,46,6,0.3,0.7,1.2,0.1,0,0,1
7,47,51,0,2,17,0,0,0,0
7,48,46,0,8,9,0,0,0,0
7,49,37,3,9,4,3,0,0,0
7,50,6,0,0.5,1,0.9,0,0,1
7,74,21,2.4,1.8,6.6,0,0,0,1
7,75,46,2,2,7,8,0,0,0
7,85,2,0,0.1,0.5,0.3,0,0,1
7,99,2,0.1,0.2,0.4,0.2,0,0,1
7,100,20,0,2.8,3.7,0.4,0,0,1
7,101,4,0,0.6,0.7,0.1,0,0,1
7,109,4,0,1.6,0.7,0,0,0,1
7,110,60,2,4,1,16,0,0,0
7,111,15,0.4,2.7,2.7,2.3,0,0,1
7,122,5,0,0.6,1,0.5,0,0,1
7,123,23,0,2.8,4.8,2.2,0,0,1
7,124,25.5,0,3.2,5.3,2.4,0,0,1
7,154,6,0.1,0.3,1.3,0.7,0,0,1
7,155,18,0.3,0.9,3.9,2.1,0,0,1
7,156,43.5,1,3,7,8,0,0,0
7,163,2,0,0.1,0.1,0.6,0,0,1
7,173,3,0.1,0.1,0.1,0.9,0,0,1
7,181,3,0.1,0.5,0.5,0.2,0,0,1
7,187,12.5,0.1,0.8,3.1,0.8,0,0,1
7,189,8.5,0.1,0.6,2.1,0.5,0,0,1
7,190,2,0,0.2,0.4,0.1,0,0,1
7,193,13.5,0.3,1.2,2.8,0.6,0,0,1
7,194,20,0.5,1.8,4,0.9,0,0,1
7,195,59,2,3,4,22,0,0,0
7,196,2,0,0,0.3,0.6,0,0,1
7,203,12,0,2.3,1.5,1.3,0,0,1
7,204,6,0,1.1,0.7,0.7,0,0,1
7,205,21,0,7,4,0,0,0,0
7,206,18,0,2.6,4.9,0.6,0,0,1
7,207,42,0,2,14,0,0,0,0
7,208,32,0,2,9,0,0,0,0
7,209,62.5,0,6,16,0,0,0,0
7,210,5,0.1,0.5,0.8,0.7,0,0,1
7,211,1,0,0.1,0.2,0.1,0,0,1
7,214,3,0.1,0.3,0.5,0.4,0,0,1
7,215,21,3,5,1,2,0,0,0
7,216,25,1,2.6,3.3,2.7,0.1,0,1
7,217,3,0.1,0.3,0.4,0.4,0,0,1
7,218,3,0.1,0.3,0.4,0.4,0,0,1
7,219,1,0.1,0.1,0.1,0.1,0,0,1
7,234,6,0,1,0.3,1.1,0,0,1
7,237,15,0.3,1.8,3.2,0.4,0,0,1
7,238,26,0.5,3.1,5.6,0.7,0,0,1
7,239,6,0.1,0.7,1.3,0.2,0,0,1
7,242,6,0.1,1.1,0.4,0.7,0,0,1
7,243,6,0.1,1.1,0.4,0.7,0,0,1
7,249,2,0,0.4,0.1,0.3,0,0,1
7,255,7,0,0.6,0.7,1.8,0,0,1
8,14,2,0,0.2,0.5,0.2,0,0,1
8,17,4,0,0.4,1,0.3,0,0,1
8,46,2,0.1,0.2,0.4,0.1,0,0,1
8,47,51,0,3,13,0,0,0,0
8,48,58,0,5,13,0,1,0,0
8,49,128,2,4,17,36,1,0,0
8,50,37,4,1,3,9,0,0,0
8,59,8,0,0.7,1.3,1.2,0,0,1
8,74,6,0.7,0.5,1.9,0,0,0,1
8,75,23,0.7,1.1,5.6,1.7,0,0,1
8,97,3,0.1,0.3,0.6,0.3,0,0,1
8,100,12,0,1.7,2.2,0.3,0,0,1
8,101,2,0,0.3,0.4,0,0,0,1
8,108,1,0,0.4,0.2,0,0,0,1
8,110,4,0.1,0.7,0.8,0.6,0,0,1
8,111,3,0.1,0.5,0.5,0.5,0,0,1
8,112,2,0,0.4,0.4,0.3,0,0,1
8,116,3,0,0.4,0.3,0.5,0,0,1
8,123,17,0,2.1,3.5,1.7,0,0,1
8,124,2,0,0.3,0.4,0.2,0,0,1
8,136,23,0,2.4,4.1,2.3,0,0,1
8,138,1,0,0.1,0.2,0.1,0,0,1
8,154,17,0.3,0.8,3.7,2,0,0,1
8,155,18,0.3,0.9,3.9,2.1,0,0,1
8,156,10,0.1,0.5,2.2,1.2,0,0,1
8,157,12,0.2,0.6,2.6,1.4,0,0,1
8,163,1,0,0,0.1,0.3,0,0,1
8,164,3,0.1,0.1,0.1,0.9,0,0,1
8,180,2,0,0.4,0.3,0.2,0,0,1
8,185,3,0,0.2,0.8,0.2,0,0,1
8,186,5,0,0.3,1.3,0.3,0,0,1
8,187,20,0.1,1.3,5,1.3,0,0,1
8,189,6,0,0.4,1.5,0.4,0,0,1
8,193,3,0.1,0.3,0.6,0.1,0,0,1
8,194,3,0.1,0.3,0.6,0.1,0,0,1
8,195,1,0,0,0.2,0.3,0,0,1
8,196,3,0,0.1,0.5,0.8,0,0,1
8,205,10,0,1.5,2.7,0.3,0,0,1
8,208,1,0,0.2,0.3,0,0,0,1
8,209,39,1,0,15,1,0,0,0
8,210,28,0.7,2.9,4.5,3.9,0,0,1
8,211,2,0.1,0.2,0.3,0.3,0,0,1
8,213,6,0.2,0.6,1,0.8,0,0,1
8,214,18.5,0.5,1.9,2.9,2.6,0,0,1
8,215,20,0.8,2.1,2.6,2.1,0.1,0,1
8,217,13,0.5,1.3,1.7,1.4,0.1,0,1
8,218,5,0.2,0.5,0.7,0.5,0,0,1
8,235,12,0.2,1.5,2.6,0.3,0,0,1
8,239,11,0.2,1.3,2.4,0.3,0,0,1
8,240,5,0,1,0.3,0.6,0,0,1
8,242,1,0,0.2,0.1,0.1,0,0,1
8,243,19,0.3,3.7,1.2,2.2,0,0,1
8,244,4,0,0.8,0.3,0.5,0,0,1
8,247,5,0,1,0.3,0.6,0,0,1
8,251,1,0,0.1,0.1,0.2,0,0,1
9,5,3,0,0.7,0.4,0.2,0,0,1
9,39,10,0.5,0.5,2,0.9,0,0,1
9,41,2,0.1,0.2,0.4,0.1,0,0,1
9,42,2,0.1,0.2,0.4,0.1,0,0,1
9,46,10,0.4,1.2,2,0.2,0,0,1
9,47,59,0,6,15,0,0,0,0
9,48,61,1,14,7,0,0,0,0
9,49,133,3,6,11,38,0,0,0
9,50,15,0,1.3,2.3,2.3,0,0,1
9,58,4,0,0.4,0.6,0.6,0,0,1
9,61,2,0,0.1,0.4,0.2,0,0,1
9,75,4,0.1,0.2,1,0.3,0,0,1
9,76,11,0.3,0.5,2.7,0.8,0,0,1
9,168,7,0.1,0.2,0.3,2.1,0,0,1
9,169,2,0,0.1,0.1,0.6,0,0,1
9,182,5,0.1,0.9,0.8,0.4,0,0,1
9,186,1.5,0,0.1,0.4,0.1,0,0,1
9,187,6,0,0.4,1.5,0.4,0,0,1
9,194,1,0,0.1,0.2,0.1,0,0,1
9,203,1,0,0.2,0.1,0.1,0,0,1
9,204,13.5,0,2.5,1.7,1.5,0,0,1
9,205,26,0,3.8,7.1,0.8,0,0,1
9,206,19,0,2.8,5.2,0.6,0,0,1
9,207,23,0,3.3,6.3,0.8,0,0,1
9,208,38,1,2,9,1,0,0,0
9,209,36,1,3,9,2,0,0,0
9,210,9,0.2,0.9,1.5,1.3,0,0,1
9,211,20,0.5,2.1,3.2,2.8,0,0,1
9,212,2,0.1,0.2,0.3,0.3,0,0,1
9,213,4,0.1,0.4,0.6,0.6,0,0,1
9,214,9,0.2,0.9,1.5,1.3,0,0,1
9,215,23,0.9,2.4,3,2.5,0.1,0,1
9,216,22,0.9,2.3,2.8,2.4,0.1,0,1
9,217,7,0.3,0.7,0.9,0.8,0,0,1
9,219,11,0.5,1.1,1.4,1.2,0.1,0,1
9,239,2,0,0.3,0.4,0.1,0,0,1
9,243,2,0,0.4,0.1,0.3,0,0,1
9,244,16,0.2,3.1,1,1.9,0,0,1
9,247,6,0.1,1.1,0.4,0.7,0,0,1
9,249,2,0,0.4,0.1,0.3,0,0,1
9,250,8,0,0.6,0.9,2.1,0,0,1
10,0,2,0.1,0.3,0.1,0.4,0,0,1
10,2,2,0.1,0.3,0.1,0.4,0,0,1
10,15,2,0,0.2,0.3,0.3,0,0,1
10,20,1,0,0.3,0.1,0,0,0,1
10,28,4,0.1,1,0.5,0,0,0,1
10,39,5,0.2,0.3,1,0.4,0,0,1
10,40,10,0,1.4,2,0.1,0,0,1
10,41,25,0,3.6,4.9,0.3,0,0,1
10,46,2,0,0.2,0.5,0,0,0,1
10,47,21,0,2.2,5.1,0,0,0,1
10,48,52,2,8,8,2,0,0,0
10,49,62,1,4,19,0,0,0,0
10,50,19,0.4,2.5,3.3,1.2,0,0,1
10,56,18,0,3.1,2.9,0.7,0,0,1
10,61,7,0,1.6,1,0.2,0,0,1
10,74,6,0.3,0.4,0.6,1.2,0,0,1
10,113,5,0,0,0.3,2.6,0,0,1
10,116,9,0.2,0.7,0.5,2.3,0,0,1
10,162,2,0,0.2,0.4,0.1,0,0,1
10,175,2,0.1,0.2,0.3,0.2,0,0,1
10,204,24,0,2.1,5.7,1.1,0.4,0,1
10,205,41,0,0,14,1,0,0,0
10,206,39,0,0,11,2,0,0,0
10,207,49,0,5,11,0,0,0,0
10,208,53.5,3,3,10,2,0,0,0
10,209,44.5,3,0,8,3,1,0,0
10,210,4,0.1,0.2,0.7,0.5,0,0,1
10,211,25,0.5,1.4,4.2,3.3,0,0,1
10,212,17.5,0.4,1,2.9,2.3,0,0,1
10,213,5,0.1,0.3,0.8,0.7,0,0,1
10,214,12,0.2,0.7,2,1.6,0,0,1
10,215,3,0,0.4,0.5,0.4,0,0,1
10,216,3,0,0.4,0.5,0.4,0,0,1
10,217,1,0,0.1,0.2,0.1,0,0,1
10,218,3,0,0.4,0.5,0.4,0,0,1
10,228,3,0,0.2,0,2,0,0,1
10,237,7,0.2,0.9,1.2,0.6,0,0,1
10,238,21,0.8,2.8,3.5,1.7,0,0,1
10,240,2,0,0.3,0.3,0.2,0,0,1
10,247,2,0,0.3,0.2,0.4,0,0,1
10,248,4,0,0.5,0.5,0.7,0,0,1
11,4,10,0.6,1.4,0.8,1.9,0,0,1
11,11,4,0,0.5,0.6,0.5,0,0,1
11,22,6,0.1,1.6,0.7,0.1,0,0,1
11,28,6,0.1,1.6,0.7,0.1,0,0,1
11,29,5,0.1,1.3,0.6,0,0,0,1
11,31,3,0,0,1,0,0,0,1
11,39,10,0.5,0.5,2,0.9,0,0,1
11,40,24.5,0,3.5,4.8,0.3,0,0,1
11,45,1,0,0.1,0.2,0,0,0,1
11,48,20,0,2.1,4.9,0,0,0,1
11,49,5,0,0.5,1.2,0,0,0,1
11,56,1,0,0.2,0.2,0,0,0,1
11,57,22,0,3.8,3.5,0.8,0,0,1
11,60,7,0,1.6,1,0.2,0,0,1
11,76,2,0,0.2,0.5,0,0,0,1
11,89,4,0,0,1.3,0,0,0,1
11,110,15,0,0,1,7.7,0,0,1
11,121,18.5,0,2.5,4.3,0.6,0,0,1
11,122,11,0,1.5,2.5,0.4,0,0,1
11,135,7,0.2,0.7,1.8,0.3,0,0,1
11,136,7,0.2,0.7,1.8,0.3,0,0,1
11,167,2,0,0.2,0.4,0.1,0,0,1
11,176,7,0.5,0.6,1,0.9,0,0,1
11,203,4,0,0.4,0.9,0.2,0.1,0,1
11,204,40,0,1,14,2,0,0,0
11,205,32,0,3,10,0,0,0,0
11,206,32,1,2,6,2,0,0,0
11,207,19,0.2,2,3.6,2.4,0,0,1
11,208,49,1,7,8,2,0,0,0
11,209,44,2,3,10,2,0,0,0
11,210,30,0.6,1.6,5.1,3.9,0,0,1
11,211,23,0.5,1.2,3.9,3,0,0,1
11,212,4,0.1,0.2,0.7,0.5,0,0,1
11,213,31,0,4,5,4,0,0,0
11,214,26,0.5,1.4,4.4,3.4,0,0,1
11,215,16,0.2,2.3,2.4,1.9,0,0,1
11,217,8,0.1,1.1,1.2,1,0,0,1
11,218,7,0.1,1,1.1,0.8,0,0,1
11,221,4,0,0.3,0,2.6,0,0,1
11,237,13,0.4,1.7,2.2,1.1,0,0,1
11,238,38,0,5,8,2,0,0,0
11,239,14,0.5,1.8,2.3,1.2,0,0,1
11,240,19,0.4,2.4,3.1,1.5,0,0,1
11,241,3,0.1,0.4,0.5,0.2,0,0,1
11,247,12,0,1.5,1.4,2.2,0,0,1
11,248,4,0,0.5,0.5,0.7,0,0,1
12,1,3,0.2,0.4,0.2,0.6,0,0,1
12,2,2,0.1,0.3,0.1,0.4,0,0,1
12,6,1,0.1,0.1,0.1,0.2,0,0,1
12,13,4,0,0.5,0.6,0.5,0,0,1
12,24,1,0,0.3,0.1,0,0,0,1
12,25,6,0.1,1.6,0.7,0.1,0,0,1
12,31,2,0,0,0.7,0,0,0,1
12,41,4,0,0.6,0.8,0,0,0,1
12,42,5,0,0.7,1,0.1,0,0,1
12,56,3,0,0.5,0.5,0.1,0,0,1
12,57,12,0,2.1,1.9,0.4,0,0,1
12,77,13,0.2,1.1,3.1,0.4,0,0,1
12,78,3,0,0.3,0.7,0.1,0,0,1
12,90,11,0,3.1,1.4,0,0,0,1
12,110,3,0,0,0.2,1.5,0,0,1
12,116,3,0,0.2,0.2,0.8,0,0,1
12,120,13,0,1.7,3,0.5,0,0,1
12,121,23,0,3.1,5.3,0.8,0,0,1
12,122,5,0,0.7,1.1,0.2,0,0,1
12,133,2,0.1,0.2,0.2,0.4,0,0,1
12,134,15,0.9,1.7,1.1,3.2,0,0,1
12,135,4,0.1,0.4,1,0.2,0,0,1
12,136,13,0.3,1.3,3.4,0.6,0,0,1
12,137,13,0.3,1.3,3.4,0.6,0,0,1
12,138,5,0.1,0.5,1.3,0.3,0,0,1
12,170,5,0.3,0.4,0.7,0.7,0,0,1
12,185,7,0.8,1,0.8,0.1,0,0,1
12,186,16,1.7,2.3,1.8,0.3,0,0,1
12,204,2,0,0.2,0.5,0.1,0,0,1
12,205,1,0,0.1,0.2,0.1,0,0,1
12,206,7,0.1,0.7,1.3,0.9,0,0,1
12,207,6,0.1,0.6,1.1,0.8,0,0,1
12,208,40.5,0,4,6,4,0,0,0
12,209,9,0.1,1,1.7,1.1,0,0,1
12,210,11,0.2,0.6,1.9,1.4,0,0,1
12,211,7,0.1,0.4,1.2,0.9,0,0,1
12,212,4,0.1,0.2,0.7,0.5,0,0,1
12,213,3,0,0.2,0.5,0.4,0,0,1
12,214,23,1,0,8,2,0,0,0
12,215,47,1,6,6,3,0,0,0
12,216,6,0.1,0.9,0.9,0.7,0,0,1
12,217,2,0,0.3,0.3,0.3,0,0,1
12,221,7,0,0.4,0,4.7,0,0,1
12,239,19,0.7,2.5,3.1,1.6,0,0,1
12,240,11,0.2,1.4,1.8,0.9,0,0,1
12,245,15,0,1.9,1.7,2.8,0,0,1
12,247,4,0,0.5,0.5,0.7,0,0,1
12,248,1,0,0.1,0.1,0.2,0,0,1
13,0,4,0.2,0.6,0.3,0.8,0,0,1
13,13,9,0,1,1.4,1.1,0,0,1
13,15,2,0,0.2,0.3,0.3,0,0,1
13,25,2,0,0.5,0.3,0,0,0,1
13,28,2,0,0.5,0.3,0,0,0,1
13,29,16,0.2,4.1,2,0.2,0,0,1
13,41,6,0,0.8,1.2,0.1,0,0,1
13,54,3,0.1,0.4,0.5,0.2,0,0,1
13,58,2,0,0.3,0.3,0.1,0,0,1
13,64,2,0,0.5,0.3,0,0,0,1
13,65,2,0,0.5,0.3,0,0,0,1
13,66,3,0,0.7,0.4,0.1,0,0,1
13,76,1,0,0.1,0.3,0,0,0,1
13,77,60.5,0,4,18,0,0,0,0
13,78,22.5,0.3,1.9,5.4,0.7,0,0,1
13,88,30,0,0.5,9.6,0,0,0,1
13,89,62,0,5,15,0,0,0,0
13,90,20,0,5.6,2.5,0,0,0,1
13,91,1,0,0.3,0.1,0,0,0,1
13,96,5,0.2,0.4,0.7,1,0,0,1
13,110,8,0,0,0.5,4.1,0,0,1
13,121,13,0,1.7,3,0.5,0,0,1
13,122,10,0,1.3,2.3,0.4,0,0,1
13,134,30,1.7,3.5,2.3,6.3,0,0,1
13,135,9,0.2,0.9,2.4,0.4,0,0,1
13,136,13,0.3,1.3,3.4,0.6,0,0,1
13,146,8,0.2,0.7,1.2,0.7,0.5,0,1
13,147,2,0,0.2,0.3,0.2,0.1,0,1
13,154,4,0.1,0.4,0.6,0.3,0.3,0,1
13,156,7,0.1,0.6,1.1,0.6,0.5,0,1
13,159,2,0,0.2,0.3,0.2,0.1,0,1
13,169,5,0,0.5,0.9,0.2,0,0,1
13,177,10,0.7,0.9,1.3,1.3,0,0,1
13,181,8,0,0,2.9,0,0,0,1
13,182,2,0,0,0.7,0,0,0,1
13,184,8,0,0,2.9,0,0,0,1
13,185,36,0,3,12,0,0,0,0
13,186,34,0,3,10,0,0,0,0
13,187,2,0.2,0.3,0.2,0.1,0,0,1
13,188,3,0.3,0.4,0.3,0.1,0,0,1
13,199,4,0.3,0.5,0.4,0.6,0,0,1
13,203,21,0,1.9,5,0.9,0.3,0,1
13,204,27,0,2,8,2,0,0,0
13,205,14,0.1,1.5,2.6,1.8,0,0,1
13,206,33.5,0,0,11,2,0,0,0
13,207,45.5,0,1,10,2,0,0,0
13,208,13,0.1,1.4,2.5,1.6,0,0,1
13,209,2,0,0.2,0.4,0.3,0,0,1
13,210,9,0.2,0.5,1.5,1.2,0,0,1
13,211,6.5,0.1,0.4,1.1,0.8,0,0,1
13,212,1,0,0.1,0.2,0.1,0,0,1
13,215,17,0.3,2.4,2.5,2,0,0,1
13,216,11,0.2,1.6,1.6,1.3,0,0,1
13,239,10,0.4,1.3,1.7,0.8,0,0,1
13,240,3,0.1,0.4,0.5,0.2,0,0,1
13,243,15.5,0.4,1.9,2.5,1.2,0,0,1
13,244,4,0.1,0.5,0.7,0.3,0,0,1
13,245,12.5,0,1.6,1.4,2.3,0,0,1
13,246,10,0,1.3,1.2,1.8,0,0,1
13,247,4,0,0.5,0.5,0.7,0,0,1
13,252,2,0,0.2,0.3,0.3,0,0,1
13,253,5,0.1,0.6,0.7,0.7,0,0,1
14,0,3,0.2,0.4,0.2,0.6,0,0,1
14,1,43,0,0,17,0,0,0,0
14,7,2,0.1,0.3,0.1,0.4,0,0,1
14,11,3,0,0.3,0.5,0.4,0,0,1
14,12,4,0,0.5,0.6,0.5,0,0,1
14,14,1,0,0.1,0.2,0.1,0,0,1
14,26,23,0.3,6,2.9,0.2,0,0,1
14,27,11,0.1,2.9,1.4,0.1,0,0,1
14,28,3,0,0.8,0.4,0,0,0,1
14,29,29,1,3,7,1,0,0,0
14,30,8,0,0,2.6,0,0,0,1
14,31,46.5,0,0,15.4,0,0,0,1
14,32,7,0,0,2.3,0,0,0,1
14,42,2,0,0.3,0.4,0,0,0,1
14,47,6,0,0.6,1.5,0,0,0,1
14,48,10,0,1.1,2.4,0,0,0,1
14,49,1,0,0.1,0.2,0,0,0,1
14,54,2,0,0.3,0.4,0.1,0,0,1
14,55,2,0,0.3,0.3,0.1,0,0,1
14,56,9,0,1.6,1.4,0.3,0,0,1
14,57,10,0,1.7,1.6,0.4,0,0,1
14,59,2,0,0.3,0.3,0.1,0,0,1
14,65,2,0,0.5,0.3,0,0,0,1
14,75,4,0.1,0.3,1,0.1,0,0,1
14,76,73,1,16,4,8,0,0,0
14,77,58,0,10,12,0,0,0,0
14,78,25,0.4,2.1,6,0.7,0,0,1
14,80,3,0.2,0.1,0.1,1,0.1,0,1
14,88,31.5,0,0.5,10.1,0,0,0,1
14,89,121,4,0,22,15,0,0,0
14,90,71,2,4,15,11,0,0,0
14,91,32.5,2,3,8,0,0,0,0
14,96,1,0,0.1,0.2,0.2,0,0,1
14,119,7,0.2,0.5,0.4,1.8,0,0,1
14,120,35,3,3,0,12,0,0,0
14,121,4,0,0.5,0.9,0.2,0,0,1
14,122,4,0,0.5,0.9,0.2,0,0,1
14,134,1,0.1,0.1,0.1,0.2,0,0,1
14,135,17,0.4,1.7,4.4,0.8,0,0,1
14,153,6,0.2,0.5,0.9,0.5,0.4,0,1
14,154,1,0,0.1,0.1,0.1,0.1,0,1
14,170,14,0.9,1.2,1.9,1.9,0,0,1
14,171,2,0.1,0.2,0.3,0.2,0,0,1
14,182,9,0,0,3.3,0,0,0,1
14,183,14,0,0,5.1,0,0,0,1
14,184,48,0,3,11,0,0,0,0
14,185,47,0,0,19,0,0,0,0
14,186,39,0,1,15,0,0,0,0
14,187,27,2.9,3.9,3,0.5,0,0,1
14,203,2,0,0.2,0.5,0.1,0,0,1
14,204,14,0,1.3,3.3,0.6,0.2,0,1
14,205,10.5,0.1,1.1,2,1.3,0,0,1
14,206,4,0,0.4,0.8,0.5,0,0,1
14,207,7,0.1,0.7,1.3,0.9,0,0,1
14,208,22,0,7,3,1,1,0,0
14,209,3,0,0.3,0.6,0.4,0,0,1
14,210,13.5,0.3,0.7,2.3,1.8,0,0,1
14,211,23,0.5,1.2,3.9,3,0,0,1
14,212,10,0.2,0.5,1.7,1.3,0,0,1
14,213,3,0,0.2,0.5,0.4,0,0,1
14,214,27,0,4,7,2,0,0,0
14,215,20,0.3,2.8,3,2.4,0,0,1
14,216,21,0.3,3,3.1,2.5,0,0,1
14,217,8,0.1,1.1,1.2,1,0,0,1
14,219,1,0,0.1,0.2,0.1,0,0,1
14,241,2,0,0.3,0.3,0.2,0,0,1
14,242,3,0.1,0.4,0.5,0.2,0,0,1
14,243,22,0.5,2.8,3.5,1.7,0,0,1
14,244,3,0.1,0.4,0.5,0.2,0,0,1
14,245,14,0,1.8,1.6,2.6,0,0,1
14,246,45,2,3,6,7,0,0,0
14,247,4,0,0.5,0.5,0.7,0,0,1
14,252,2,0,0.2,0.3,0.3,0,0,1
15,0,7,0.2,0.2,2.8,0.2,0,0,1
15,1,18,0.5,0.5,7.3,0.5,0,0,1
15,4,1,0,0.1,0.4,0,0,0,1
15,8,10,0.6,1.4,0.8,1.9,0,0,1
15,26,56,0,7,13,0,0,0,0
15,27,75,3,10,8,9,0,0,0
15,28,59,0,10,12,3,0,0,0
15,29,28.5,0.8,3.7,2.2,3.7,0,0,1
15,30,10,0,0.9,2.9,0,0,0,1
15,31,32,0,2.8,9.3,0,0,0,1
15,47,48,0,1,14,0,0,0,0
15,48,14.5,0.4,2.6,2.1,0.3,0.1,0,1
15,49,11,0.3,2,1.6,0.2,0.1,0,1
15,55,20,1.1,5.3,2.5,0.7,0,0,1
15,56,2,0.1,0.5,0.3,0.1,0,0,1
15,57,11,0.6,2.9,1.4,0.4,0,0,1
15,59,1,0.1,0.3,0.1,0,0,0,1
15,60,3,0.1,0.4,0.7,0,0,0,1
15,62,2,0.1,0.3,0.4,0,0,0,1
15,66,2,0,0.5,0.3,0,0,0,1
15,74,34,2,0,2,13,0,0,0
15,75,89,1.6,7,10.1,24.2,0,0,1
15,76,12.5,0.2,1,1.4,3.4,0,0,1
15,77,2,0,0.2,0.2,0.6,0,0,1
15,78,9.5,0.2,0.7,1.1,2.6,0,0,1
15,88,1,0.1,0,0.1,0.3,0,0,1
15,89,33,2.7,0.7,1.3,10.8,0.7,0,1
15,90,10,0.3,0.9,1.4,2,0,0,1
15,91,8,0.2,0.7,1.2,1.6,0,0,1
15,111,2,0,0.2,0.1,0.5,0,0,1
15,120,3,0,0.4,0.7,0.1,0,0,1
15,121,6,0,0.8,1.4,0.2,0,0,1
15,159,3,0.1,0.3,0.4,0.2,0.2,0,1
15,160,2,0,0.2,0.4,0.1,0,0,1
15,168,4,0,0.4,0.7,0.2,0,0,1
15,169,5,0,0.5,0.9,0.2,0,0,1
15,170,35,1,5,5,4,0,0,0
15,171,28,1,0,3,7,0,0,0
15,172,3,0.2,0.1,0.6,0.4,0,0,1
15,183,23.5,0,3.1,6.1,0,0,0,1
15,184,64.5,0,14,14,0,0,0,0
15,185,21,1.8,4.1,2.3,2.6,0,0,1
15,186,42,2,5,13,0,0,0,0
15,187,38,1,3,5,3,0,0,0
15,188,2,0.2,0.4,0.2,0.2,0,0,1
15,189,2,0.2,0.4,0.2,0.2,0,0,1
15,192,2,0.1,0.3,0.2,0.3,0,0,1
15,193,3,0.2,0.4,0.3,0.4,0,0,1
15,209,2,0,0.2,0.3,0.4,0,0,1
15,210,10,0.6,2,0.8,1.9,0,0,1
15,211,2,0.1,0.4,0.2,0.4,0,0,1
15,212,9.5,0.5,1.9,0.8,1.8,0,0,1
15,213,6,0.3,1.2,0.5,1.2,0,0,1
15,214,3,0.2,0.6,0.2,0.6,0,0,1
15,215,18,1.3,1.4,3,1.3,0,0,1
15,216,8,0.6,0.6,1.3,0.6,0,0,1
15,217,25,1.8,1.9,4.2,1.8,0,0,1
15,226,1,0,0.1,0,0.6,0,0,1
15,237,8,0.6,1.6,0.4,0.7,0,0,1
15,238,4,0.3,0.8,0.2,0.4,0,0,1
15,242,12,0.9,1.9,1.5,0.8,0,0,1
15,243,17,1.3,2.7,2.1,1.1,0,0,1
15,246,61,1,6,3,14,0,0,0
15,247,20,0.8,3.5,2.7,1.4,0.2,0,1
15,248,6,0.3,1,0.8,0.4,0.1,0,1
15,249,8,0.3,1.4,1,0.6,0.1,0,1
16,0,28,0,2,9,0,0,0,0
16,1,73,0,0,28,0,0,0,0
16,2,56,0,1,14,0,1,0,0
16,11,3,0,0.3,0.5,0.4,0,0,1
16,21,2,0,0.5,0.3,0,0,0,1
16,27,28,1,6,3,7,0,0,0
16,28,223.5,7,8,19,63,0,0,0
16,29,105,5,8,13,27,0,0,0
16,30,72,0,26,1,0,0,0,0
16,31,48.5,0,20,0,0,0,0,0
16,40,1,0,0.2,0.2,0,0,0,1
16,41,1,0,0.2,0.2,0,0,0,1
16,42,2,0,0.3,0.4,0,0,0,1
16,44,22,0,2.8,4.9,0,0.4,0,1
16,45,4,0.1,0.7,0.6,0.1,0,0,1
16,46,46.5,0,1,17,0,0,0,0
16,47,50,0,3,16,0,0,0,0
16,48,19,0.5,3.4,2.8,0.3,0.2,0,1
16,49,2,0.1,0.4,0.3,0,0,0,1
16,50,4,0.1,0.5,0.7,0.3,0,0,1
16,51,6,0.1,0.8,1,0.4,0,0,1
16,52,2,0,0.3,0.4,0.1,0,0,1
16,55,9,0.5,2.4,1.1,0.3,0,0,1
16,57,12,0.6,3.2,1.5,0.4,0,0,1
16,58,26,0,4,7,0,0,0,0
16,60,36,0,4,9,0,0,0,0
16,61,23,0.5,3,5.1,0.2,0,0,1
16,72,58.5,1,2,15,3,0,0,0
16,73,22,1.1,1.6,2.1,4.3,0,0,1
16,74,3,0.1,0.2,0.3,0.6,0,0,1
16,79,1,0,0.1,0.1,0.3,0,0,1
16,80,2,0.2,0,0.1,0.7,0,0,1
16,81,4,0.3,0.1,0.2,1.3,0.1,0,1
16,83,4,0.3,0.1,0.2,1.3,0.1,0,1
16,121,2,0,0.3,0.4,0.1,0,0,1
16,139,4,0.2,0.5,0.3,0.8,0,0,1
16,140,1,0,0.1,0.1,0.1,0.1,0,1
16,168,39.5,3,3,4,7,0,0,0
16,169,91,2,3,7,23,0,0,0
16,170,58,1,6,3,13,0,0,0
16,171,6,0.5,0.2,1.1,0.9,0,0,1
16,172,4,0.3,0.2,0.7,0.6,0,0,1
16,183,6.5,0,0.8,1.7,0,0,0,1
16,184,22.5,0,2.9,5.9,0,0,0,1
16,185,68,0,10,13,0,0,0,0
16,186,44,4,10,7,0,0,0,0
16,187,134,5,2,11,43,1,4,0
16,188,147.5,2,2,28,27,0,8,0
16,189,42,0,4,15,2,0,0,0
16,190,5,0.3,0.6,0.5,0.8,0,0,1
16,209,8,0.1,0.8,1,1.5,0,0,1
16,210,3,0.2,0.6,0.2,0.6,0,0,1
16,212,6,0.3,1.2,0.5,1.2,0,0,1
16,213,1,0,0.2,0.1,0.2,0,0,1
16,214,6,0.3,1.2,0.5,1.2,0,0,1
16,215,15,1.1,1.1,2.5,1.1,0,0,1
16,216,23,1,5,3,2,0,0,0
16,217,9,0.7,0.7,1.5,0.6,0,0,1
16,220,3,0,0.6,0.5,0.1,0,0,1
16,237,8,0.6,1.6,0.4,0.7,0,0,1
16,238,1,0.1,0.2,0,0.1,0,0,1
16,239,13,1,2.7,0.6,1.1,0,0,1
16,241,2,0.2,0.3,0.2,0.1,0,0,1
16,243,15,1.2,2.3,1.8,1,0,0,1
16,244,1,0.1,0.1,0.1,0.1,0,0,1
16,246,15,0.6,2.6,2,1.1,0.1,0,1
16,247,5,0.2,0.9,0.7,0.3,0,0,1
16,250,8,0.2,0.9,1.1,1.1,0,0,1
16,251,3,0.1,0.3,0.4,0.4,0,0,1
17,0,134,0,50,7,2,0,25,0
17,1,254.5,3,9,87,0,1,64,0
17,2,32,11,4,1,0,0,0,0
17,3,8,0.2,0.2,3.3,0.2,0,0,1
17,10,1,0,0.1,0.2,0.1,0,0,1
17,13,2,0,0.2,0.3,0.3,0,0,1
17,28,43,0,5,2,11,1,0,0
17,29,55,2,3,13,10,0,0,0
17,30,50,0,5,14,0,0,0,0
17,31,8,0,0.7,2.3,0,0,0,1
17,35,1,0,0.1,0.2,0.1,0,0,1
17,37,3,0.1,0.2,0.6,0.3,0,0,1
17,42,4,0,0.5,0.9,0,0.1,0,1
17,43,21,0,2.7,4.6,0,0.4,0,1
17,44,87,0,3,30,0,0,0,0
17,45,54,0,12,9,0,0,0,0
17,46,81,11,9,7,5,0,0,0
17,47,91,3,10,16,3,0,0,0
17,48,14,0.4,2.5,2.1,0.2,0.1,0,1
17,50,5,0.1,0.7,0.9,0.3,0,0,1
17,56,53,1,1,18,0,0,0,0
17,57,38,2,5,7,1,0,0,0
17,58,54.5,1,11,8,0,0,0,0
17,59,38,2,9,6,0,0,0,0
17,60,45.5,1,6,10,0,0,0,0
17,61,21,0.5,2.8,4.6,0.2,0,0,1
17,62,5,0.1,0.7,1.1,0,0,0,1
17,63,12,0.3,1.6,2.6,0.1,0,0,1
17,90,9,0.2,0.8,1.3,1.8,0,0,1
17,93,1,0,0.1,0.2,0.2,0,0,1
17,149,5,0.1,0.5,0.8,0.4,0.3,0,1
17,168,26,2,8,1,1,0,0,0
17,169,27,0,3,4.6,1.3,0,0,1
17,170,14,1,0.5,2.6,2.1,0,0,1
17,184,23,0,3,6,0,0,0,1
17,185,25,1,6,4,2,0,0,0
17,186,77,2,6,6,18,0,2,0
17,187,144,2,1,12,57,0,0,0
17,188,121,2,4,10,43,0,0,0
17,189,30,0,2,10,4,0,0,0
17,190,12,0.7,1.5,1.3,1.7,0,0,1
17,191,16,1,2,1.7,2.3,0,0,1
17,208,1,0,0.1,0.1,0.2,0,0,1
17,209,6,0.1,0.6,0.8,1.1,0,0,1
17,210,8,0.4,1.6,0.7,1.6,0,0,1
17,214,5,0.3,1,0.4,1,0,0,1
17,215,6,0.4,0.5,1,0.4,0,0,1
17,217,3,0.2,0.3,0.5,0.2,0,0,1
17,218,2,0.2,0.2,0.3,0.1,0,0,1
17,219,19,1.4,1.4,3.2,1.4,0,0,1
17,238,1,0.1,0.2,0,0.1,0,0,1
17,239,13,1,2.7,0.6,1.1,0,0,1
17,240,29,3,7,1,1,0,0,0
17,241,12,0.9,1.9,1.5,0.8,0,0,1
17,243,5,0.4,0.8,0.6,0.3,0,0,1
17,245,2,0.1,0.4,0.3,0.1,0,0,1
17,246,11,0.4,1.9,1.5,0.8,0.1,0,1
17,248,2,0.1,0.4,0.3,0.1,0,0,1
17,249,4,0.2,0.7,0.5,0.3,0,0,1
17,250,21,0.4,2.4,2.9,2.9,0,0,1
18,0,75,3,15,12,1,0,6,0
18,1,260,8,39,28,24,1,33,0
18,2,77,12,3,7,4,0,0,0
18,3,2,0.1,0.1,0.8,0,0,0,1
18,4,1,0,0.1,0.4,0,0,0,1
18,5,3,0.2,0.4,0.2,0.6,0,0,1
18,6,2,0.1,0.3,0.1,0.4,0,0,1
18,28,3,0.1,0.4,0.2,0.4,0,0,1
18,29,36,2,8,5,0,0,0,0
18,30,67,3,13,15,1,0,0,0
18,31,3,0,0.2,0.9,0,0,0,1
18,32,2,0,0.2,0.6,0,0,0,1
18,39,2,0.1,0.1,0.4,0.2,0,0,1
18,41,4,0,0.5,0.9,0,0.1,0,1
18,42,8,0,1,1.7,0,0.2,0,1
18,43,83.5,0,4,18,0,0,0,0
18,44,28.5,0,3,8,0,0,0,0
18,45,50.5,2,10,7,0,0,0,0
18,46,96,4,5,18,9,0,0,0
18,47,106,3,2,11,23,0,0,0
18,48,42.5,0,6,7,3,0,0,0
18,49,18,0.5,3.2,2.7,0.3,0.2,0,1
18,50,1,0,0.1,0.2,0.1,0,0,1
18,56,42.5,0,0,15,0,0,0,0
18,57,38,0,0,15,1,0,0,0
18,58,19,1.1,5.1,2.3,0.6,0,0,1
18,59,46,6,6,8,1,0,0,0
18,60,51,1,3,15,0,0,0,0
18,61,50,0,2,17,1,0,0,0
18,62,142.5,0,2,45,0,0,0,0
18,63,112,0,8,34,0,0,0,0
18,64,24,0.5,3.2,5.3,0.2,0,0,1
18,72,2,0.1,0.1,0.2,0.4,0,0,1
18,73,4,0.2,0.3,0.4,0.8,0,0,1
18,89,2,0.2,0,0.1,0.7,0,0,1
18,103,1,0,0.1,0,0.3,0,0,1
18,108,22,0.4,1.7,1.2,5.7,0,0,1
18,109,3,0,0.2,0.2,0.8,0,0,1
18,113,2,0,0.2,0.1,0.5,0,0,1
18,156,1,0,0.1,0.1,0.1,0.1,0,1
18,168,19,0,2.1,3.3,0.9,0,0,1
18,169,16,0,1.8,2.7,0.8,0,0,1
18,184,9,0,1.2,2.3,0,0,0,1
18,185,9,0.7,1.8,1,1.1,0,0,1
18,186,16,1.3,3.1,1.8,2,0,0,1
18,187,42,6,12,2,0,0,0,0
18,188,14,1.2,2.7,1.6,1.7,0,0,1
18,189,4,0.3,0.8,0.5,0.5,0,0,1
18,190,4,0.3,0.5,0.4,0.6,0,0,1
18,207,3,0.1,0.3,0.4,0.5,0,0,1
18,208,2,0,0.2,0.3,0.4,0,0,1
18,209,4,0.1,0.4,0.5,0.7,0,0,1
18,210,2,0.1,0.4,0.2,0.4,0,0,1
18,212,2,0.1,0.4,0.2,0.4,0,0,1
18,213,1,0,0.2,0.1,0.2,0,0,1
18,214,7,0.4,1.4,0.6,1.3,0,0,1
18,217,7,0.5,0.5,1.2,0.5,0,0,1
18,218,15,1.1,1.1,2.5,1.1,0,0,1
18,219,6,0.4,0.5,1,0.4,0,0,1
18,220,12.5,0,2.7,1.9,0.4,0,0,1
18,221,9,0,1.9,1.4,0.3,0,0,1
18,235,2,0.1,0.4,0.1,0.2,0,0,1
18,236,12,0.9,2.5,0.6,1,0,0,1
18,240,20,1.6,3.1,2.4,1.3,0,0,1
18,241,11,0.9,1.7,1.3,0.7,0,0,1
18,242,21,1.6,3.3,2.6,1.3,0,0,1
18,243,1,0.1,0.1,0.1,0.1,0,0,1
18,245,23,5,3,1,2,0,0,0
18,248,2,0.1,0.4,0.3,0.1,0,0,1
18,249,38.5,0,6,6,0,0,0,0
18,250,9,0.2,1.1,1.2,1.2,0,0,1
19,0,210.5,6,14,23,46,1,0,0
19,1,234,3,14,33,54,1,0,0
19,2,113.5,5,9,16,18,0,0,0
19,5,7,0.4,1,0.5,1.4,0,0,1
19,10,16.5,0,1.8,2.6,2.1,0,0,1
19,13,6,0,0.7,0.9,0.8,0,0,1
19,15,3,0,0.3,0.5,0.4,0,0,1
19,19,3,0,0.3,0.5,0.4,0,0,1
19,27,7,0.2,0.9,0.5,0.9,0,0,1
19,29,35,0,3,12,0,0,0,0
19,30,65,0,24,1,0,0,0,0
19,31,11,0,0.9,3.2,0,0,0,1
19,32,3,0,0.2,0.9,0,0,0,1
19,35,3,0.1,0.2,0.6,0.3,0,0,1
19,38,6,0.3,0.3,1.2,0.5,0,0,1
19,39,2,0.1,0.1,0.4,0.2,0,0,1
19,40,16,0,2,3.5,0,0.4,0,1
19,41,25,0,3,8,0,0,0,0
19,42,16,0,2,3.5,0,0.4,0,1
19,43,105.5,1,5,37,0,0,0,0
19,44,54,0,4,16,1,0,0,0
19,45,120.5,3,7,32,5,1,0,0
19,46,106.5,4,5,10,26,0,2,0
19,47,98,1,4,15,29,0,0,0
19,48,21,0.6,3.7,3.1,0.4,0.2,0,1
19,49,4,0.1,0.7,0.6,0.1,0,0,1
19,52,4,0.1,0.5,0.7,0.3,0,0,1
19,57,157.5,0,0,64,0,0,64,0
19,58,16,0.9,4.3,1.9,0.5,0,0,1
19,59,115,2,36,5,1,0,19,0
19,60,390.5,0,59,89,0,0,124,0
19,61,117.5,0,0,48,0,0,0,0
19,62,156,0,5,47,3,0,29,0
19,63,78,0,31,4,0,0,0,0
19,64,1,0,0.2,0.2,0,0,0,1
19,66,2,0,0.5,0.3,0,0,0,1
19,67,8,0,1.9,1.1,0.2,0,0,1
19,68,2,0,0.5,0.3,0,0,0,1
19,69,5,0,1.2,0.7,0.1,0,0,1
19,72,4,0.2,0.3,0.4,0.8,0,0,1
19,91,1,0,0.1,0.2,0.2,0,0,1
19,112,2,0,0.2,0.1,0.5,0,0,1
19,115,3,0,0.2,0.2,0.8,0,0,1
19,175,2,0.1,0.2,0.3,0.2,0,0,1
19,176,3,0.2,0.3,0.4,0.4,0,0,1
19,188,4,0.3,0.8,0.5,0.5,0,0,1
19,191,2,0.1,0.3,0.2,0.3,0,0,1
19,206,1,0,0.1,0.1,0.2,0,0,1
19,207,4,0.1,0.4,0.5,0.7,0,0,1
19,208,18,0.4,1.8,2.2,3.3,0,0,1
19,209,20,0,1,4,6,0,0,0
19,216,6,0.4,0.5,1,0.4,0,0,1
19,217,20,1.5,1.5,3.3,1.5,0,0,1
19,218,3,0.2,0.3,0.5,0.2,0,0,1
19,219,30,2,8,0,1,0,0,0
19,220,104.5,2,3,11,29,0,0,0
19,221,58,2,4,14,3,0,0,0
19,222,8,0,1.7,1.2,0.3,0,0,1
19,236,3,0.2,0.6,0.1,0.3,0,0,1
19,242,7,0.6,1.1,0.9,0.4,0,0,1
19,243,8,0.6,1.3,1,0.5,0,0,1
19,244,8,0.6,1.3,1,0.5,0,0,1
19,245,30,0,10,3,1,0,0,0
19,246,1,0,0.2,0.1,0.1,0,0,1
19,248,5,0.2,0.9,0.7,0.3,0,0,1
19,249,17,0.7,2.9,2.3,1.2,0.2,0,1
20,0,160,4,14,11,44,0,0,0
20,1,101.5,8,7,12,23,0,2,0
20,2,104,5,5,12,13,1,0,0
20,3,49,5,4,8,1,0,0,0
20,5,4,0.6,0.3,0.4,0.4,0.1,0,1
20,29,4,0,0.6,0.7,0.1,0,0,1
20,30,12,0.3,4.2,0.8,0,0,0,1
20,41,19,0,1.9,4.8,0,0,0,1
20,42,46,1,6,11,0,0,0,0
20,43,43,2,3,6,2,0,0,0
20,44,36.5,3,1,11,1,0,0,0
20,45,88,1,11,13,5,0,0,0
20,46,9,0,0.4,3.4,0.7,0,0,1
20,47,31,0,1.6,11.6,2.3,0,0,1
20,51,3,0.1,0.6,0.3,0.3,0,0,1
20,53,6,0.2,1.2,0.6,0.6,0,0,1
20,57,3,0.1,0.3,0.4,0.7,0,0,1
20,58,16,0.7,1.5,2.2,3.5,0,0,1
20,59,7,0.3,0.7,0.9,1.5,0,0,1
20,60,165,0,47,5,0,0,41,0
20,61,106,0,32,12,0,0,0,0
20,62,13,0,1.2,2.9,2.2,0,0,1
20,63,9,0,0.8,2,1.5,0,0,1
20,66,11,0.7,1.4,1.5,1.3,0.1,0,1
20,115,2,0,0.3,0.3,0.2,0,0,1
20,204,2,0,0.4,0.1,0.6,0,0,1
20,206,17,0.3,3.4,1.8,1.7,0,0,1
20,207,8,0.1,1.6,0.9,0.8,0,0,1
20,208,4,0.1,0.8,0.4,0.4,0,0,1
20,209,20,0.3,4,2.2,2,0,0,1
20,212,4,0.1,0.8,0.2,0.5,0,0,1
20,218,14,0.6,1.1,3,0.5,0,0,1
20,219,7,0.3,0.5,1.5,0.3,0,0,1
20,221,52,0,8,14,1,0,0,0
20,222,53.5,0,16,6,1,0,0,0
20,223,9,0.3,1.1,1.7,0.5,0,0,1
20,229,3,0.1,0.7,0.3,0.2,0,0,1
20,234,2,0.2,0.2,0.1,0.5,0,0,1
20,241,5,0.2,0.5,0.5,0.6,0,0,1
20,243,4,0.2,0.4,0.4,0.4,0,0,1
20,244,24,1.1,2.3,2.3,2.9,0,0,1
20,245,7,0.6,0.8,0.8,0.5,0,0,1
20,246,2,0.2,0.2,0.2,0.2,0,0,1
20,247,19,1.6,2.1,2.1,1.4,0,0,1
20,248,18,1.5,2,2,1.3,0,0,1
20,249,9,0.7,1,1,0.7,0,0,1
21,0,68,0,27,4,0,0,0,0
21,1,27,0,2.8,6.5,0.6,0.3,0,1
21,2,12,0,1.3,2.9,0.3,0.1,0,1
21,3,57,3,6,10,1,0,0,0
21,8,6,0.8,0.4,0.7,0.6,0.1,0,1
21,32,4,0.1,1.4,0.3,0,0,0,1
21,35,2,0,0.5,0.5,0,0,0,1
21,36,9,0,2.3,2.4,0,0,0,1
21,39,3,0,0.8,0.8,0,0,0,1
21,42,28,0,2.8,7.1,0,0,0,1
21,43,14,0,1.4,3.5,0,0,0,1
21,44,10,0,1,2.5,0,0,0,1
21,51,7,0.2,1.4,0.7,0.7,0,0,1
21,53,2,0.1,0.4,0.2,0.2,0,0,1
21,58,38.5,0,4,3,14,0,0,0
21,59,12,0.5,1.1,1.6,2.7,0,0,1
21,60,2,0,0.2,0.5,0.3,0,0,1
21,64,4,0,0.4,0.9,0.6,0,0,1
21,65,7,0.4,0.9,0.9,0.9,0.1,0,1
21,66,11,0.7,1.4,1.5,1.3,0.1,0,1
21,67,5,0.3,0.6,0.7,0.6,0.1,0,1
21,69,6,0.4,0.7,0.8,0.7,0.1,0,1
21,86,2,0.1,0.1,0.7,0,0,0,1
21,90,1,0,0.1,0.2,0.1,0,0,1
21,91,2,0.1,0.2,0.4,0.1,0,0,1
21,175,5,0,0.5,1.2,0.2,0,0,1
21,176,22,0,2.1,5.3,0.9,0,0,1
21,206,20.5,0.3,4.1,2.2,2.1,0,0,1
21,207,43,0,4,9,1,0,0,0
21,208,11,0.2,2.2,1.2,1.1,0,0,1
21,209,5,0.1,1,0.5,0.5,0,0,1
21,210,21,0.7,4.5,0.9,2.5,0,0,1
21,211,6.5,0.2,1.4,0.3,0.8,0,0,1
21,218,16,0.7,1.2,3.5,0.6,0,0,1
21,219,61.5,1,0,18,1,0,0,0
21,220,3,0.1,0.4,0.6,0.1,0,0,1
21,221,13,0.4,1.7,2.5,0.6,0,0,1
21,222,24,0.8,3.1,4.6,1.2,0,0,1
21,225,2,0.1,0.5,0.2,0.1,0,0,1
21,231,4,0.4,0.5,0.3,0.9,0,0,1
21,234,3,0.3,0.4,0.2,0.7,0,0,1
21,235,8,0.7,1,0.6,1.8,0,0,1
21,244,141,2,4,39,9,0,36,0
21,245,45,5,3,8,4,0,0,0
21,246,33,4,4,4,4,0,0,0
21,247,11,0.9,1.2,1.2,0.9,0,0,1
21,248,3,0.3,0.3,0.3,0.2,0,0,1
22,0,22,0,2.3,5.3,0.5,0.2,0,1
22,2,6.5,0,0.7,1.6,0.1,0.1,0,1
22,20,1,0,0.2,0.2,0,0,0,1
22,21,4,0,0.6,0.7,0.1,0,0,1
22,23,7,0,1.1,1.3,0.1,0,0,1
22,25,3,0,0.5,0.5,0.1,0,0,1
22,36,7,0,1.8,1.9,0,0,0,1
22,56,4,0.2,0.4,0.5,0.9,0,0,1
22,57,5,0.2,0.5,0.7,1.1,0,0,1
22,58,156,2,0,14,67,2,0,0
22,59,126,8,0,3,59,0,5,0
22,60,84,4,1,7,39,0,0,0
22,61,16,0,1.5,3.5,2.7,0,0,1
22,62,3,0,0.3,0.6,0.5,0,0,1
22,63,1,0,0.1,0.2,0.2,0,0,1
22,64,26,5,4,3,1,0,0,0
22,65,67,3,13,5,4,0,0,0
22,66,11,0.7,1.4,1.5,1.3,0.1,0,1
22,67,4,0.2,0.5,0.5,0.5,0.1,0,1
22,68,6,0.4,0.7,0.8,0.7,0.1,0,1
22,73,5,0.3,0.5,0.3,0.8,0,0,1
22,74,2,0.1,0.2,0.1,0.4,0,0,1
22,85,5,0.1,0.3,1.6,0.1,0,0,1
22,86,11,0.2,0.7,3.6,0.2,0,0,1
22,89,2,0.1,0.1,0.7,0,0,0,1
22,98,2,0.1,0.2,0.4,0.1,0,0,1
22,106,2,0,0.3,0.3,0.2,0,0,1
22,107,12,0.3,1.8,1.5,0.9,0,0,1
22,108,2,0,0.3,0.3,0.2,0,0,1
22,173,1,0,0.2,0.2,0,0,0,1
22,174,4,0,1,0.8,0,0,0,1
22,175,8,0,0.8,1.9,0.3,0,0,1
22,176,25,0,2.4,6.1,1,0,0,1
22,178,8,0,0.8,1.9,0.3,0,0,1
22,201,3,0,0.5,0.1,1,0,0,1
22,205,6,0.1,1.2,0.6,0.6,0,0,1
22,206,7,0.1,1.4,0.8,0.7,0,0,1
22,207,5,0.1,1,0.5,0.5,0,0,1
22,208,4,0.1,0.8,0.4,0.4,0,0,1
22,209,2,0,0.4,0.2,0.2,0,0,1
22,210,9,0.3,1.9,0.4,1.1,0,0,1
22,211,12,0.4,2.6,0.5,1.4,0,0,1
22,212,6,0.2,1.3,0.3,0.7,0,0,1
22,213,5,0.2,1,0.2,0.6,0,0,1
22,216,11,0.4,0.9,2.4,0.4,0,0,1
22,217,14,0.6,1.1,3,0.5,0,0,1
22,218,46,2,5,13,0,0,0,0
22,219,21,0.9,1.6,4.6,0.8,0,0,1
22,220,25,0.8,3.2,4.8,1.3,0,0,1
22,221,33,0,10,0,1,0,0,0
22,222,44,2,1,7,6,0,0,0
22,223,57,1,5,13,2,0,0,0
22,224,7,0.2,0.9,1.4,0.3,0,0,1
22,225,14,0.5,3.2,1.6,1,0,0,1
22,226,11,0.4,2.5,1.3,0.7,0,0,1
22,227,3,0.1,0.7,0.3,0.2,0,0,1
22,228,2,0.1,0.5,0.2,0.1,0,0,1
22,231,1,0.1,0.1,0.1,0.2,0,0,1
22,234,8,0.7,1,0.6,1.8,0,0,1
22,235,1,0.1,0.1,0.1,0.2,0,0,1
22,244,42,1,1,2,17,0,0,0
22,245,34,10,4,1,3,0,0,0
22,246,23,1.9,2.5,2.5,1.8,0,0,1
22,247,2,0.2,0.2,0.2,0.2,0,0,1
22,251,7,0.2,1,0.6,1.7,0,0,1
23,2,7,0,0.7,1.7,0.2,0.1,0,1
23,3,4,0,0.4,1,0.1,0,0,1
23,20,14,0,2.2,2.5,0.2,0,0,1
23,21,29,0,4.5,5.2,0.5,0,0,1
23,22,44,0,15,7,0,0,0,0
23,23,49,0,10,5,6,0,0,0
23,24,5,0,0.8,0.9,0.1,0,0,1
23,32,2,0.1,0.7,0.1,0,0,0,1
23,34,4,0.1,1.4,0.3,0,0,0,1
23,51,2,0.1,0.4,0.2,0.2,0,0,1
23,52,5,0.1,1,0.5,0.5,0,0,1
23,53,11,0.3,2.1,1.2,1.1,0,0,1
23,54,11,0.3,2.1,1.2,1.1,0,0,1
23,55,5,0.2,0.5,0.7,1.1,0,0,1
23,56,3,0.1,0.3,0.4,0.7,0,0,1
23,57,3,0.1,0.3,0.4,0.7,0,0,1
23,58,304.5,5,2,39,131,3,24,0
23,59,541.5,11,10,38,254,0,6,0
23,60,174.5,1,3,5,88,0,0,0
23,61,80.5,4,3,14,18,0,0,0
23,62,39.5,4,2,8,5,0,0,0
23,63,44,7,1,9,5,0,0,0
23,64,6,0,0.6,1.3,1,0,0,1
23,65,15,0.9,1.9,2,1.9,0.2,0,1
23,73,19,1,2.1,1,3.1,0,0,1
23,74,9,0.5,1,0.5,1.4,0,0,1
23,84,6,0,0.3,0.7,1.7,0,0,1
23,85,67,1,6,7,19,0,0,0
23,86,24,0.5,1.5,7.8,0.5,0,0,1
23,105,5,0.1,0.8,0.6,0.4,0,0,1
23,106,17,0.4,2.6,2.1,1.3,0,0,1
23,107,63,3,1,9,15,0,0,0
23,108,28,0,0,9,2,0,0,0
23,123,3,0,0.2,0.8,0,0,0,1
23,124,42,0,1.8,11.6,0,0,0,1
23,125,57,0,1,21,0,0,7,0
23,126,9,0,0.5,2.8,0.2,0,0,1
23,173,6,0,1.5,1.2,0,0,0,1
23,174,24,0,6,4.8,0,0,0,1
23,175,40,2,4,8,6,0,0,0
23,176,81.5,2,3,2,32,0,0,0
23,177,21,0,2,5.1,0.9,0,0,1
23,178,6,0,0.6,1.5,0.2,0,0,1
23,191,5,0.1,0,0.7,1.2,0,0,1
23,199,7,0.1,0,1.1,1.7,0,0,1
23,201,9,0,1.6,0.4,2.9,0,0,1
23,206,1,0,0.2,0.1,0.1,0,0,1
23,207,5,0.1,1,0.5,0.5,0,0,1
23,210,11,0.4,2.3,0.5,1.3,0,0,1
23,211,9,0.3,1.9,0.4,1.1,0,0,1
23,212,16,0.5,3.4,0.7,1.9,0,0,1
23,215,4,0.2,0.3,0.9,0.1,0,0,1
23,216,4,0.2,0.3,0.9,0.1,0,0,1
23,217,15,0.6,1.2,3.3,0.5,0,0,1
23,218,18,0.8,1.4,3.9,0.7,0,0,1
23,219,9,0.4,0.7,2,0.3,0,0,1
23,220,31,1,1,9,1,0,0,0
23,221,20,0.7,2.5,3.8,1,0,0,1
23,222,13.5,0.4,1.7,2.6,0.7,0,0,1
23,223,19,0.6,2.4,3.7,0.9,0,0,1
23,226,9,0.3,2.1,1,0.6,0,0,1
23,227,13,0.4,3,1.5,0.9,0,0,1
23,228,7,0.2,1.6,0.8,0.5,0,0,1
23,230,3,0.3,0.4,0.2,0.7,0,0,1
23,231,5,0.4,0.6,0.4,1.2,0,0,1
23,234,6,0.5,0.8,0.4,1.4,0,0,1
23,244,9,0.4,0.8,0.9,1.1,0,0,1
23,245,28,4,5,2,1,0,0,0
23,246,6,0.5,0.7,0.7,0.4,0,0,1
23,248,2,0.2,0.2,0.2,0.2,0,0,1
23,250,8,0.2,1.1,0.7,2,0,0,1
23,251,3,0.1,0.4,0.3,0.7,0,0,1
23,252,7,0.2,1,0.6,1.7,0,0,1
24,2,7.5,0,0.8,1.8,0.1,0.1,0,1
24,3,1,0,0.1,0.3,0,0,0,1
24,7,2,0.3,0.2,0.2,0.2,0,0,1
24,11,3,0,0.1,0.7,0.4,0,0,1
24,15,6,0,0.2,1.3,0.9,0,0,1
24,19,9,0,0.4,2,1.3,0,0,1
24,20,25,0,3.9,4.5,0.4,0,0,1
24,21,134,2,27,20,2,0,0,0
24,22,73.5,1,11,6,13,1,0,0
24,23,21,0,3.2,3.8,0.4,0,0,1
24,24,3,0,0.5,0.5,0.1,0,0,1
24,31,5,0.1,1.7,0.4,0,0,0,1
24,32,3,0.1,1,0.2,0,0,0,1
24,33,11,0.3,3.8,0.8,0,0,0,1
24,34,2,0.1,0.7,0.1,0,0,0,1
24,36,1,0,0.2,0.3,0,0,0,1
24,37,1,0,0.2,0.3,0,0,0,1
24,53,2,0.1,0.4,0.2,0.2,0,0,1
24,54,8,0.3,1.5,0.8,0.8,0,0,1
24,55,6.5,0.3,0.6,0.9,1.4,0,0,1
24,56,27,1.1,2.6,3.7,5.9,0,0,1
24,57,30.5,2,3,3,4,0,0,0
24,58,44.5,4,3,8,7,0,0,0
24,59,4,0.2,0.4,0.5,0.9,0,0,1
24,61,48,0,3,16,0,0,15,0
24,62,44.5,4,4,9,0,0,0,0
24,63,43,6,7,4,1,0,0,0
24,64,43,2,7,11,0,0,0,0
24,65,5,0.3,0.6,0.7,0.6,0.1,0,1
24,72,84,0,1,14,16,1,10,0
24,73,2,0.1,0.2,0.1,0.4,0,0,1
24,84,63,0,2.7,7.3,18.3,0,0,1
24,85,84,1,1,11,25,0,0,0
24,86,67,0,5,16,0,0,0,0
24,87,3,0.1,0.2,1,0,0,0,1
24,88,2,0.1,0.1,0.7,0,0,0,1
24,104,2,0,0.1,0.6,0.1,0,0,1
24,105,27,0,2,12,0,0,0,0
24,106,98,1,3,18,20,0,0,0
24,107,78,0,1,17,18,1,0,0
24,108,2,0,0.3,0.3,0.2,0,0,1
24,123,24,0,1.1,6.6,0,0,0,1
24,124,42,1,1,15,0,0,0,0
24,125,17.5,0,1,5.4,0.3,0,0,1
24,126,28,0,1.6,8.7,0.5,0,0,1
24,147,2,0,0.2,0.7,0.1,0,0,1
24,148,2,0,0.2,0.7,0.1,0,0,1
24,174,5,0,1.2,1,0,0,0,1
24,175,61,2,3,10,11,0,0,0
24,176,76,2,4,4,27,0,0,0
24,198,1,0,0,0.2,0.2,0,0,1
24,199,1,0,0,0.2,0.2,0,0,1
24,209,5,0.1,1,0.5,0.5,0,0,1
24,211,2,0.1,0.4,0.1,0.2,0,0,1
24,212,8,0.3,1.7,0.3,1,0,0,1
24,213,7,0.3,1.5,0.3,0.8,0,0,1
24,214,1,0,0.2,0.1,0.1,0,0,1
24,215,13,0.5,1,2.9,0.5,0,0,1
24,216,39,0,2,12,1,0,0,0
24,217,24,1,1.9,5.2,0.9,0,0,1
24,218,31,1,0,8,4,0,0,0
24,219,22,0.9,1.7,4.8,0.8,0,0,1
24,220,15,0.5,1.9,2.9,0.7,0,0,1
24,221,12,0.4,1.5,2.3,0.6,0,0,1
24,222,1,0,0.1,0.2,0.1,0,0,1
24,223,12,0.4,1.5,2.3,0.6,0,0,1
24,224,8,0.3,1,1.5,0.4,0,0,1
24,226,3,0.1,0.7,0.3,0.2,0,0,1
24,227,31,2,4,3,3,0,0,0
24,228,23.5,2,4,5,0,0,0,0
24,229,20,0.7,4.6,2.3,1.4,0,0,1
24,230,4,0.4,0.5,0.3,0.9,0,0,1
24,231,11,1,1.4,0.8,2.5,0,0,1
24,245,10,0.8,1.1,1.1,0.8,0,0,1
24,246,8,0.6,0.9,0.9,0.6,0,0,1
24,247,23,1.9,2.5,2.5,1.8,0,0,1
24,248,54,10,3,4,7,0,4,0
24,249,2,0.2,0.2,0.2,0.2,0,0,1
24,250,2,0,0.3,0.2,0.5,0,0,1
24,251,2,0,0.3,0.2,0.5,0,0,1
24,252,4,0.1,0.6,0.3,1,0,0,1
24,253,3,0.1,0.4,0.3,0.7,0,0,1
25,0,3,0.3,0.2,0.5,0.2,0,0,1
25,1,17,1.6,1.1,3.1,1,0.2,0,1
25,2,5,0.5,0.3,0.9,0.3,0.1,0,1
25,3,6,0.6,0.4,1.1,0.3,0.1,0,1
25,4,3,0.3,0.2,0.5,0.2,0,0,1
25,12,2,0,0.1,0.4,0.3,0,0,1
25,19,21,0.5,0,4.3,2.2,0,0,1
25,20,40,0,5,11,0,0,0,0
25,21,40,0,4,12,1,0,0,0
25,22,25,0.7,1.8,6.3,1.1,0,0,1
25,28,5,0,0.1,1.4,0,0,0,1
25,29,15,0,0.4,4.2,0,0,0,1
25,30,39,0,3,11,0,0,0,0
25,31,17,0,0.6,4.6,1.2,0,0,1
25,34,5,0,0.2,1.3,0.4,0,0,1
25,35,20.5,0,2.9,1.4,3.6,0,0,1
25,36,2,0,0.3,0.1,0.4,0,0,1
25,44,2,0.1,0.4,0.1,0.3,0,0,1
25,48,8,0.4,1.6,0.4,1,0,0,1
25,49,1,0,0.2,0.1,0.1,0,0,1
25,52,2,0.1,0.4,0.2,0.2,0,0,1
25,54,2,0.1,0.4,0.2,0.2,0,0,1
25,55,1,0,0.1,0.3,0,0,0,1
25,56,17,0,1.2,5,0.5,0,0,1
25,57,24,0,1.7,7.1,0.7,0,0,1
25,58,3,0,0.2,0.9,0.1,0,0,1
25,60,10,0.5,1.8,1.4,0.2,0,0,1
25,61,51,2,4,3,13,0,0,0
25,62,76,8,3,6,20,0,0,0
25,63,66,9,6,11,0,0,0,0
25,64,96,0,4,31,0,0,0,0
25,65,48,3,3,12,0,0,0,0
25,66,14,0.1,2.6,2.3,0.3,0,0,1
25,67,2,0,0.4,0.3,0.1,0,0,1
25,70,14,0,1.1,3.2,0.7,0,0,1
25,71,11,0,0.9,2.5,0.5,0,0,1
25,72,16,0,1.3,3.6,0.8,0,0,1
25,82,4,0,0.5,0.7,0,0,0,1
25,83,8,0,1,1.4,0.1,0,0,1
25,84,23,0,2.8,4.1,0.3,0,0,1
25,85,35.5,0,1,9,1,0,0,0
25,86,9.5,0.1,0.8,1.9,0.7,0,0,1
25,87,5,0,0.4,1,0.4,0,0,1
25,104,3,0,0.2,0.9,0.1,0,0,1
25,105,31,3,1,7,1,0,0,0
25,106,80,0,0,24,0,0,0,0
25,107,7,0,0.5,2,0.3,0,0,1
25,122,3,0.2,0.2,0.3,0.7,0,0,1
25,123,17.5,1,1.6,1.8,3.9,0,0,1
25,124,114,0,5,16,30,0,0,0
25,125,49,0,3,15,0,0,0,0
25,126,7,0,0.5,1.7,0.3,0,0,1
25,140,1,0,0.1,0.3,0.1,0,0,1
25,146,9,0.1,0.6,2.1,0.6,0,0,1
25,147,18,0,0,6,6,0,0,0
25,148,12,0.1,0.9,2.9,0.7,0,0,1
25,174,10,0,0.8,1,2.4,0,0,1
25,175,20,0.6,3.2,5.2,0,0,0,1
25,176,28.5,1,0,8,6,0,0,0
25,177,6,0.2,1,1.5,0,0,0,1
25,207,2,0,0.4,0.1,0.6,0,0,1
25,211,4,0.1,0.5,0.7,0.2,0,0,1
25,212,3,0,0.4,0.5,0.2,0,0,1
25,213,25,3,1,6,2,0,0,0
25,214,21,0.3,2.6,3.7,1.3,0,0,1
25,215,32,2,8,4,0,0,0,0
25,216,37,1,2,9,1,0,0,0
25,217,43,0,8,7,0,0,0,0
25,218,51,4,16,3,0,0,0,0
25,219,20,2.2,3.4,2,1.4,0,0,1
25,220,27,2.3,4,2.9,1.7,0,0,1
25,221,13.5,1.2,2,1.5,0.8,0,0,1
25,224,11,1,1.6,1.2,0.7,0,0,1
25,225,3,0.2,0.5,0.3,0.2,0,0,1
25,226,10,0.6,1.8,0.9,0.8,0,0,1
25,227,21,1.3,3.8,1.9,1.7,0,0,1
25,228,8,0.5,1.4,0.7,0.7,0,0,1
25,229,25,1.6,4.4,2.3,2,0,0,1
25,230,3,0.1,0.1,0.5,0.3,0,0,1
25,231,3,0.1,0.1,0.5,0.3,0,0,1
25,246,5,0.5,0.6,0.4,1,0,0,1
25,247,16,1.8,1.8,1.4,3.1,0,0,1
25,248,21.5,2.4,2.5,1.8,4.2,0,0,1
25,249,4,0.4,0.5,0.3,0.8,0,0,1
25,250,8,0.2,0.5,1,1.7,0,0.4,1
25,251,14,0.3,1,1.7,2.9,0,0.7,1
25,252,10,0.2,0.7,1.2,2.1,0,0.5,1
25,253,6,0.1,0.4,0.7,1.3,0,0.3,1
26,0,6,0.6,0.4,1.1,0.3,0.1,0,1
26,1,18,1.7,1.2,3.3,1,0.3,0,1
26,2,9,0.8,0.6,1.7,0.5,0.1,0,1
26,3,5,0.5,0.3,0.9,0.3,0.1,0,1
26,4,2,0.2,0.1,0.4,0.1,0,0,1
26,5,11,1.5,0.8,1.2,1.2,0.1,0,1
26,19,12,0.3,0,2.5,1.2,0,0,1
26,21,6,0.2,0.4,1.5,0.3,0,0,1
26,22,17,0.5,1.2,4.3,0.7,0,0,1
26,28,4,0,0.1,1.1,0,0,0,1
26,29,65,0,6,13,0,0,0,0
26,30,71.5,0,4,19,1,0,0,0
26,31,84.5,0,10,19,0,0,0,0
26,34,4,0,0.1,1.1,0.3,0,0,1
26,36,2,0,0.3,0.1,0.4,0,0,1
26,47,4,0.2,0.8,0.2,0.5,0,0,1
26,54,1,0,0.2,0.1,0.1,0,0,1
26,55,23.5,0,1.7,7,0.6,0,0,1
26,56,33.5,0,3,10,0,0,0,0
26,57,22,0,1.6,6.5,0.6,0,0,1
26,58,17,0,1.2,5,0.5,0,0,1
26,59,14,0,1,4.1,0.4,0,0,1
26,60,29,1,7,6,0,0,0,0
26,61,33,3,2,2,6,0,0,0
26,62,94.5,1,5,3,33,0,0,0
26,63,36,3,10,3,0,0,0,0
26,64,78,0,0,28,0,0,0,0
26,65,8,0.1,1.5,1.3,0.2,0,0,1
26,68,6,0.1,1.1,1,0.1,0,0,1
26,71,28,0,2.2,6.4,1.3,0,0,1
26,73,47,0,0,36,0,0,0,0
26,82,21,0,2.6,3.7,0.2,0,0,1
26,83,15,0,1.8,2.7,0.2,0,0,1
26,84,9,0,1.1,1.6,0.1,0,0,1
26,85,43,0,4,7,6,0,0,0
26,86,28,0.3,2.4,5.5,2.1,0,0,1
26,87,4,0.1,0.3,0.8,0.3,0,0,1
26,104,6,0,0.4,1.7,0.3,0,0,1
26,105,11,0,0.7,3.2,0.5,0,0,1
26,106,16,0,1.1,4.6,0.7,0,0,1
26,123,2,0.1,0.2,0.2,0.4,0,0,1
26,124,43,2.5,3.8,4.5,9.6,0,0,1
26,125,20,0,1.4,5,0.8,0,0,1
26,126,1.5,0,0.1,0.4,0,0,0,1
26,138,4,0.1,0.1,1.1,0.4,0,0,1
26,139,57.5,0.7,2.1,15.5,5.7,0,0,1
26,140,35,0.7,2.9,11.7,1.5,0,0,1
26,146,41,0,6,2,8,0,0,0
26,147,40,0,2,6,8,0,0,0
26,171,4,0,0.3,0.4,1,0,0,1
26,176,2,0.1,0.3,0.5,0,0,0,1
26,186,13,0.2,1.2,2.9,0.8,0,0,1
26,187,15,0.2,1.4,3.3,0.9,0.1,0,1
26,188,1,0,0.1,0.2,0.1,0,0,1
26,192,7,0.2,0.8,1.7,0.4,0,0,1
26,193,9,0.2,1,2.3,0.5,0,0,1
26,206,3,0,0.5,0.1,1,0,0,1
26,207,1,0,0.2,0,0.3,0,0,1
26,211,4,0.1,0.5,0.7,0.2,0,0,1
26,212,17,0.3,2.1,3,1,0,0,1
26,213,13,0.2,1.6,2.3,0.8,0,0,1
26,214,49,0,7,11,2,0,0,0
26,215,29.5,3,2,9,0,0,0,0
26,216,4,0.4,0.7,0.4,0.3,0,0,1
26,217,52,3,7,8,1,0,0,0
26,218,26.5,3,2,4,2,0,0,0
26,220,5,0.4,0.7,0.6,0.3,0,0,1
26,221,4,0.3,0.6,0.4,0.3,0,0,1
26,222,1,0.1,0.1,0.1,0.1,0,0,1
26,223,44,0,2,13,1,0,0,0
26,224,15,1.3,2.2,1.6,1,0,0,1
26,225,4,0.3,0.7,0.4,0.3,0,0,1
26,226,2,0.1,0.3,0.2,0.2,0,0,1
26,227,20,1.3,3.6,1.8,1.6,0,0,1
26,228,24,2,4,2,3,0,0,0
26,229,9,0.6,1.6,0.8,0.7,0,0,1
26,230,6,0.2,0.2,1,0.7,0,0,1
26,232,4,0.2,0.1,0.7,0.4,0,0,1
26,236,1,0,0.2,0.1,0.1,0,0,1
26,238,5,0.1,0.6,0.6,0.4,0.1,0,1
26,241,3,0.3,0.5,0.2,0.4,0,0,1
26,245,11,1.2,1.3,0.9,2.2,0,0,1
26,246,9,1,1,0.8,1.8,0,0,1
26,247,13,1.4,1.5,1.1,2.6,0,0,1
26,249,3,0.3,0.3,0.3,0.6,0,0,1
26,250,18,0.4,1.3,2.2,3.7,0,0.9,1
26,251,15,0.4,1,1.8,3.1,0,0.8,1
26,252,10,0.2,0.7,1.2,2.1,0,0.5,1
26,253,2,0.1,0.1,0.2,0.4,0,0.1,1
26,254,2,0.1,0.1,0.2,0.4,0,0.1,1
27,0,63,2,15,2,2,0,0,0
27,1,9,0.8,0.6,1.7,0.5,0.1,0,1
27,3,6,0.6,0.4,1.1,0.3,0.1,0,1
27,4,7,0.6,0.5,1.3,0.4,0.1,0,1
27,7,1,0.1,0.1,0.1,0.1,0,0,1
27,18,4,0.1,0,0.8,0.4,0,0,1
27,23,5,0.1,0.4,1.3,0.2,0,0,1
27,24,35.5,0,0,12,0,0,0,0
27,28,31,0,4,9,0,0,0,0
27,29,72,0,9,10,11,0,0,0
27,30,183,1,9,35,36,1,15,0
27,31,55,0,9,13,2,0,0,0
27,32,34,0,7,7,0,0,0,0
27,35,4,0,0.5,0.3,0.7,0,0,1
27,42,2,0.1,0.4,0.1,0.3,0,0,1
27,46,3,0.1,0.6,0.2,0.4,0,0,1
27,53,4,0.1,0.8,0.4,0.4,0,0,1
27,54,1,0,0.2,0.1,0.1,0,0,1
27,55,15,0,1.1,4.4,0.4,0,0,1
27,56,23,0,1.7,6.8,0.6,0,0,1
27,57,15,0,1.1,4.4,0.4,0,0,1
27,58,18,0,1.3,5.3,0.5,0,0,1
27,59,5,0,0.4,1.5,0.1,0,0,1
27,60,35,0,1,11,0,0,0,0
27,61,47,2,5,12,0,0,0,0
27,62,29,1.5,5.2,4,0.7,0,0,1
27,63,42,4,4,6,0,0,0,0
27,64,12,0.6,2.2,1.6,0.3,0,0,1
27,65,28.5,0,4,7,0,0,0,0
27,66,9,0.1,1.6,1.5,0.2,0,0,1
27,68,6,0.1,1.1,1,0.1,0,0,1
27,70,2,0,0.2,0.4,0.1,0,0,1
27,71,6,0,0.5,1.3,0.3,0,0,1
27,82,9,0,1.1,1.6,0.1,0,0,1
27,83,1,0,0.1,0.2,0,0,0,1
27,85,23,0.3,2,4.5,1.7,0,0,1
27,86,7,0.1,0.6,1.4,0.5,0,0,1
27,114,16,0.5,2.3,3.5,0,0,0,1
27,124,2,0.1,0.2,0.2,0.4,0,0,1
27,125,17,0,1.2,4.2,0.7,0,0,1
27,126,14,0,0.9,3.5,0.6,0,0,1
27,138,8,0.1,0.3,2.1,0.8,0,0,1
27,139,10,0.1,0.4,2.7,1,0,0,1
27,142,2,0,0.2,0.7,0.1,0,0,1
27,146,25,0.3,1.8,5.9,1.5,0,0,1
27,147,36,0,1,11,4,0,0,0
27,148,1,0,0.1,0.2,0.1,0,0,1
27,149,2,0,0.2,0.5,0.1,0,0,1
27,150,2,0,0.2,0.5,0.2,0,0,1
27,158,14,0.9,1.7,2.6,0.9,0,0,1
27,159,4,0.3,0.5,0.7,0.2,0,0,1
27,171,2,0,0.1,0.2,0.5,0,0,1
27,176,3,0.1,0.5,0.8,0,0,0,1
27,185,27,0.4,2.6,6,1.6,0.1,0,1
27,186,31,0.4,3,6.9,1.9,0.1,0,1
27,187,24,0.3,2.3,5.3,1.5,0.1,0,1
27,188,15,0.2,1.4,3.3,0.9,0.1,0,1
27,189,3,0,0.3,0.7,0.2,0,0,1
27,192,14,0.4,1.5,3.5,0.8,0,0,1
27,193,44,0,3,9,5,0,0,0
27,194,2,0.1,0.2,0.5,0.1,0,0,1
27,211,2,0,0.3,0.4,0.1,0,0,1
27,213,9,0.2,1.1,1.6,0.5,0,0,1
27,214,40,1,3,11,2,0,0,0
27,215,1,0.1,0.1,0.1,0.1,0,0,1
27,217,7.5,0.8,1.3,0.8,0.5,0,0,1
27,218,24,4,3,2,3,0,0,0
27,219,14,1.5,2.4,1.4,1,0,0,1
27,220,4,0.3,0.6,0.4,0.3,0,0,1
27,221,15,1.3,2.2,1.6,1,0,0,1
27,222,14,1.2,2.1,1.5,0.9,0,0,1
27,223,40,4,9,5,2,0,0,0
27,224,12,1,1.8,1.3,0.8,0,0,1
27,225,2,0.1,0.3,0.2,0.2,0,0,1
27,226,29,0,8,3,2,0,0,0
27,227,19,1.2,3.4,1.8,1.5,0,0,1
27,228,22,1.4,3.9,2,1.8,0,0,1
27,229,6,0.4,1.1,0.5,0.5,0,0,1
27,230,9,0.3,0.3,1.5,1,0,0,1
27,231,2,0.1,0.1,0.3,0.2,0,0,1
27,233,7,0.3,0.2,1.2,0.8,0,0,1
27,234,20,0.8,0.6,3.4,2.2,0,0,1
27,235,14,0.3,1.8,1.6,1.2,0.1,0,1
27,236,12,0.2,1.5,1.4,1.1,0.1,0,1
27,237,6,0.1,0.7,0.7,0.5,0.1,0,1
27,238,5,0.1,0.6,0.6,0.4,0.1,0,1
27,239,18,0.3,2.2,2.1,1.6,0.2,0,1
27,240,4,0.4,0.7,0.2,0.5,0,0,1
27,241,9,0.8,1.5,0.6,1.2,0,0,1
27,242,20,4,4,0,3,0,0,0
27,243,13,1.2,2.1,0.8,1.8,0,0,1
27,245,26,1,2,1,7,0,0,0
27,246,18,2,2.1,1.5,3.5,0,0,1
27,247,12,1.3,1.4,1,2.4,0,0,1
27,248,9,1,1,0.8,1.8,0,0,1
27,249,11,1.2,1.3,0.9,2.2,0,0,1
27,250,27,5,1,2,5,0,0,0
27,251,16,0.4,1.1,1.9,3.3,0,0.8,1
27,252,24,0.5,1.7,2.9,5,0,1.2,1
27,253,16,0.4,1.1,1.9,3.3,0,0.8,1
27,254,1,0,0.1,0.1,0.2,0,0.1,1
27,255,2,0.1,0,0.2,0.6,0,0,1
28,0,95,1,15,12,1,0,0,0
28,1,8,0.7,0.5,1.5,0.5,0.1,0,1
28,2,8,0.7,0.5,1.5,0.5,0.1,0,1
28,3,5,0.5,0.3,0.9,0.3,0.1,0,1
28,5,10,1.4,0.7,1.1,1.1,0.1,0,1
28,6,8,1.1,0.5,0.9,0.9,0.1,0,1
28,7,4,0.6,0.3,0.4,0.4,0.1,0,1
28,8,3,0.4,0.2,0.3,0.3,0.1,0,1
28,13,3,0,0.1,0.7,0.4,0,0,1
28,23,75.5,0,4,23,0,0,0,0
28,24,105.5,0,2,34,0,0,0,0
28,25,8,0,0.2,2.2,0,0,0,1
28,28,31.5,0,1,11,0,0,0,0
28,29,62,0,2,17,0,0,0,0
28,30,45,0,3,15,0,0,0,0
28,31,9,0,0.3,2.4,0.7,0,0,1
28,32,16,0,0.6,4.3,1.1,0,0,1
28,54,1,0,0.2,0.1,0.1,0,0,1
28,55,14,0,1,4.1,0.4,0,0,1
28,56,19,0,1.4,5.6,0.5,0,0,1
28,57,14,0,1,4.1,0.4,0,0,1
28,59,1,0,0.1,0.3,0,0,0,1
28,60,7,0.4,1.2,1,0.2,0,0,1
28,61,62,0,3,20,0,0,0,0
28,62,2,0.1,0.4,0.3,0,0,0,1
28,63,8,0.4,1.4,1.1,0.2,0,0,1
28,64,12,0.6,2.2,1.6,0.3,0,0,1
28,65,21,0,8,3,0,0,0,0
28,66,36,0,9,6,0,0,0,0
28,67,18,0.2,3.3,3,0.4,0,0,1
28,70,20,0,1.6,4.6,0.9,0,0,1
28,71,13,0,1,3,0.6,0,0,1
28,73,2,0,0.2,0.4,0.1,0,0,1
28,85,1,0,0.1,0.2,0.1,0,0,1
28,86,4,0.1,0.3,0.8,0.3,0,0,1
28,114,22,0.6,3.2,4.8,0,0,0,1
28,125,3,0,0.2,0.8,0.1,0,0,1
28,126,10,0,0.7,2.5,0.4,0,0,1
28,133,2,0,0.1,0.5,0.2,0,0,1
28,146,3,0,0.2,0.7,0.2,0,0,1
28,147,23.5,0.2,1.7,5.6,1.5,0,0,1
28,148,4,0,0.3,1,0.2,0,0,1
28,149,2,0,0.2,0.5,0.1,0,0,1
28,150,24,0,2.8,5.5,2.8,0,0,1
28,156,3,0.2,0.4,0.5,0.2,0,0,1
28,157,15,0.9,1.9,2.8,0.9,0,0,1
28,158,36,2,6,2,10,0,0,0
28,159,36.5,1,1,8,4,0,0,0
28,160,8,0.2,0.8,1.1,0.8,0,0,1
28,171,2,0,0.1,0.2,0.5,0,0,1
28,185,3,0,0.3,0.7,0.2,0,0,1
28,186,6,0.1,0.6,1.3,0.4,0,0,1
28,187,17,0.2,1.6,3.8,1,0.1,0,1
28,188,22,0.3,2.1,4.9,1.3,0.1,0,1
28,191,2,0.1,0.2,0.5,0.1,0,0,1
28,194,44,1,2,2,10,0,0,0
28,199,32.5,0.7,0,4.9,7.7,0,0,1
28,200,3,0,0.9,0.4,0.1,0,0,1
28,203,2,0,0.6,0.2,0.1,0,0,1
28,204,6,0,1.8,0.7,0.2,0,0,1
28,207,2,0,0.4,0.1,0.6,0,0,1
28,213,29.5,0.4,3.7,5.2,1.8,0,0,1
28,214,38,0,0,11,0,0,0,0
28,216,4,0.4,0.7,0.4,0.3,0,0,1
28,218,22,2.4,3.7,2.2,1.6,0,0,1
28,219,7,0.7,1.2,0.7,0.5,0,0,1
28,220,25,3,5,5,0,0,0,0
28,221,38,0,10,2,2,0,0,0
28,222,22,1.9,3.2,2.4,1.4,0,0,1
28,223,21,5,6,2,0,0,0,0
28,224,61,4,20,4,0,0,0,0
28,225,49,1,14,2,0,0,0,0
28,226,59,2,1,1,29,0,0,0
28,227,110,3,2,46,7,0,14,0
28,228,23.5,1,6,3,1,0,0,0
28,229,18,1.1,3.2,1.7,1.4,0,0,1
28,230,2,0.1,0.1,0.3,0.2,0,0,1
28,232,6,0.2,0.2,1,0.7,0,0,1
28,233,21,0.8,0.6,3.6,2.3,0,0,1
28,234,32,1,3,7,0,0,0,0
28,235,25.5,2,3,4,4,0,0,0
28,236,27,1,3,8,2,0,0,0
28,237,26,1,7,2,1,0,0,0
28,238,34.5,1,10,2,3,0,0,0
28,239,10,0.2,1.2,1.2,0.9,0.1,0,1
28,240,34,5,1,4,5,0,0,0
28,241,17,1.6,2.8,1,2.3,0,0,1
28,242,4.5,0.4,0.7,0.3,0.6,0,0,1
28,243,16,1.4,2.6,1,2.2,0,0,1
28,244,21.5,2,1,3,5,0,0,0
28,245,30,1,6,4,3,0,0,0
28,246,46,4,3,3,11,0,0,0
28,247,47.5,6,4,3,11,0,0,0
28,248,13,1.4,1.5,1.1,2.6,0,0,1
28,249,51,3,1,4,18,0,1,0
28,250,17,0.4,1.2,2.1,3.5,0,0.9,1
28,251,12,0.3,0.8,1.5,2.5,0,0.6,1
28,252,44.5,2,0,0,21,0,16,0
28,253,4,0.1,0.3,0.5,0.8,0,0.2,1
28,254,1,0,0.1,0.1,0.2,0,0.1,1
29,0,5,0.5,0.3,0.9,0.3,0.1,0,1
29,1,1,0.1,0.1,0.2,0,0,0,1
29,2,10,0.9,0.6,1.9,0.6,0.1,0,1
29,3,5,0.5,0.3,0.9,0.3,0.1,0,1
29,4,2,0.2,0.1,0.4,0.1,0,0,1
29,5,11,1.5,0.8,1.2,1.2,0.1,0,1
29,6,6,0.8,0.4,0.7,0.6,0.1,0,1
29,7,1,0.1,0.1,0.1,0.1,0,0,1
29,9,6,0.8,0.4,0.7,0.6,0.1,0,1
29,13,4,0,0.1,0.9,0.6,0,0,1
29,15,2,0.1,0,0.4,0.2,0,0,1
29,23,18,0.5,1.3,4.6,0.7,0,0,1
29,24,95,3,0,28,4,0,10,0
29,25,91,2,25,6,0,0,0,0
29,26,45.5,0,0,19,0,0,13,0
29,28,4,0,0.1,1.1,0,0,0,1
29,29,46,0,17,1,0,0,0,0
29,32,2,0,0.1,0.5,0.2,0,0,1
29,33,3,0,0.1,0.8,0.2,0,0,1
29,40,14,0.7,2.8,0.8,1.7,0,0,1
29,41,10.5,0.5,2.1,0.6,1.3,0,0,1
29,42,6.5,0.3,1.3,0.4,0.8,0,0,1
29,44,1,0,0.2,0.1,0.1,0,0,1
29,46,4,0.2,0.8,0.2,0.5,0,0,1
29,55,8,0,0.6,2.4,0.2,0,0,1
29,56,4,0,0.3,1.2,0.1,0,0,1
29,57,2,0,0.1,0.6,0.1,0,0,1
29,59,3,0,0.2,0.9,0.1,0,0,1
29,60,4,0.2,0.7,0.6,0.1,0,0,1
29,61,29,1.5,5.2,4,0.7,0,0,1
29,62,3,0.2,0.5,0.4,0.1,0,0,1
29,64,1,0.1,0.2,0.1,0,0,0,1
29,65,9,0.1,1.6,1.5,0.2,0,0,1
29,66,6,0.1,1.1,1,0.1,0,0,1
29,67,15,0.1,2.8,2.5,0.3,0,0,1
29,68,4,0,0.7,0.7,0.1,0,0,1
29,70,8,0,0.6,1.8,0.4,0,0,1
29,71,4,0,0.3,0.9,0.2,0,0,1
29,72,1,0,0.1,0.2,0.1,0,0,1
29,74,2,0,0.2,0.4,0.1,0,0,1
29,111,6,0.2,0.8,1.3,0,0,0,1
29,112,3,0.1,0.4,0.7,0,0,0,1
29,113,43,0,0,1,15,0,0,0
29,114,22,0.6,3.2,4.8,0,0,0,1
29,115,37.5,0,0,12,0,0,0,0
29,141,2,0,0.2,0.7,0.1,0,0,1
29,142,4,0.1,0.3,1.3,0.2,0,0,1
29,148,12.5,0.1,0.9,3,0.8,0,0,1
29,149,3,0,0.2,0.7,0.2,0,0,1
29,150,23,0,0,10,1,0,0,0
29,156,3.5,0.2,0.4,0.7,0.2,0,0,1
29,157,30.5,1,2,6,2,0,0,0
29,158,9,0.6,1.1,1.7,0.5,0,0,1
29,159,34,0,2,9,1,0,0,0
29,160,11,0.3,1.2,1.4,1.2,0,0,1
29,173,10,0,0.8,1,2.4,0,0,1
29,174,10,0,0.8,1,2.4,0,0,1
29,184,21,0.3,2,4.6,1.3,0.1,0,1
29,185,4,0.1,0.4,0.9,0.2,0,0,1
29,186,24,0.3,2.3,5.3,1.5,0.1,0,1
29,187,1,0,0.1,0.2,0.1,0,0,1
29,189,3,0,0.3,0.7,0.2,0,0,1
29,191,2,0.1,0.2,0.5,0.1,0,0,1
29,192,51.5,2,1,17,4,0,0,0
29,193,27,1,1,1,8,0,0,0
29,194,59.5,0,1,3,21,0,0,0
29,199,33,4,2,1,8,0,0,0
29,200,87,1,4,17,7,0,0,0
29,201,52,0,2,19,0,0,0,0
29,202,48,0,1,16,0,0,0,0
29,203,11,0,3.3,1.3,0.4,0,0,1
29,204,11,0,3.3,1.3,0.4,0,0,1
29,212,5,0.1,0.6,0.9,0.3,0,0,1
29,213,23,0.3,2.9,4.1,1.4,0,0,1
29,214,5,0.1,0.6,0.9,0.3,0,0,1
29,218,15,1.6,2.5,1.5,1.1,0,0,1
29,219,6,0.7,1,0.6,0.4,0,0,1
29,220,18,1.5,2.7,2,1.1,0,0,1
29,221,32,0,6,6,1,0,0,0
29,222,14,1.2,2.1,1.5,0.9,0,0,1
29,223,56.5,3,3,20,0,0,0,0
29,224,35,2,3,10,1,0,0,0
29,225,101.5,2,10,42,0,0,0,0
29,226,63,28,0,0,1,0,0,0
29,227,58,3,6,4,12,0,0,0
29,228,46,6,5,8,4,0,0,0
29,229,5,0.3,0.9,0.5,0.4,0,0,1
29,230,3,0.1,0.1,0.5,0.3,0,0,1
29,232,2,0.1,0.1,0.3,0.2,0,0,1
29,233,12,0.5,0.4,2,1.3,0,0,1
29,234,45.5,1,5,6,2,0,0,0
29,235,57,3,15,3,4,0,0,0
29,236,33,4,8,2,1,0,0,0
29,237,35,5,3,4,2,0,0,0
29,238,33,0.6,4.1,3.8,2.9,0.3,0,1
29,239,88.5,0,1,30,2,0,0,0
29,240,29,2,6,1,6,0,0,0
29,241,36,2,4,6,1,0,0,0
29,242,26,6,2,1,3,0,0,0
29,243,70,0,4,1,3,50,0,0
29,244,34,7,3,0,4,0,0,0
29,245,18.5,2,2.2,1.6,3.6,0,0,1
29,246,46.5,1,1,2,15,0,0,0
29,247,31,2,2,0,12,0,0,0
29,248,203.5,3,0,0,114,0,2,0
29,249,230,6,2,18,87,0,14,0
29,250,175.5,4,4,6,89,0,4,0
29,251,169.5,3,51,2,15,0,52,0
29,252,28,0.7,1.9,3.4,5.8,0,1.4,1
29,253,256.5,37,0,72,23,0,108,0
29,254,12,0.3,0.8,1.5,2.5,0,0.6,1
30,0,49,0,0,13,1,0,0,0
30,1,7,1.4,0,0.9,0.2,0,0,1
30,2,2,0.4,0,0.3,0,0,0,1
30,5,21,1.7,1.5,4.6,1.3,0,0,1
30,6,10,0.8,0.7,2.2,0.6,0,0,1
30,7,2,0.2,0.2,0.4,0.1,0,0,1
30,8,6,0.5,0.4,1.3,0.4,0,0,1
30,9,1,0.1,0.1,0.2,0,0,0,1
30,23,8,0.1,0.7,1,1.7,0.1,0,1
30,24,129.5,0.9,12.3,17,27.3,0.9,0,1
30,25,72,4,9,5,14,0,0,0
30,26,83.5,4,8,17,0,0,0,0
30,27,39,2,5,6,0,0,0,0
30,28,28,0,4,7,0,0,0,0
30,29,19,0,5,4.1,0.8,0,0,1
30,31,2,0.1,0.5,0.1,0.1,0,0,1
30,37,1,0.1,0.3,0,0,0,0,1
30,39,1,0.1,0.3,0,0,0,0,1
30,40,4,0.2,1,0.2,0.9,0,0,1
30,41,3,0.1,0.8,0.1,0.7,0,0,1
30,43,4,0.2,1,0.2,0.9,0,0,1
30,46,5,0.2,1.6,0.5,0.2,0,0,1
30,54,7,0.2,1.9,0.7,0.3,0,0,1
30,61,3,0,0.3,0.6,0,0,0,1
30,62,4,0,0.4,0.9,0,0,0,1
30,64,1,0,0.1,0.2,0,0,0,1
30,67,4,0.1,0.8,0.6,0.1,0,0,1
30,68,5,0.1,1.1,0.7,0.1,0,0,1
30,69,31,0,8,4,0,0,0,0
30,70,2,0,0.3,0.4,0.3,0,0,1
30,71,3,0,0.5,0.7,0.4,0,0,1
30,107,5,0,0.7,0.7,0.6,0,0,1
30,112,11,0.3,2,2,0,0,0,1
30,113,30,0,0,8,5,0,0,0
30,114,31,0,4,6,5,0,0,0
30,115,9,0.2,1.7,1.7,0,0,0,1
30,148,16,0.3,0,5.6,0.9,0,0,1
30,149,28,0.5,0,9.7,1.6,0,0,1
30,150,30,1.2,0.6,7.2,1.2,0,0,1
30,156,4,0.1,0.4,0.8,0.3,0,0,1
30,157,11,0.3,1.2,2.1,0.9,0,0,1
30,159,3,0.1,0.3,0.6,0.2,0,0,1
30,160,7,0.2,0.8,0.9,0.7,0,0,1
30,162,4,0.1,0.4,0.6,0.4,0,0,1
30,182,2,0.1,0.3,0.4,0.1,0,0,1
30,183,6,0.3,1,1.2,0.2,0,0,1
30,184,10,0.5,1.6,2,0.3,0,0,1
30,185,28,2,1,6,3,0,0,0
30,186,16,0.3,1.3,3.6,1.7,0,0,1
30,192,8,0.7,0.8,1.1,0.9,0,0,1
30,193,20.5,1,4,0,7,0,0,0
30,194,12,1.1,1.2,1.6,1.4,0,0,1
30,199,14,0.2,3.1,1.8,1.1,0,0,1
30,200,116,5,4,0,52,0,0,0
30,201,51,1,2,12,4,0,0,0
30,202,17.5,0.3,2.3,3.1,0.8,0,0,1
30,207,4,0.1,0.4,0.5,0.7,0,0,1
30,208,2,0.1,0.2,0.2,0.3,0,0,1
30,212,8,0.4,1.2,1.4,0.4,0,0,1
30,213,22,1,3.3,4,1,0,0,1
30,214,5,0.2,0.8,0.9,0.2,0,0,1
30,216,10,0.9,1.3,1.1,0.2,0,0,1
30,217,1,0.1,0.1,0.1,0,0,0,1
30,218,12,1,1.6,1.4,0.2,0,0,1
30,219,2,0.2,0.3,0.2,0,0,0,1
30,220,1,0.2,0,0.2,0.1,0,0,1
30,221,88.5,8,13,16,0,0,0,0
30,222,35,4,3,8,1,0,0,0
30,223,48.5,7,5,6,3,0,0,0
30,224,12,2.1,0.4,2.6,0.9,0,0,1
30,225,25,1.5,2.5,2,5,0,0,1
30,226,108,16,2,18,35,0,0,0
30,227,75,13,8,17,7,0,0,0
30,228,39,8,4,5,2,0,0,0
30,229,4,0.3,0.4,0.3,0.8,0,0,1
30,231,7,0.5,0.2,1.3,0.9,0,0,1
30,232,18,1.2,0.6,3.5,2.3,0,0,1
30,233,37.5,3,11,1,1,0,0,0
30,234,30,2,4,3,2,0,0,0
30,235,59,3,7,9,5,0,0,0
30,236,50,3,14,5,3,0,0,0
30,237,70,7,5,15,6,0,0,0
30,238,84,0,3,29,1,0,0,0
30,239,68,2,8,19,0,0,0,0
30,240,58.5,1,2,18,1,0,0,0
30,241,36.5,1,4,7,1,0,0,0
30,242,21,1.9,1.9,1.4,4.3,0,0,1
30,243,25,4,6,1,1,0,0,0
30,244,46,1,17,1,3,0,0,0
30,245,31.5,1,1,4,10,0,0,0
30,246,36,1,4,1,11,0,0,0
30,247,127,0,54,1,19,0,0,0
30,248,520,297,0,0,0,0,297,0
30,249,245,61,99,5,0,0,165,0
30,250,123,2,1,59,4,0,18,0
30,251,182,0,82,1,0,0,83,0
30,252,459,8,173,20,0,0,200,0
30,253,178.5,10,26,21,36,0,85,0
30,254,98,1,4,16,33,0,38,0
30,255,45,0,0,19,1,0,19,0
31,0,17,3.5,0,2.2,0.5,0,0,1
31,1,8,1.7,0,1,0.2,0,0,1
31,4,50,0,0,14,0,0,0,0
31,5,128,0,0,47,0,0,0,0
31,6,57,0,1,21,0,0,0,0
31,7,6,0.5,0.4,1.3,0.4,0,0,1
31,8,5,0.4,0.4,1.1,0.3,0,0,1
31,9,5,0.4,0.4,1.1,0.3,0,0,1
31,11,1,0,0.2,0.2,0,0.1,0,1
31,26,1,0,0.3,0.2,0,0,0,1
31,27,30,0,10,1,0,0,0,0
31,28,88,0,14,18,0,0,0,0
31,29,2,0,0.5,0.4,0.1,0,0,1
31,48,2,0.1,0.6,0.2,0.1,0,0,1
31,53,2,0,0.6,0.2,0.1,0,0,1
31,59,3.5,0.1,0.7,0.1,0.6,0,0,1
31,65,4,0.1,0.8,0.6,0.1,0,0,1
31,67,1,0,0.2,0.2,0,0,0,1
31,68,25,0.6,5.2,3.4,0.6,0,0,1
31,69,28,0.7,5.8,3.9,0.6,0,0,1
31,70,9,0,1.4,2,1.3,0,0,1
31,75,1,0,0.2,0.2,0.1,0,0,1
31,112,36,1,4,5,2,0,0,0
31,113,57.5,1,4,9,11,0,0,0
31,114,63,0,2,20,0,0,0,0
31,118,3,0.1,0.5,0.6,0,0,0,1
31,149,7,0.2,0,2.4,0.4,0,0,1
31,150,14,0.6,0.3,3.4,0.5,0,0,1
31,156,1,0,0.1,0.2,0.1,0,0,1
31,160,2,0,0.2,0.3,0.2,0,0,1
31,162,2,0,0.2,0.3,0.2,0,0,1
31,182,1,0,0.2,0.2,0,0,0,1
31,183,13,0.7,2.1,2.6,0.4,0,0,1
31,184,13,0.7,2.1,2.6,0.4,0,0,1
31,185,13,0.3,1.1,2.9,1.3,0,0,1
31,186,20,0.4,1.6,4.5,2.1,0,0,1
31,192,22,2,2.3,2.8,2.6,0,0,1
31,193,5,0.5,0.5,0.6,0.6,0,0,1
31,200,6,0.1,0.8,1,0.3,0,0,1
31,201,12,0.2,1.6,2.1,0.6,0,0,1
31,202,2,0,0.3,0.3,0.1,0,0,1
31,203,8,0.2,1,1.4,0.4,0,0,1
31,204,8,0.2,1,1.4,0.4,0,0,1
31,205,7,0.2,0.7,0.9,1.1,0,0,1
31,208,2.5,0.1,0.2,0.3,0.4,0,0,1
31,212,14,0.7,2.1,2.5,0.6,0,0,1
31,213,31,0,7,6,0,0,0,0
31,216,5,0.4,0.6,0.6,0.1,0,0,1
31,217,26,2.3,3.4,2.9,0.4,0,0,1
31,218,12,1,1.6,1.4,0.2,0,0,1
31,219,34,2,9,1,0,0,0,0
31,220,17,2,4,2,3,0,0,0
31,221,47,3,7,6,3,3,0,0
31,222,34,7,2,6,2,0,0,0
31,223,106,0,7,51,4,0,0,0
31,224,72,1,30,2,1,0,0,0
31,225,58,4,5,14,2,0,0,0
31,226,47,1,4,13,4,0,0,0
31,227,96,2,35,8,6,0,0,0
31,228,68,5,14,6,4,0,0,0
31,229,2,0.1,0.2,0.2,0.4,0,0,1
31,230,3,0.2,0.1,0.6,0.4,0,0,1
31,231,8,0.6,0.3,1.5,1,0,0,1
31,232,29,1,1,6,1,2,0,0
31,233,29,6,3,5,1,0,0,0
31,234,23,1.5,0.8,4.4,3,0,0,1
31,235,51,2,5,12,3,0,0,0
31,236,53,2,16,5,1,1,0,0
31,237,86.5,0,26,7,0,0,0,0
31,238,36,7,5,1,3,0,0,0
31,239,55,5,15,2,2,0,0,0
31,240,55,1,2,15,2,0,0,0
31,241,23,2.1,2.1,1.6,4.7,0,0,1
31,242,35,4,5,0,8,0,0,0
31,243,69,11,4,3,13,0,0,0
31,244,59,6,9,5,8,0,0,0
31,245,84,22,20,2,9,0,0,0
31,246,285.5,74,42,65,6,0,65,0
31,247,857.5,419,110,0,0,0,377,0
31,248,427,138,126,10,23,1,269,0
31,249,99,0,61,5,7,0,51,0
31,250,309,130,14,1,17,0,121,0
31,252,6.5,2.4,0,0.1,0.1,0,0.8,1
31,253,152,0,83,0,1,0,78,0
31,254,216,24,0,70,11,0,74,0
31,255,127,67,4,0,1,0,0,0
32,0,33,8,0,5,1,0,0,0
32,1,2.5,0.5,0,0.3,0.1,0,0,1
32,3,70,2,2,20,0,0,0,0
32,4,166,0,5,48,3,0,0,0
32,5,133,0,2,52,1,0,28,0
32,6,151.5,0,2,63,0,0,0,0
32,7,11,0.9,0.8,2.4,0.7,0,0,1
32,8,2,0.2,0.2,0.4,0.1,0,0,1
32,32,1,0.1,0.3,0,0,0,0,1
32,35,4,0.3,1,0.2,0.2,0,0,1
32,44,4,0.2,1,0.2,0.9,0,0,1
32,45,2,0.1,0.6,0.2,0.1,0,0,1
32,46,1,0.1,0.3,0.1,0,0,0,1
32,47,4,0.1,1.3,0.5,0.1,0,0,1
32,48,16,0.5,5.2,1.7,0.5,0,0,1
32,49,2,0.1,0.6,0.2,0.1,0,0,1
32,51,33,0,2,12,0,0,0,0
32,53,1,0,0.3,0.1,0,0,0,1
32,54,1,0,0.3,0.1,0,0,0,1
32,69,8,0.2,1.6,1.1,0.2,0,0,1
32,102,1.5,0,0.2,0.2,0.2,0,0,1
32,113,9,0.2,1.7,1.7,0,0,0,1
32,114,6,0.2,1.1,1.1,0,0,0,1
32,122,3,0,0.1,0.7,0.3,0,0,1
32,123,26,0,0.6,6.3,2.7,0,0,1
32,124,17,0,0.4,4.1,1.8,0,0,1
32,141,1,0,0,0.1,0.3,0.1,0,1
32,149,1,0,0,0.3,0.1,0,0,1
32,150,2,0.1,0,0.5,0.1,0,0,1
32,156,1.5,0,0.2,0.3,0.1,0,0,1
32,182,5,0.2,0.8,1,0.2,0,0,1
32,183,5,0.2,0.8,1,0.2,0,0,1
32,191,5,0.5,0.5,0.6,0.6,0,0,1
32,192,12,1.1,1.2,1.6,1.4,0,0,1
32,193,3,0.3,0.3,0.4,0.3,0,0,1
32,195,3,0,0.7,0.4,0.2,0,0,1
32,200,13,0.2,1.7,2.3,0.6,0,0,1
32,201,5,0.1,0.7,0.9,0.2,0,0,1
32,202,1,0,0.1,0.2,0.1,0,0,1
32,203,1,0,0.1,0.2,0.1,0,0,1
32,204,40,0,2,10,1,0,0,0
32,212,7,0.3,1.1,1.3,0.3,0,0,1
32,213,23,0,2,9,0,0,0,0
32,214,2,0.1,0.3,0.3,0.1,0,0,1
32,216,8,0.7,1.1,0.9,0.1,0,0,1
32,217,39.5,2,15,1,0,1,0,0
32,218,80,2,6,23,5,0,0,0
32,219,107,0,41,0,2,0,9,0
32,220,70,1,16,13,2,0,3,0
32,221,64,4,10,5,1,0,0,0
32,222,42,2,9,5,0,0,0,0
32,223,44,1,8,7,0,0,0,0
32,224,96.5,0,9,33,1,0,12,0
32,225,42,6,9,5,2,0,0,0
32,226,53,5,10,10,0,0,5,0
32,227,50,2,3,15,0,0,0,0
32,228,39,2,10,3,2,0,0,0
32,231,8,0.6,0.3,1.5,1,0,0,1
32,232,10,0.7,0.3,1.9,1.3,0,0,1
32,233,36,0,3,1,7,0,0,0
32,234,20,1.3,0.7,3.8,2.6,0,0,1
32,235,50,2,1,13,0,0,0,0
32,236,65,3,2,19,1,0,0,0
32,237,98,6,37,5,2,0,0,0
32,238,44,9,2,7,5,0,0,0
32,239,41,1,13,3,5,0,0,0
32,240,51.5,3,4,10,6,0,0,0
32,241,22.5,3,0,0,10,0,0,0
32,242,64,9,4,3,14,0,0,0
32,243,43,7,4,3,4,0,0,0
32,244,116,17,2,3,45,0,0,0
32,245,175.5,9,7,5,83,0,0,0
32,246,203.5,60,0,5,66,0,0,0
32,247,535.5,127,67,9,144,0,105,0
32,248,247.5,3,0,58,101,1,52,0
32,249,199,0,24,33,81,0,0,0
32,250,57,10,16,1,8,0,6,0
32,251,166.5,74,0,0,0,0,74,0
32,252,14,5.1,0,0.2,0.2,0,1.8,1
32,253,63,0,24,14,0,0,0,0
32,254,15,5.4,0,0.3,0.2,0,1.9,1
32,255,110,41,5,1,8,0,20,0
33,0,32.5,2,9,2,0,0,0,0
33,1,2,0.4,0,0.3,0,0,0,1
33,2,25,4,4,4,0,0,0,0
33,3,67.5,2,15,10,0,0,0,0
33,4,185,0,30,37,2,0,0,0
33,5,143,0,0,65,0,0,0,0
33,6,213,0,0,75,0,0,0,0
33,7,130,0,0,49,0,0,0,0
33,9,2,0.2,0.2,0.4,0.1,0,0,1
33,25,1,0,0.3,0.2,0,0,0,1
33,33,2,0.1,0.5,0.1,0.1,0,0,1
33,44,1,0,0.3,0.1,0.2,0,0,1
33,46,9,0.3,2.9,0.9,0.3,0,0,1
33,48,2,0.1,0.6,0.2,0.1,0,0,1
33,49,2,0.1,0.6,0.2,0.1,0,0,1
33,50,19,0.4,5.2,1.8,0.9,0,0,1
33,51,60,1,11,11,0,0,0,0
33,52,4.5,0.1,1.3,0.4,0.2,0,0,1
33,54,4,0.1,1.1,0.3,0.2,0,0,1
33,61,27.5,0,2.6,6,0,0,0,1
33,62,48,0,0,17,0,0,0,0
33,67,1.5,0.1,0.3,0.2,0,0,0,1
33,68,5,0.1,1.1,0.7,0.1,0,0,1
33,69,2,0.1,0.4,0.3,0,0,0,1
33,89,2,0.1,0.2,0.4,0.1,0,0,1
33,95,13,0,0.2,3.3,0,0,0,1
33,96,27,2,4,3,2,0,0,0
33,97,43,0,5,8,0,0,0,0
33,98,30,0,8,4,0,0,0,0
33,99,28,0,0.5,7.1,0,0,0,1
33,122,96,0,3,17,15,0,0,0
33,123,103.5,1,5,19,14,0,11,0
33,124,60.5,0,0,19,3,0,1,0
33,140,12,0.6,0,1.1,3.4,1.2,0,1
33,173,2,0.1,0.3,0.3,0,0,0,1
33,174,19,0.8,3.6,2.7,0,0,0,1
33,192,8,0.7,0.8,1.1,0.9,0,0,1
33,199,10,0.1,2.2,1.3,0.8,0,0,1
33,200,50,1,5,10,1,0,0,0
33,201,4,0.1,0.5,0.7,0.2,0,0,1
33,204,4,0.1,0.5,0.7,0.2,0,0,1
33,212,12,0.6,1.8,2.1,0.6,0,0,1
33,213,41.5,2,1,9,6,1,0,0
33,214,15,0.7,2.2,2.7,0.7,0,0,1
33,216,2,0.2,0.3,0.2,0,0,0,1
33,217,37,1,4,9,0,0,0,0
33,218,32,0,1,10,0,0,0,0
33,219,51.5,5,13,1,1,0,3,0
33,220,72.5,2,4,18,1,0,0,0
33,221,85,0,8,23,1,0,14,0
33,222,58.5,10,6,10,0,0,0,0
33,223,59,5,18,3,0,0,0,0
33,224,128,3,22,28,0,0,17,0
33,225,26,1,5,8,1,0,0,0
33,226,51,5,9,4,4,0,1,0
33,227,61,0,11,8,4,0,0,0
33,228,16,0.9,1.6,1.3,3.2,0,0,1
33,229,3,0.2,0.3,0.2,0.6,0,0,1
33,230,27,1.8,0.9,5.2,3.5,0,0,1
33,231,13,0.9,0.4,2.5,1.7,0,0,1
33,232,32,5,1,6,3,0,0,0
33,233,12,0.8,0.4,2.3,1.6,0,0,1
33,234,7,0.5,0.2,1.3,0.9,0,0,1
33,235,2,0.2,0,0.1,0.9,0,0,1
33,236,11,1.3,0,0.4,4.6,0,0,1
33,237,121,46,15,7,4,0,43,0
33,238,141,5,41,5,13,0,26,0
33,239,112.5,27,1,3,17,0,0,0
33,240,80,7,8,3,21,0,0,0
33,241,84,22,4,2,13,0,0,0
33,242,82,23,6,8,4,0,0,0
33,243,103.5,16,13,2,27,0,0,0
33,244,115.5,3,2,12,48,1,0,0
33,245,184,3,0,11,102,0,5,0
33,246,74,30,0,1,24,0,0,0
33,247,238.5,4,11,4,125,0,0,0
33,248,149.5,10,0,2,73,0,0,0
33,249,163.5,10,35,5,46,0,0,0
33,250,223.5,0,25,44,73,0,0,0
33,251,191,0,5,41,48,0,30,0
33,252,466,221,1,4,1,0,221,0
33,253,28,10.2,0,0.4,0.4,0,3.5,1
33,254,68,31,0,0,0,0,31,0
34,0,67,2,36,2,4,0,0,0
34,1,63,8,8,5,3,1,0,0
34,2,198,9,51,5,12,0,0,0
34,3,155,2,13,46,2,0,0,0
34,4,325,0,3,132,0,0,70,0
34,5,135,0,0,47,0,0,0,0
34,6,176,1,0,54,1,0,0,0
34,7,22,1.8,1.6,4.8,1.3,0,0,1
34,8,1,0.1,0.1,0.2,0,0,0,1
34,9,3,0.2,0.2,0.7,0.2,0,0,1
34,31,1,0.1,0.3,0,0,0,0,1
34,32,4,0.3,1,0.2,0.2,0,0,1
34,45,4,0.1,1.3,0.5,0.1,0,0,1
34,46,12,0.4,3.9,1.3,0.3,0,0,1
34,48,4,0.1,1.3,0.5,0.1,0,0,1
34,49,40,1,1,12,0,0,0,0
34,50,79.5,1,8,20,1,0,0,0
34,51,56.5,3,9,10,4,0,0,0
34,52,5,0.1,1.4,0.5,0.2,0,0,1
34,55,7,0.3,1.3,0.3,1.1,0,0,1
34,61,35,0,8,6,0,0,0,0
34,62,56,0,5,16,1,0,0,0
34,63,59,0,0,20,0,0,0,0
34,64,6,0,0.6,1.3,0,0,0,1
34,65,2,0.1,0.4,0.3,0,0,0,1
34,68,1,0,0.2,0.2,0,0,0,1
34,73,2,0,0.3,0.4,0.3,0,0,1
34,79,10,0,1.5,2.2,1.5,0,0,1
34,80,7,0.2,0.7,1.5,0.4,0,0,1
34,87,3,0.1,0.3,0.6,0.2,0,0,1
34,95,14,0,0.2,3.6,0,0,0,1
34,96,55,0,0,21,0,0,0,0
34,97,51,0,4,7,7,0,0,0
34,98,37.5,1,4,6,4,0,0,0
34,122,21,0,0.5,5,2.2,0,0,1
34,123,78.5,0,0,20,5,0,0,0
34,124,16,0,0.4,3.9,1.6,0,0,1
34,125,2,0,0,0.5,0.2,0,0,1
34,140,8,0.4,0,0.7,2.3,0.8,0,1
34,154,4,0.2,0.1,0.9,0.2,0,0,1
34,173,22,1,4.1,3.1,0,0,0,1
34,174,8,0.4,1.5,1.1,0,0,0,1
34,191,2,0.2,0.2,0.3,0.2,0,0,1
34,198,10,0.1,2.2,1.3,0.8,0,0,1
34,199,16,0.2,3.6,2,1.3,0,0,1
34,200,16,0.3,2.1,2.8,0.8,0,0,1
34,201,10,0.2,1.3,1.8,0.4,0,0,1
34,205,2,0.1,0.2,0.2,0.3,0,0,1
34,206,5,0.2,0.5,0.6,0.8,0,0,1
34,207,3,0.1,0.3,0.4,0.4,0,0,1
34,208,6,0.2,0.6,0.8,0.9,0,0,1
34,212,9,0.4,1.4,1.6,0.4,0,0,1
34,213,18,0.9,2.7,3.2,0.8,0,0,1
34,214,16,0.8,2.4,2.9,0.7,0,0,1
34,215,26,2.3,3.4,2.9,0.4,0,0,1
34,216,207,0,67,8,0,0,64,0
34,217,52,0,4,12,0,0,0,0
34,218,5,0.4,0.6,0.6,0.1,0,0,1
34,219,6.5,0.6,0.9,0.7,0.1,0,0,1
34,220,15,2.7,0.5,3.2,1.1,0,0,1
34,221,99,2,1,32,3,0,17,0
34,222,55,5,9,7,1,0,0,0
34,223,46,4,8,6,0,0,0,0
34,224,59,4,6,5,5,0,0,0
34,225,76,4,9,12,3,0,0,0
34,226,32,3,13,2,0,0,0,0
34,227,52,2,8,5,6,0,0,0
34,229,25,0,3,1,9,0,0,0
34,230,18,1.2,0.6,3.5,2.3,0,0,1
34,231,10,0.7,0.3,1.9,1.3,0,0,1
34,232,9,0.6,0.3,1.7,1.2,0,0,1
34,233,3,0.2,0.1,0.6,0.4,0,0,1
34,234,13,0.9,0.4,2.5,1.7,0,0,1
34,235,3,0.3,0,0.1,1.3,0,0,1
34,236,4,0.5,0,0.1,1.7,0,0,1
34,237,6,0.7,0,0.2,2.6,0,0,1
34,238,37,1,5,7,7,0,0,0
34,239,21.5,14,0,0,0,0,0,0
34,240,50,0,21,3,0,0,0,0
34,241,33,3,3,6,5,0,0,0
34,242,90,11,3,15,13,0,0,0
34,243,123,5,5,33,11,0,20,0
34,244,174.5,10,4,42,28,0,34,0
34,245,135,14,19,11,37,0,0,0
34,246,151,2,3,2,86,0,0,0
34,247,360.5,4,24,16,187,0,0,0
34,248,399.5,13,204,30,33,1,0,0
34,249,209.5,10,10,28,75,1,0,0
34,250,146.5,6,49,2,12,0,0,0
34,251,108.5,13,7,3,29,0,0,0
34,252,78,14,0,4,17,0,0,0
34,253,72,43,0,0,1,0,41,0
34,254,450,191,2,0,0,0,193,0
34,255,173.5,51,34,2,0,0,51,0
35,0,117,2,20,12,26,0,0,0
35,1,76,0,9,18,3,0,12,0
35,2,178,9,53,5,5,0,0,0
35,3,168,2,11,57,0,0,13,0
35,4,172,0,0,62,0,0,4,0
35,5,3,0,0.4,0.9,0.1,0,0,1
35,7,12,0,1.7,3.4,0.5,0,0,1
35,10,4,0.1,0.8,0.7,0.1,0.1,0,1
35,11,1,0,0.2,0.2,0,0.1,0,1
35,22,1,0,0.1,0.2,0,0,0,1
35,34,3,0,0.4,0.7,0,0,0,1
35,45,3,0.2,0.5,0.5,0,0,0,1
35,47,1,0.1,0.2,0.1,0,0,0,1
35,48,5,0.3,0.9,0.8,0.1,0,0,1
35,49,9,0.5,1.6,1.4,0.2,0,0,1
35,50,145,1,6,25,26,0,0,0
35,51,156,0,7,26,38,0,4,0
35,52,32.5,1,5,6,1,0,0,0
35,53,13,0.6,3.2,1.9,0,0,0,1
35,54,8.5,0.4,2.1,1.2,0,0,0,1
35,55,7,0.3,1.3,0.3,1.1,0,0,1
35,57,5,0.2,0.9,0.2,0.8,0,0,1
35,60,2,0,0.2,0.4,0.2,0,0,1
35,61,47.5,1,9,9,1,0,0,0
35,62,60,0,10,15,0,0,0,0
35,63,21,0,2,9,0,0,0,0
35,64,21,0,2.1,4.4,1.5,0,0,1
35,72,8,0.1,1.5,1.4,0.1,0,0,1
35,73,35,0,3,9,0,0,0,0
35,74,13.5,0.2,2.5,2.4,0.1,0,0,1
35,96,11,0,0,3.5,0,0,0,1
35,97,102.5,1,3,15,34,0,0,0
35,98,127.5,0,9,6,41,0,0,0
35,99,20,0,0,6.3,0,0,0,1
35,100,5,0,0.7,0.7,0.6,0,0,1
35,161,4,0.1,0.4,0.6,0.4,0,0,1
35,172,15,0.9,2,3,1.1,0,0,1
35,173,24.5,6,3,3,1,0,0,0
35,174,11.5,0.7,1.5,2.4,0.8,0,0,1
35,175,4,0.2,0.7,0.6,0,0,0,1
35,187,11,0.3,2,1.5,0.5,0,0,1
35,191,2,0,0.4,0.3,0.2,0,0,1
35,197,16,0.8,1.1,3.6,0.6,0,0,1
35,198,50,1,3,16,0,0,0,0
35,199,21,1,1.5,4.8,0.7,0,0,1
35,200,71,0,1,20,0,0,0,0
35,201,38,0,0,12,0,0,0,0
35,210,2,0,0.2,0.5,0.1,0,0,1
35,213,61,0,3,16,2,0,0,0
35,214,53.5,2,4,15,0,0,0,0
35,215,71,2,9,13,0,0,0,0
35,216,137.5,1,33,16,0,0,21,0
35,217,90,0,4,29,0,0,0,0
35,218,60,0,0,22,0,0,0,0
35,219,45,0,1,12,3,0,0,0
35,220,27.5,0,0,7,5,0,0,0
35,221,35,1,2,6,1,1,0,0
35,222,13,0.4,2.6,2.3,0.6,0,0,1
35,223,3,0.1,0.6,0.6,0.1,0,0,1
35,224,10,0.3,2,1.8,0.4,0,0,1
35,225,18,0.4,0.9,3.5,1.3,0.5,0,1
35,226,35,0,12,4,0,0,0,0
35,227,22.5,2,1,1,6,2,0,0
35,229,3,0.1,0.1,0.6,0.2,0.1,0,1
35,230,4,0.3,0.6,0.3,1.3,0,0,1
35,231,5,0.4,0.8,0.4,1.6,0,0,1
35,232,1,0.1,0.1,0.1,0.3,0,0,1
35,234,2,0.2,0.3,0.2,0.6,0,0,1
35,236,4,0.5,0.3,0.3,0.9,0,0,1
35,238,9,1.1,0.8,0.6,2,0,0,1
35,239,12,1.5,1,0.8,2.7,0,0,1
35,240,14,1,1.9,0.7,2.6,0,0,1
35,241,33,5,3,5,2,0,0,0
35,242,10.5,0.7,1.4,0.6,2,0,0,1
35,243,64,10,4,4,14,0,0,0
35,244,127.5,12,5,10,28,0,6,0
35,245,112,11,24,8,20,0,0,0
35,246,39,0,2,3,19,0,0,0
35,247,306,33,16,55,95,0,0,0
35,248,369,77,19,79,63,1,0,0
35,249,311.5,91,21,15,77,0,0,0
35,250,30,3,2,0,12,0,0,0
35,251,87,18,4,2,16,0,0,0
35,252,61.5,7,2,5,15,0,0,0
35,253,59,2,1,2,25,0,0,0
35,254,63,6,2,0,18,0,0,0
35,255,151.5,49,8,2,3,0,47,0
36,0,430,10,44,87,65,2,4,0
36,1,141.5,16,7,25,9,0,0,0
36,2,114.5,10,24,13,6,0,0,0
36,3,186.5,5,8,55,4,0,42,0
36,4,183,0,0,83,0,0,13,0
36,5,296,0,0,72,0,0,39,0
36,8,5.5,0,0.8,1.6,0.2,0,0,1
36,9,1,0,0.2,0.3,0,0,0,1
36,10,6,0.1,1.3,1,0.1,0.2,0,1
36,12,4,0.1,0.8,0.7,0.1,0.1,0,1
36,22,3,0,0.3,0.5,0,0.1,0,1
36,42,3,0.1,0.8,0.1,0.7,0,0,1
36,43,2,0.1,0.5,0.1,0.4,0,0,1
36,45,3.5,0.2,0.6,0.6,0.1,0,0,1
36,46,6,0.4,1.1,0.9,0.1,0,0,1
36,49,5,0.3,0.9,0.8,0.1,0,0,1
36,50,76,1,8,2,22,0,0,0
36,51,93,1,10,13,17,2,0,0
36,52,8,0.4,2,1.1,0,0,0,1
36,53,17,0.8,4.2,2.5,0,0,0,1
36,54,2,0.1,0.5,0.3,0,0,0,1
36,59,3.5,0.1,0.7,0.1,0.6,0,0,1
36,60,16,0,1.6,3.3,1.2,0,0,1
36,61,122.5,2,3,11,47,0,0,0
36,62,136,0,19,21,21,0,0,0
36,63,25,0,2,10,0,0,0,0
36,72,10,0.1,1.9,1.8,0.1,0,0,1
36,73,43.5,2,5,7,0,0,0,0
36,74,22,0.3,4.1,3.9,0.2,0,0,1
36,75,18,0.5,1.9,5.4,0.5,0,0,1
36,77,3,0.1,0.3,0.9,0.1,0,0,1
36,97,21.5,0,3,7,1,0,0,0
36,98,34,1,1,6,4,0,0,0
36,99,23,1,3,7,0,0,0,0
36,100,8,0,1.1,1.2,0.9,0,0,1
36,124,2,0,0,0.5,0.2,0,0,1
36,154,5,0.1,0.6,1,0.4,0,0,1
36,159,2,0,0.2,0.4,0.2,0,0,1
36,169,4,0,0.1,1.3,0,0,0,1
36,170,18,1.1,2.4,3.6,1.3,0,0,1
36,172,26,2,0,2,8,0,0,0
36,173,20,1.2,2.6,4.1,1.4,0,0,1
36,174,24,1.5,3.2,4.8,1.7,0,0,1
36,184,1,0,0.2,0.2,0,0,0,1
36,186,18,0.5,3.3,2.5,0.8,0,0,1
36,187,26,0.7,4.8,3.6,1.2,0,0,1
36,188,30,0,1,7,7,0,0,0
36,190,2,0,0.4,0.3,0.2,0,0,1
36,197,12,0.6,0.9,2.7,0.4,0,0,1
36,198,37,3,5,6,2,0,0,0
36,199,46,1,3,11,0,0,0,0
36,200,75,0,1,24,0,0,0,0
36,201,73.5,2,1,14,5,0,0,0
36,203,24,1,3.7,3.7,0.3,0,0,1
36,204,5,0.2,0.7,0.8,0.1,0,0,1
36,205,14,0.5,2.5,1,2.5,0,0,1
36,206,2,0.1,0.4,0.1,0.3,0,0,1
36,211,1.5,0,0.1,0.4,0.1,0,0,1
36,212,4,0,0.3,1.1,0.1,0,0,1
36,213,54.5,0,1,19,1,0,0,0
36,214,53.5,4,5,10,5,0,0,0
36,215,71,1,8,13,4,0,0,0
36,216,67,0,3,18,0,0,0,0
36,217,57,0,5,14,0,0,0,0
36,218,126.5,0,0,54,0,0,36,0
36,219,92.5,0,3,35,0,0,9,0
36,220,23,0.7,4.6,4.1,1,0,0,1
36,221,38,0,2,12,1,0,0,0
36,222,17,0.5,3.4,3.1,0.7,0,0,1
36,225,6,0.1,0.3,1.2,0.4,0.2,0,1
36,226,5,0.1,0.2,1,0.4,0.1,0,1
36,228,5,0.1,0.2,1,0.4,0.1,0,1
36,231,3,0.2,0.5,0.2,1,0,0,1
36,233,4,0.3,0.6,0.3,1.3,0,0,1
36,234,5,0.4,0.8,0.4,1.6,0,0,1
36,235,5,0.6,0.4,0.3,1.2,0,0,1
36,236,7,0.8,0.6,0.5,1.6,0,0,1
36,237,17,2.1,1.4,1.1,3.9,0,0,1
36,238,6,0.7,0.5,0.4,1.4,0,0,1
36,239,10,1.2,0.9,0.6,2.3,0,0,1
36,240,11,0.7,1.5,0.6,2.1,0,0,1
36,241,20,1.4,2.7,1,3.8,0,0,1
36,242,38,3,2,2,10,0,0,0
36,243,76.5,4,7,13,6,0,0,0
36,244,89.5,3,18,11,7,0,0,0
36,245,61,6,4,10,5,0,0,0
36,246,14,2.4,0.6,0,4.3,0,0,1
36,247,277.5,14,44,62,34,0,60,0
36,248,274.5,9,54,31,73,0,0,0
36,249,199.5,16,60,8,44,0,0,0
36,250,39,11,0,3,6,1,0,0
36,251,109,26,3,12,16,0,0,0
36,252,128.5,45,8,0,6,0,0,0
36,253,69,0,21,5,2,0,0,0
36,254,73,28,1,4,8,0,0,0
36,255,61,10,0,3,12,0,0,0
37,0,299.5,11,29,97,27,0,41,0
37,1,87,13,10,1,14,0,0,0
37,2,123,1,31,29,1,1,0,0
37,3,116,0,15,25,0,0,0,0
37,5,4,0,0.6,1.1,0.2,0,0,1
37,9,4,0,0.6,1.1,0.2,0,0,1
37,13,3.5,0.1,0.7,0.6,0.1,0.1,0,1
37,21,4,0,0.4,0.7,0,0.1,0,1
37,22,6,0.1,0.6,1,0,0.1,0,1
37,25,11,0,1.2,2.7,0.1,0,0,1
37,26,19,0,2,4.6,0.2,0,0,1
37,33,1,0,0.1,0.3,0,0,0,1
37,35,4,0.3,1,0.2,0.2,0,0,1
37,48,4,0.3,0.7,0.6,0.1,0,0,1
37,49,7,0.4,1.3,1.1,0.1,0,0,1
37,50,30,1.4,7.4,4.3,0,0,0,1
37,51,15,0.7,3.7,2.2,0,0,0,1
37,52,7,0.4,1.7,1,0,0,0,1
37,53,2,0.1,0.5,0.3,0,0,0,1
37,61,17,0,1.7,3.6,1.2,0,0,1
37,62,64,0,10,9,13,0,0,0
37,63,13,0,1.3,2.7,1,0,0,1
37,73,3,0.1,0.6,0.5,0,0,0,1
37,74,50.5,2,6,3,11,0,0,0
37,75,120,4,6,8,41,0,2,0
37,76,83,0,9,9,18,1,0,0
37,77,18,0.5,1.9,5.4,0.5,0,0,1
37,98,1,0,0,0.3,0,0,0,1
37,99,3,0,0,0.9,0,0,0,1
37,100,6,0,0.9,0.9,0.6,0,0,1
37,169,10,0,0.3,3.1,0,0,0,1
37,170,8,0.5,1,1.6,0.6,0,0,1
37,171,38,0,2,0,16,2,0,0
37,172,39.5,5,2,3,12,1,0,0
37,173,36,3,3,3,7,0,0,0
37,174,3,0.2,0.4,0.6,0.2,0,0,1
37,184,5,0.2,0.8,1,0.2,0,0,1
37,185,1,0,0.2,0.1,0.1,0,0,1
37,187,14,0.4,2.6,1.9,0.6,0,0,1
37,188,11,0.3,2,1.5,0.5,0,0,1
37,189,6,0.2,1.1,0.8,0.3,0,0,1
37,190,4,0.1,0.9,0.5,0.3,0,0,1
37,197,57,0,1,6,21,0,0,0
37,198,62.5,0,4,18,1,0,0,0
37,199,37,0,8,6,1,0,0,0
37,200,45,3,4,12,1,0,0,0
37,201,62,3,2,13,6,0,0,0
37,202,35,1.5,5.3,5.3,0.5,0,0,1
37,203,23,2,4,2,3,0,0,0
37,204,7,0.3,1,1.1,0.1,0,0,1
37,208,12,0.4,2.2,0.9,2.1,0,0,1
37,211,1,0,0.1,0.3,0,0,0,1
37,213,18,0,1.5,4.9,0.6,0,0,1
37,214,49,2,4,8,5,0,0,0
37,215,58,4,2,9,9,0,0,0
37,216,34,1,6,7,0,0,0,0
37,217,10,0.2,1.6,1.1,1.1,0,0,1
37,218,52,0,4,15,3,0,8,0
37,219,5,0.1,0.8,0.6,0.5,0,0,1
37,220,27.5,0,1,9,1,0,0,0
37,221,9,0.3,1.8,1.6,0.4,0,0,1
37,222,3,0.1,0.6,0.6,0.1,0,0,1
37,223,2,0.1,0.4,0.3,0.1,0,0,1
37,227,2,0,0.1,0.4,0.1,0.1,0,1
37,228,2,0,0.1,0.4,0.1,0.1,0,1
37,233,2,0.2,0.3,0.2,0.6,0,0,1
37,237,19,2.3,1.6,1.2,4.4,0,0,1
37,238,1,0.1,0.1,0.1,0.2,0,0,1
37,239,6,0.7,0.5,0.4,1.4,0,0,1
37,240,5,0.3,0.7,0.3,0.9,0,0,1
37,241,14,1,1.9,0.7,2.6,0,0,1
37,242,25,3,5,4,1,0,0,0
37,243,39.5,9,9,0,9,0,0,0
37,244,79,14,12,3,7,0,0,0
37,246,133.5,2,14,9,50,0,0,0
37,247,353.5,103,4,77,23,0,0,0
37,248,424,145,22,40,20,0,26,0
37,249,31,2,0,2,10,0,0,0
37,250,124.5,19,1,3,38,0,27,0
37,251,205.5,79,2,10,15,0,0,0
37,252,41,14,0,0,1,1,0,0
37,253,336,154,24,16,0,0,0,0
37,254,93.5,19,9,10,7,0,0,0
37,255,85.5,12,18,9,5,0,0,0
38,0,289.5,9,123,21,2,0,0,0
38,1,169,3,2,57,1,0,24,0
38,2,84,4,23,7,2,0,0,0
38,3,166,5,23,42,0,1,0,0
38,4,45.5,2.7,5.4,11.4,0,0,0,1
38,5,16,0,2.3,4.5,0.6,0,0,1
38,7,38,0,0,11,0,0,0,0
38,10,1,0,0.2,0.2,0,0.1,0,1
38,21,4,0,0.4,0.7,0,0.1,0,1
38,22,44.5,0,0,17,0,0,0,0
38,24,57.5,0,3,18,0,0,0,0
38,25,70,0,5,18,0,0,0,0
38,26,43,1,2,13,0,0,0,0
38,27,19.5,0,2.1,4.7,0.2,0,0,1
38,28,18.5,0,1.9,4.5,0.2,0,0,1
38,29,3,0,0.3,0.7,0.1,0,0,1
38,30,4,0,0.5,0.9,0,0,0,1
38,31,25,0,3,6,0,0,0,1
38,32,13,0,1.6,3.1,0,0,0,1
38,35,5,0.5,1.2,0.2,0.2,0,0,1
38,50,9,0.4,2.2,1.3,0,0,0,1
38,52,6,0.3,1.5,0.8,0,0,0,1
38,61,13,0,1.3,2.7,1,0,0,1
38,62,33,2,8,4,2,0,0,0
38,63,15,0,1.5,3.1,1.1,0,0,1
38,72,11,0.1,2.1,2,0.1,0,0,1
38,73,15,0.2,2.8,2.6,0.2,0,0,1
38,74,41,1,4,4,11,0,0,0
38,75,68.5,0,1,19,2,0,0,0
38,76,14,0.4,1.5,4.2,0.4,0,0,1
38,77,65,0,2,17,0,0,0,0
38,78,2,0.1,0.2,0.6,0,0,0,1
38,86,15,0.5,1.4,3.3,0.9,0,0,1
38,169,4,0,0.1,1.3,0,0,0,1
38,170,14,0.9,1.8,2.8,1,0,0,1
38,171,79.5,3,2,6,26,0,0,0
38,172,96,1,4,13,23,0,0,0
38,173,197,2,6,21,52,3,0,0
38,174,33,1,2,9,0,0,0,0
38,175,15,0.7,2.8,2.1,0,0,0,1
38,187,14,0.4,2.6,1.9,0.6,0,0,1
38,189,7,0.2,1.3,1,0.3,0,0,1
38,190,2,0,0.4,0.3,0.2,0,0,1
38,197,74,2,5,12,17,0,0,0
38,198,90,12,2,11,14,0,0,0
38,199,46,2,2,5,12,0,0,0
38,200,39,1,1,11,0,0,0,0
38,202,1,0,0.2,0.2,0,0,0,1
38,213,61.5,1,3,9,11,0,0,0
38,214,28,0,2.4,7.5,0.9,0,0,1
38,215,11,0.3,1.7,1.2,1.2,0,0,1
38,216,3,0.1,0.5,0.3,0.3,0,0,1
38,217,8,0.2,1.2,0.9,0.9,0,0,1
38,218,5,0.1,0.8,0.6,0.5,0,0,1
38,220,5,0.2,1,0.9,0.2,0,0,1
38,222,6,0.2,1.2,1.1,0.2,0,0,1
38,223,2,0.1,0.4,0.3,0.1,0,0,1
38,233,4,0.3,0.6,0.3,1.3,0,0,1
38,234,5,0.4,0.8,0.4,1.6,0,0,1
38,235,9,1.1,0.8,0.6,2,0,0,1
38,236,10,1.2,0.9,0.6,2.3,0,0,1
38,237,12,1.5,1,0.8,2.7,0,0,1
38,238,5,0.6,0.4,0.3,1.2,0,0,1
38,239,8,1,0.7,0.5,1.8,0,0,1
38,240,9,0.6,1.2,0.5,1.7,0,0,1
38,241,13.5,0.9,1.9,0.7,2.5,0,0,1
38,242,20,1.4,2.7,1,3.8,0,0,1
38,243,27,3,4,4,1,0,0,0
38,244,55.5,1,6,14,1,0,0,0
38,246,25,0,5,1,5,0,0,0
38,247,23,0,1,13,1,0,0,0
38,248,7,1.2,0.3,0,2.2,0,0,1
38,249,2,0.3,0.1,0,0.6,0,0,1
38,250,35,8,2,5,0,0,0,0
38,251,99,33,2,8,2,0,0,0
38,252,151.5,74,0,2,0,0,0,0
38,253,319,151,11,2,2,0,0,0
38,254,368.5,235,0,0,0,0,198,0
38,255,111,32,4,12,9,0,8,0
39,0,71,14,17,2,1,0,0,0
39,1,22,1.3,2.6,5.6,0,0,0,1
39,2,75,0,15,12,0,1,0,0
39,3,112,6,29,12,0,0,0,0
39,4,142,1,40,13,0,0,0,0
39,5,139,1,15,35,0,0,0,0
39,6,41,0,6,9,0,0,0,0
39,9,4,0,0.6,1.1,0.2,0,0,1
39,10,2,0.1,0.4,0.3,0,0.1,0,1
39,11,10,0.2,2.2,1.7,0.2,0.3,0,1
39,18,9,0.2,2,1.5,0.2,0.2,0,1
39,21,5,0.1,0.5,0.8,0,0.1,0,1
39,22,40,0.6,3.8,7,0,0.7,0,1
39,23,64,0,6,16,0,0,0,0
39,24,64.5,0,2,19,0,0,0,0
39,25,3,0,0.3,0.7,0.1,0,0,1
39,26,29,0,3.1,7,0.3,0,0,1
39,27,48,0,8,10,0,0,0,0
39,28,49,1,11,9,0,0,0,0
39,29,57.5,0,11,14,0,0,0,0
39,30,82,0,16,11,0,0,0,0
39,31,34,0,1,10,0,0,0,0
39,32,2,0,0.2,0.5,0,0,0,1
39,34,2,0,0.2,0.5,0,0,0,1
39,35,16,1.5,3.9,0.7,0.7,0,0,1
39,39,4,0.3,1,0.2,0.2,0,0,1
39,40,1,0,0.3,0.1,0.2,0,0,1
39,44,1,0,0.3,0.1,0.2,0,0,1
39,48,3,0.2,0.5,0.5,0,0,0,1
39,49,4,0.3,0.7,0.6,0.1,0,0,1
39,50,8,0.4,2,1.1,0,0,0,1
39,61,4,0,0.4,0.8,0.3,0,0,1
39,62,6,0,0.6,1.3,0.4,0,0,1
39,63,3,0,0.3,0.6,0.2,0,0,1
39,73,8,0.1,1.5,1.4,0.1,0,0,1
39,74,33,0,3,8,0,0,0,0
39,75,15.5,0.4,1.7,4.7,0.4,0,0,1
39,76,3,0.1,0.3,0.9,0.1,0,0,1
39,150,3,0.1,0.3,0.6,0.2,0,0,1
39,151,6,0.2,0.7,1.1,0.5,0,0,1
39,168,14,0,0.4,4.4,0,0,0,1
39,169,32,0,1,10,0,0,0,1
39,170,45,3,8,7,2,0,0,0
39,171,75,1,10,10,2,0,0,0
39,172,53.5,0,3,14,1,0,0,0
39,173,106,2,2,25,15,0,25,0
39,174,62,0,0,23,0,0,19,0
39,189,1,0,0.2,0.1,0.1,0,0,1
39,196,4,0.2,0.3,0.9,0.1,0,0,1
39,197,49,3,3,4,17,0,0,0
39,198,19,0.9,1.3,4.3,0.7,0,0,1
39,199,12,0.6,0.9,2.7,0.4,0,0,1
39,214,5,0,0.4,1.3,0.2,0,0,1
39,216,1,0,0.2,0.1,0.1,0,0,1
39,217,2,0.1,0.3,0.2,0.2,0,0,1
39,220,2,0.1,0.4,0.3,0.1,0,0,1
39,231,2,0.2,0.3,0.2,0.6,0,0,1
39,232,6,0.4,0.9,0.5,2,0,0,1
39,233,6,0.4,0.9,0.5,2,0,0,1
39,234,3,0.2,0.5,0.2,1,0,0,1
39,243,27,0,1,5,8,0,0,0
39,244,59,3,0,4,22,0,2,0
39,245,100,0,19,23,2,0,1,0
39,246,46,2,6,5,6,1,0,0
39,247,181,1,45,65,3,0,95,0
39,248,82.5,0,3,25,3,0,23,0
39,249,82,4,2,33,7,0,0,0
39,250,58.5,3,1,28,6,0,0,0
39,251,65.5,13,8,2,1,0,0,0
39,252,245.5,41,99,8,2,0,0,0
39,253,145,20,38,19,1,0,0,0
39,254,152,74,8,0,0,0,36,0
39,255,101.5,49,2,9,0,0,0,0
40,0,91,16,6,5,3,0,0,0
40,1,30.5,4,4,3,0,0,0,0
40,2,34,1,2,7,0,1,0,0
40,3,49,3,5,9,0,0,0,0
40,4,89,4,12,17,0,0,0,0
40,5,37,3,2,6,1,1,0,0
40,6,12,1.3,0.8,1.7,0.4,0.4,0,1
40,9,3,0.3,0.2,0.4,0.1,0.1,0,1
40,19,1,0,0,0.2,0.2,0,0,1
40,20,6,0.4,0.6,1,0.2,0,0,1
40,22,5,0.4,0.5,0.8,0.1,0,0,1
40,23,53,0,5,14,0,1,0,0
40,24,40,0,4,11,0,0,0,0
40,27,16,0,2.2,3.3,0.6,0,0,1
40,28,61.5,0,8,14,0,0,0,0
40,29,66,2,4,18,0,0,0,0
40,30,67,4,7,13,1,0,0,0
40,31,20,0.8,3.6,2.5,1.8,0,0,1
40,34,2,0.1,0.4,0.2,0.2,0,0,1
40,36,19,0.4,1.9,4.2,0.3,0,0,1
40,37,10,0.2,1,2.2,0.2,0,0,1
40,38,2,0.1,0.2,0.4,0,0,0,1
40,39,4,0.1,0.4,0.9,0,0,0,1
40,47,4,0.1,0.8,0.8,0,0,0,1
40,49,1,0,0.2,0.2,0,0,0,1
40,51,5,1.2,1.2,0,0.3,0,0,1
40,62,3,0.1,0.1,0.5,0.2,0,0,1
40,150,18,0.2,1.7,5.8,0.8,0,0,1
40,151,11,0.1,1.1,3.5,0.5,0,0,1
40,152,2,0,0.2,0.6,0.1,0,0,1
40,153,2,0,0.2,0.6,0.1,0,0,1
40,156,2,0,0.5,0.4,0,0,0,1
40,167,2,0.2,0.1,0.5,0.1,0,0,1
40,168,24,2.5,1.2,6.3,0.4,0,0,1
40,169,65.5,0,2,18,0,0,0,0
40,170,59,2,12,7,1,0,0,0
40,171,35,0,9,5,0,0,0,0
40,172,13,0.7,2.3,2.9,0,0,0,1
40,173,5,0.2,0.9,1.1,0,0,0,1
40,190,5,0.1,0.6,0.9,0.7,0,0,1
40,196,8,0.6,0.6,0.3,2.2,0,0,1
40,229,2,0.1,0.1,0.2,0.4,0,0,1
40,239,4,0.3,0.3,0.4,0.7,0,0,1
40,240,22,3,4,0,4,0,0,0
40,241,65.5,7,0,48,0,0,0,0
40,242,222,43,2,85,5,0,19,0
40,243,254,0,9,149,4,0,0,0
40,244,40,3,3,7,8,0,2,0
40,245,65,1,9,10,10,0,4,0
40,246,38,1,5,5,6,0,0,0
40,247,28,1,2,7,1,0,0,0
40,248,169.5,78,12,2,3,0,76,0
40,249,74,9,17,1,5,0,0,0
40,250,98,13,14,18,6,0,0,0
40,251,126,29,35,8,0,0,0,0
40,252,139.5,4,58,4,3,0,0,0
40,253,69,2,38,0,1,0,0,0
40,254,62,19,11,0,0,0,0,0
40,255,35.5,17,0,0,0,0,0,0
41,0,52,3,2,13,3,1,0,0
41,1,11,0.3,0.6,2.2,0.3,0.1,0,1
41,2,68,0,1,15,2,0,0,0
41,3,29,0.9,1.6,5.7,0.7,0.2,0,1
41,4,42,2,0,14,0,0,0,0
41,5,3,0.3,0.2,0.4,0.1,0.1,0,1
41,9,4,0.4,0.3,0.6,0.1,0.1,0,1
41,22,2,0.1,0.2,0.3,0.1,0,0,1
41,23,27,2,2.6,4.6,0.7,0,0,1
41,24,37,0,5,8,0,0,0,0
41,27,2,0,0.3,0.4,0.1,0,0,1
41,29,56.5,0,2,15,0,0,0,0
41,30,120.5,4,13,18,20,0,1,0
41,31,21,0.8,3.8,2.7,1.9,0,0,1
41,34,1,0,0.2,0.1,0.1,0,0,1
41,35,4,0.1,0.4,0.9,0,0,0,1
41,36,35,0,2,11,0,0,0,0
41,37,35,2,3,8,0,0,0,0
41,38,3,0.1,0.3,0.7,0,0,0,1
41,39,12,0.3,1.2,2.6,0.2,0,0,1
41,41,3,0,0.4,0.7,0.1,0,0,1
41,42,3,0,0.4,0.7,0.1,0,0,1
41,49,2,0,0.4,0.4,0,0,0,1
41,51,5.5,1.3,1.4,0,0.3,0,0,1
41,52,1,0.2,0.2,0,0.1,0,0,1
41,59,1,0.2,0.2,0,0.1,0,0,1
41,86,3,0,0.4,0.3,0.6,0,0,1
41,138,1,0,0.1,0.3,0,0,0,1
41,150,12,0.1,1.2,3.9,0.5,0,0,1
41,151,51.5,0,5,6,12,0,0,0
41,152,9,0.1,0.9,2.9,0.4,0,0,1
41,153,14,0.1,1.4,4.5,0.6,0,0,1
41,168,2,0.2,0.1,0.5,0.1,0,0,1
41,169,1,0.1,0,0.3,0,0,0,1
41,170,17,0.8,3,3.8,0,0,0,1
41,171,3,0.1,0.5,0.7,0,0,0,1
41,173,2,0.1,0.4,0.4,0,0,0,1
41,180,4,0.1,0.4,0.7,0.2,0,0,1
41,188,1,0,0.1,0.2,0.1,0,0,1
41,189,20,0.4,2.2,3.6,0.9,0,0,1
41,190,15,0.3,1.8,2.7,2.1,0,0,1
41,191,4,0.1,0.5,0.7,0.5,0,0,1
41,193,5,0.1,0.6,0.9,0.7,0,0,1
41,195,6,0.5,0.5,0.2,1.6,0,0,1
41,196,6,0.5,0.5,0.2,1.6,0,0,1
41,222,1,0.1,0,0.1,0.2,0,0,1
41,228,2,0.1,0.1,0.2,0.4,0,0,1
41,229,14,1.1,0.7,1.2,2.8,0,0,1
41,230,27,2.7,2.4,2.9,2.6,0.2,0,1
41,235,5,0.4,0.4,0.5,0.8,0,0,1
41,236,17,1.3,1.4,1.7,2.7,0,0,1
41,237,20,1.5,1.6,2.1,3.2,0,0,1
41,238,6,0.4,0.5,0.6,1,0,0,1
41,239,14.5,1.1,1.2,1.5,2.3,0,0,1
41,240,41.5,2,16,3,0,0,0,0
41,241,11,0.5,1.9,1.2,1,0,0,1
41,242,57,5,11,4,2,0,0,0
41,243,56.5,1,18,2,3,0,0,0
41,244,45.5,6,3,8,3,0,0,0
41,245,95.5,9,8,14,5,0,0,0
41,246,56,4,27,0,0,0,0,0
41,247,83,1,7,26,0,0,0,0
41,248,76,2,27,3,3,0,0,0
41,249,74,8,24,4,4,0,0,0
41,250,89,9,14,13,7,0,0,0
41,251,106,0,41,11,0,0,0,0
41,252,111,3,19,22,0,0,15,0
42,0,35,0,5,8,0,0,0,0
42,1,44,4,1,7,4,0,0,0
42,2,19,0.6,1,3.7,0.5,0.2,0,1
42,4,6,0.2,0.3,1.2,0.1,0.1,0,1
42,9,2,0.2,0.1,0.3,0.1,0.1,0,1
42,24,1,0.1,0.1,0.2,0,0,0,1
42,28,1,0,0.2,0.2,0,0,0,1
42,29,8,0,1.1,1.6,0.3,0,0,1
42,34,10,0.4,1.8,1.3,0.9,0,0,1
42,35,4,0.1,0.4,0.9,0,0,0,1
42,36,29,0.7,2.9,6.4,0.4,0,0,1
42,37,23,0.6,2.3,5.1,0.3,0,0,1
42,38,14,0.3,1.4,3.1,0.2,0,0,1
42,39,4,0.1,0.4,0.9,0,0,0,1
42,40,8,0,0.9,1.9,0.3,0,0,1
42,41,2,0,0.2,0.5,0.1,0,0,1
42,42,39,0,6,11,0,0,0,0
42,43,42,0,4,9,0,0,0,0
42,44,10,0,1.2,2.4,0.3,0,0,1
42,45,4,0.1,0.8,0.8,0,0,0,1
42,46,5,0.1,1,1,0,0,0,1
42,47,2,0,0.4,0.4,0,0,0,1
42,49,4,0.1,0.8,0.8,0,0,0,1
42,50,4,0.9,1,0,0.2,0,0,1
42,52,1,0.2,0.2,0,0.1,0,0,1
42,83,2,0,0.3,0.2,0.4,0,0,1
42,137,34.5,0,2,8,1,0,0,0
42,138,16,0,1.8,4.4,0.3,0,0,1
42,139,27,0,3,7.4,0.5,0,0,1
42,150,3,0,0.3,1,0.1,0,0,1
42,151,13,0.1,1.3,4.2,0.6,0,0,1
42,156,3,0,0.7,0.6,0.1,0,0,1
42,157,22,0,5.1,4.4,0.8,0,0,1
42,158,3,0,0.7,0.6,0.1,0,0,1
42,164,16,0,1.3,5.2,0,0,0,1
42,165,16.5,1.7,0.9,4.3,0.3,0,0,1
42,167,7,0.7,0.4,1.8,0.1,0,0,1
42,188,11,0.2,1.2,2,0.5,0,0,1
42,189,24,0.5,2.6,4.3,1.1,0,0,1
42,190,40,0,4,3,9,0,0,0
42,191,18,0.4,2.2,3.2,2.5,0,0,1
42,194,1,0,0.1,0.2,0.2,0,0,1
42,196,6,0.5,0.5,0.2,1.6,0,0,1
42,226,4,0.3,0.2,0.4,0.8,0,0,1
42,228,3,0.2,0.2,0.3,0.6,0,0,1
42,231,12,1.2,1.1,1.2,1.2,0.1,0,1
42,232,29,8,0,1,2,0,0,0
42,233,18,1.8,1.6,1.9,1.8,0.1,0,1
42,234,53,0,17,3,8,0,0,0
42,235,38,4,0,4,7,0,0,0
42,236,36,4,4,3,3,0,0,0
42,237,83,8,1,18,5,0,0,0
42,238,79.5,1,12,16,2,0,0,0
42,239,98,2,35,3,0,0,0,0
42,240,68.5,1,32,1,0,0,0,0
42,241,28,3,1,5,6,0,0,0
42,242,26,1,3,7,4,0,0,0
42,243,34,3,8,2,4,0,0,0
42,244,62,1,5,14,4,0,0,0
42,245,57,6,9,3,7,0,0,0
42,246,45,3,10,5,3,0,0,0
42,247,85.5,0,4,24,0,0,0,0
42,248,77,2,4,19,1,0,0,0
42,249,20.5,2.5,2.8,1.9,1.4,0.5,0,1
42,250,26.5,5,2,5,3,0,0,0
42,251,120,1,7,35,0,0,20,0
42,252,139,0,16,36,2,0,34,0
42,254,13,1.6,1.1,0.3,2.7,0,0,1
42,255,11,0.7,3.3,0.2,0,0.2,0,1
43,0,22,1,7,3,0,0,0,0
43,1,9,0.3,0.5,1.8,0.2,0,0,1
43,2,9,0.3,0.5,1.8,0.2,0,0,1
43,3,18,0.6,1,3.6,0.4,0.1,0,1
43,11,5,0.1,0.2,0.7,0.8,0,0,1
43,32,7,0.3,1.3,0.9,0.6,0,0,1
43,33,7,0.3,1.3,0.9,0.6,0,0,1
43,34,6,0.2,1.1,0.8,0.5,0,0,1
43,35,29,0.7,2.9,6.4,0.4,0,0,1
43,36,29.5,1,8,3,0,0,0,0
43,37,12,0.3,1.2,2.6,0.2,0,0,1
43,40,4,0,0.5,1,0.1,0,0,1
43,41,10,0,1.2,2.4,0.3,0,0,1
43,42,45,0,6,9,1,0,0,0
43,43,66.5,0,8,13,0,0,0,0
43,44,24,0,2.9,5.7,0.8,0,0,1
43,45,5.5,0.1,1.2,1,0,0,0,1
43,46,6,0.1,1.3,1.1,0,0,0,1
43,47,1,0,0.2,0.2,0,0,0,1
43,55,1,0.2,0.2,0,0.1,0,0,1
43,56,2,0.5,0.5,0,0.1,0,0,1
43,136,9.5,0,1,2.6,0.2,0,0,1
43,137,31,0,2,8,4,0,0,0
43,138,69,0,5,18,6,0,0,0
43,139,124.5,1,9,22,27,0,0,0
43,157,48.5,0,0,13,0,0,0,0
43,158,35,0,3,8,3,1,0,0
43,159,59,1,2,5,24,0,0,0
43,160,5,0,0.4,1.6,0,0,0,1
43,165,55.5,2,4,6,7,0,0,0
43,166,1,0.1,0,0.3,0,0,0,1
43,188,15,0.3,1.6,2.7,0.7,0,0,1
43,189,15,0.3,1.6,2.7,0.7,0,0,1
43,190,2,0,0.2,0.4,0.3,0,0,1
43,225,3,0.2,0.2,0.3,0.6,0,0,1
43,227,3,0.2,0.2,0.3,0.6,0,0,1
43,228,27.5,6,2,1,3,0,0,0
43,229,2,0.1,0.1,0.2,0.4,0,0,1
43,230,19,1.9,1.7,2,1.8,0.2,0,1
43,231,16,1.6,1.4,1.7,1.6,0.1,0,1
43,232,30,0,4,5,2,0,0,0
43,233,59,5,14,6,1,0,0,0
43,234,50.5,3,19,6,0,0,0,0
43,235,42,8,3,4,0,0,0,0
43,236,27,2,2.2,2.8,4.3,0,0,1
43,237,30,5,2,6,0,0,0,0
43,238,37,0,2,11,0,0,0,0
43,239,33,0,8,5,1,0,0,0
43,240,55,0,28,0,1,0,0,0
43,241,17,0.8,2.9,1.9,1.6,0,0,1
43,242,63,0,5,22,3,0,0,0
43,243,6,0.3,1,0.6,0.6,0,0,1
43,244,32,4,5,5,3,0,0,0
43,245,94,2,37,3,0,0,0,0
43,246,33,3,7,4,0,0,0,0
43,247,45.5,0,1,21,0,0,0,0
43,248,25,3,3.4,2.3,1.7,0.7,0,1
43,249,16,1.9,2.2,1.5,1.1,0.4,0,1
43,250,44.5,4,3,3,7,0,0,0
43,251,85,14,14,11,2,0,7,0
43,252,2,0.3,0.2,0,0.4,0,0,1
43,253,4,0.5,0.4,0.1,0.8,0,0,1
44,3,26,0.8,1.5,5.1,0.6,0.2,0,1
44,5,5,0.5,0.3,0.7,0.2,0.2,0,1
44,25,2,0,0.3,0.4,0.1,0,0,1
44,32,2,0.1,0.4,0.2,0.2,0,0,1
44,33,2,0.1,0.4,0.2,0.2,0,0,1
44,34,31,0,4,9,1,0,0,0
44,35,20,0.5,2,4.4,0.3,0,0,1
44,36,5,0.1,0.5,1.1,0.1,0,0,1
44,37,12,0.3,1.2,2.6,0.2,0,0,1
44,38,3,0.1,0.3,0.7,0,0,0,1
44,40,11,0,1.3,2.6,0.4,0,0,1
44,41,123,0,4,6,51,1,0,0
44,42,106.5,2,8,5,35,0,0,0
44,43,23.5,0,2.8,5.6,0.8,0,0,1
44,44,19.5,0,2.3,4.6,0.7,0,0,1
44,84,1,0,0.1,0.1,0.2,0,0,1
44,137,1,0,0.1,0.3,0,0,0,1
44,138,33,0,3,8,3,0,0,0
44,139,93,2,7,10,17,0,0,0
44,140,28,1,2,4,4,0,0,0
44,158,49,0,2,14,1,0,0,0
44,159,55,1,3,12,7,0,0,0
44,160,14,0,1.1,4.6,0,0,0,1
44,161,2,0,0.2,0.6,0,0,0,1
44,165,4,0.4,0.2,1,0.1,0,0,1
44,204,4,0,0.2,1.1,0.2,0,0,1
44,224,19,1.5,0.9,1.6,3.9,0,0,1
44,225,8,0.6,0.4,0.7,1.6,0,0,1
44,226,25,5,1,2,3,0,0,0
44,227,26,1,1,7,1,1,0,0
44,228,10,0.8,0.5,0.9,2,0,0,1
44,229,32,2.5,1.6,2.8,6.5,0,0,1
44,230,44,2,0,11,1,0,0,0
44,231,11,1.1,1,1.1,1.1,0.1,0,1
44,232,37,5,8,2,4,0,0,0
44,233,20,2,1.8,2.1,1.9,0.2,0,1
44,234,38,0,6,9,1,0,0,0
44,235,12,0.9,1,1.2,1.9,0,0,1
44,236,8,0.6,0.6,0.8,1.3,0,0,1
44,237,44,1,1,5,15,0,0,0
44,238,30,2,2,5,6,0,0,0
44,239,23,1.7,1.8,2.4,3.7,0,0,1
44,240,4,0.2,0.7,0.4,0.4,0,0,1
44,241,45,0,2,14,2,0,0,0
44,242,15,0.7,2.6,1.6,1.4,0,0,1
44,243,4,0.2,0.7,0.4,0.4,0,0,1
44,244,7,0.3,1.2,0.8,0.7,0,0,1
44,245,78.5,1,22,7,2,0,0,0
44,246,66,0,31,0,0,0,0,0
44,247,86,2,37,2,2,0,0,0
44,248,1,0.1,0.1,0.1,0.1,0,0,1
44,249,12,1.5,1.6,1.1,0.8,0.3,0,1
44,250,12,1.5,1,0.2,2.5,0,0,1
44,251,28,0,4,7,2,0,0,0
44,252,11,1.4,0.9,0.2,2.3,0,0,1
44,253,1,0.1,0.1,0,0.2,0,0,1
44,254,5,0.6,0.4,0.1,1.1,0,0,1
44,255,1,0.1,0.3,0,0,0,0,1
45,1,8,0.3,0.3,0.8,0.9,0,0,1
45,4,15,0.6,0.6,1.5,1.6,0,0,1
45,9,14,0.5,0.6,1.4,1.5,0,0,1
45,34,3,0.1,0.5,0.6,0,0,0.1,1
45,35,4,0.2,0.6,0.8,0.1,0,0.1,1
45,36,9,0.3,1.4,1.8,0.2,0,0.2,1
45,37,7,0.3,1.1,1.4,0.1,0,0.1,1
45,39,2,0.1,0.3,0.4,0,0,0,1
45,40,15,0,1.5,4.4,0.2,0,0,1
45,41,174,0,5,14,66,1,0,0
45,42,215,2,4,17,71,0,0,0
45,43,48,1,12,7,0,0,0,0
45,44,37,0,8,5,0,0,0,0
45,45,7,0.1,1.5,1.3,0,0,0,1
45,93,2,0,0.3,0.2,0.4,0,0,1
45,138,2,0,0.1,0.6,0,0,0,1
45,139,34,0,2.3,9.1,0.6,0,0,1
45,140,39,2,4,4,5,0,0,0
45,141,5,0,0.5,1.4,0.1,0,0,1
45,143,8,0,0.7,2.2,0.3,0,0,1
45,158,24,0.2,0.7,8.1,0.4,0,0,1
45,159,14,0.1,0.4,4.7,0.3,0,0,1
45,160,4,0.1,0.2,1.1,0.3,0,0,1
45,183,1,0,0.1,0.1,0.2,0,0,1
45,187,7,0,0.5,2.3,0.1,0,0,1
45,200,1,0,0.1,0.3,0,0,0,1
45,205,3,0.4,0.3,0.5,0.4,0,0,1
45,216,9,1.5,0.5,1,0.5,0,0,1
45,217,4,0.7,0.2,0.5,0.2,0,0,1
45,220,1,0.1,0.1,0.1,0.1,0,0,1
45,223,3,0.3,0.4,0.2,0.2,0,0,1
45,224,8,0.8,1.1,0.5,0.5,0,0,1
45,225,22,0.8,2.9,3.7,1.4,0.2,0,1
45,226,10,0.4,1.3,1.7,0.6,0.1,0,1
45,227,35.5,0,3,9,0,0,0,0
45,228,98,1,0,30,0,0,26,0
45,229,7,0.3,0.9,1.2,0.4,0.1,0,1
45,230,17.5,1.3,2.2,2.4,1.8,0,0,1
45,231,2,0.1,0.3,0.3,0.2,0,0,1
45,232,19,1.5,2.4,2.6,1.9,0,0,1
45,233,38.5,5,3,9,2,0,0,0
45,234,46,3,8,8,0,0,0,0
45,235,37,1,10,4,2,0,0,0
45,236,21,1.4,1.2,3.2,2.3,0,0,1
45,237,62,4,7,2,13,0,0,0
45,238,41,1,2,11,2,0,2,0
45,239,10,0.7,0.5,1.5,1.1,0,0,1
45,240,22,0.8,1.9,4.3,3,0,0,1
45,241,52,4,1,11,4,0,0,0
45,242,33,3,0,6,3,0,0,0
45,243,8,0.3,0.7,1.5,1.1,0,0,1
45,244,12,0.5,1,2.3,1.6,0,0,1
45,245,25,0.2,4,4.9,0.9,0.2,0,1
45,246,39,0,4,8,0,0,0,0
45,247,42,5,2,6,4,0,0,0
45,248,45,1,5,8,4,0,0,0
45,249,19,3,0,8,0,0,0,0
45,250,45,1,7,8,2,0,0,0
45,251,68,3,15,9,4,0,0,0
45,252,81,0,27,10,1,0,0,0
45,254,78,1,1,34,1,0,34,0
45,255,166,1,1,55,1,0,47,0
46,6,4,0.1,0.2,0.4,0.4,0,0,1
46,7,4,0.1,0.2,0.4,0.4,0,0,1
46,17,2,0,0.1,0.3,0.3,0,0,1
46,36,6,0.3,0.9,1.2,0.1,0,0.1,1
46,38,4,0.2,0.6,0.8,0.1,0,0.1,1
46,39,5,0.2,0.8,1,0.1,0,0.1,1
46,40,2,0,0.2,0.6,0,0,0,1
46,41,68,1,6,15,12,0,0,0
46,42,62.5,0,7,17,9,0,0,0
46,43,61,0,7,14,1,0,0,0
46,44,26.5,0,6,5,0,0,0,0
46,51,2,0,0.2,0.4,0.2,0,0,1
46,52,3,0,0.2,0.7,0.2,0,0,1
46,56,6,0,2.2,0.4,0,0,0,1
46,68,2,0.1,0.1,0.3,0.1,0,0,1
46,77,1,0,0.1,0.3,0,0,0,1
46,88,4,0,0.6,0.4,0.8,0,0,1
46,139,20.5,0,1.4,5.5,0.3,0,0,1
46,140,19,0,1.7,5.2,0.6,0,0,1
46,141,1,0,0.1,0.3,0,0,0,1
46,155,3,0,0.1,1,0.1,0,0,1
46,156,15,0.1,0.4,5.1,0.3,0,0,1
46,157,35,0,3,8,1,0,0,0
46,181,5,0.2,0.4,0.6,0.7,0,0,1
46,182,5,0.2,0.4,0.6,0.7,0,0,1
46,187,12,0,0.8,3.9,0.2,0,0,1
46,188,27.5,0,1,10,0,0,0,0
46,206,5,0.6,0.5,0.8,0.7,0,0,1
46,218,2,0.4,0.1,0.2,0.1,0,0,1
46,219,43,1,10,3,3,0,0,0
46,220,42,4.4,5.5,2.8,2.4,0,0,1
46,223,4,0.4,0.5,0.3,0.2,0,0,1
46,224,6,0.6,0.8,0.4,0.4,0,0,1
46,226,15,0.6,1.9,2.5,1,0.1,0,1
46,227,38,2,1,2,14,0,0,0
46,228,13,0.5,1.7,2.2,0.8,0.1,0,1
46,229,5,0.2,0.7,0.8,0.3,0,0,1
46,230,15.5,1.2,2,2.1,1.6,0,0,1
46,231,7,0.5,0.9,1,0.7,0,0,1
46,232,9,0.7,1.2,1.2,0.9,0,0,1
46,233,33,4,3,3,1,0,0,0
46,234,45,2,16,5,0,0,0,0
46,235,45,7,2,6,2,0,0,0
46,236,45,7,2,9,0,0,0,0
46,237,43,5,18,0,0,0,0,0
46,238,38,11,3,2,4,0,0,0
46,239,37,4,4,6,4,0,0,0
46,240,34,3,2,8,3,0,0,0
46,241,5,0.2,0.4,1,0.7,0,0,1
46,242,2,0.1,0.2,0.4,0.2,0,0,1
46,243,10,0.4,0.9,1.9,1.3,0,0,1
46,244,61,0,0,21,1,0,0,0
46,245,34,1,2,10,0,0,0,0
46,246,42,1,3,13,0,0,0,0
46,247,55,4,4,14,2,0,0,0
46,248,47,1,3,13,1,0,0,0
46,249,73.5,0,2,19,8,0,11,0
46,250,50,7,3,6,4,0,0,0
46,251,93,6,21,11,2,0,0,0
46,252,98,3,18,21,0,0,0,0
46,253,156,2,3,57,1,0,49,0
46,254,88.5,2,2,37,1,0,36,0
46,255,13,0.2,2.1,2.6,0.3,0,0.3,1
47,0,12,0.4,0.5,1.2,1.3,0,0,1
47,1,2,0.1,0.1,0.2,0.2,0,0,1
47,8,4,0.1,0.2,0.4,0.4,0,0,1
47,12,2,0,0.1,0.3,0.3,0,0,1
47,14,4,0.1,0.1,0.5,0.7,0,0,1
47,18,9,0.2,0.2,1.3,1.5,0,0,1
47,38,3,0.1,0.5,0.6,0,0,0.1,1
47,39,39,1,6,7,0,0,0,0
47,40,38,1,5,8,0,0,0,0
47,41,72,1,6,11,12,0,0,0
47,42,10,0,1,3,0.1,0,0,1
47,43,44,0,4,11,0,0,0,0
47,44,56.5,0,10,10,0,0,0,0
47,52,3,0,0.2,0.7,0.2,0,0,1
47,53,4,0,0.3,0.9,0.3,0,0,1
47,55,76,0,6,23,0,0,0,0
47,56,8,0,2.8,0.6,0,0,0,1
47,76,8,0,0.8,2.1,0,0,0,1
47,77,48.5,0,2,11,10,0,0,0
47,78,6,0,0.6,1.6,0,0,0,1
47,89,1,0,0.1,0.1,0.2,0,0,1
47,152,4,0,0.4,1.3,0.2,0,0,1
47,155,2,0,0.1,0.7,0,0,0,1
47,156,15.5,0.2,0.4,5.2,0.3,0,0,1
47,157,48,2,4,8,1,0,0,0
47,158,32,0,8,3,1,0,0,0
47,159,1,0,0,0.4,0,0,0,1
47,179,13,0.2,0.3,3.4,0.2,0,0,1
47,180,18,0.6,1.5,2.1,2.6,0.2,0,1
47,181,23,0.7,1.9,2.7,3.4,0.3,0,1
47,182,22,0.7,1.9,2.6,3.2,0.2,0,1
47,187,7,0,0.5,2.3,0.1,0,0,1
47,188,39,0,4,11,0,0,0,0
47,189,5,0,0.3,1.6,0.1,0,0,1
47,207,1,0.1,0.1,0.2,0.1,0,0,1
47,219,29.5,2,6,5,0,0,0,0
47,220,40.5,1,5,9,0,1,0,0
47,221,59,0,4,30,1,0,29,0
47,222,116,0,1,33,0,0,22,0
47,223,22,2.3,2.9,1.5,1.2,0,0,1
47,224,9,0.9,1.2,0.6,0.5,0,0,1
47,230,2,0.1,0.3,0.3,0.2,0,0,1
47,233,5,0.4,0.6,0.7,0.5,0,0,1
47,235,31,5,0,5,1,0,0,0
47,236,82.5,0,15,14,5,0,0,0
47,237,94,4,8,33,1,0,0,0
47,238,33,0,11,4,2,0,0,0
47,239,25,2,4,3,2,0,0,0
47,240,25.5,6,4,2,0,0,0,0
47,241,27,0,2,9,1,0,0,0
47,242,16,0.6,1.4,3.1,2.2,0,0,1
47,243,32.5,5,2,4,3,0,0,0
47,244,67,3,1,19,3,0,0,0
47,245,24,0.2,3.8,4.7,0.9,0.2,0,1
47,246,58,0,1,19,2,0,0,0
47,247,52.5,1,1,11,6,0,0,0
47,248,19.5,0.2,3.1,3.8,0.7,0.2,0,1
47,249,108,0,46,2,0,0,4,0
47,250,55,6,5,5,4,0,0,0
47,251,35.5,2,6,6,0,0,0,0
47,252,30,10,2,1,0,0,0,0
47,253,39,8,9,1,0,0,0,0
47,254,6,0.6,0.6,0.8,0.4,0,0,1
47,255,7,0.1,1.1,1.4,0.2,0,0.2,1
48,6,12.5,0.5,0.5,1.2,1.4,0,0,1
48,7,8,0.3,0.3,0.8,0.9,0,0,1
48,8,4,0.1,0.2,0.4,0.4,0,0,1
48,10,4,0.1,0.1,0.5,0.7,0,0,1
48,38,15,0.6,2.3,3,0.3,0,0.3,1
48,39,36,0,6,5,0,0,0,0
48,40,38,1,8,6,0,0,0,0
48,41,38,1,5,9,1,0,0,0
48,42,36,0,3,9,0,0,0,0
48,43,45.5,0,3,15,0,0,0,0
48,44,32,0,3.2,9.5,0.4,0,0,1
48,45,10,0.2,2.1,1.9,0,0,0,1
48,52,2,0,0.2,0.4,0.2,0,0,1
48,53,6,0.1,0.5,1.3,0.4,0,0,1
48,54,42,0.6,3.1,9.3,3.1,0,0,1
48,55,72.5,1,3,23,0,0,0,0
48,56,23,0,8.2,1.7,0,0,0,1
48,57,2,0,0.7,0.2,0,0,0,1
48,76,26,0,2.5,7,0,0,0,1
48,77,33,0,7,6,0,0,0,0
48,78,11,0,1.1,2.9,0,0,0,1
48,90,2,0,0.3,0.2,0.4,0,0,1
48,91,3,0,0.4,0.3,0.6,0,0,1
48,151,5,0.1,0.5,1.6,0.2,0,0,1
48,155,16,0.2,0.4,5.4,0.3,0,0,1
48,156,4.5,0.1,0.1,1.5,0.1,0,0,1
48,158,8,0.1,0.2,2.7,0.1,0,0,1
48,159,4,0,0.1,1.4,0.1,0,0,1
48,160,14.5,0.3,0.8,3.9,1,0,0,1
48,161,23,0.4,1.2,6.2,1.7,0,0,1
48,162,10,0.2,0.5,2.7,0.7,0,0,1
48,174,1,0,0,0.3,0,0,0,1
48,179,27,0.5,0.5,7.1,0.4,0,0,1
48,180,50.5,2,7,9,6,0,0,0
48,187,4,0,0.3,1.3,0,0,0,1
48,188,15,0,1,4.9,0.2,0,0,1
48,189,21,0,1.5,6.8,0.3,0,0,1
48,190,14,0.8,3,2.1,1.3,0,0,1
48,204,3,0,0.2,0.8,0.1,0,0,1
48,205,1,0.1,0.1,0.2,0.1,0,0,1
48,206,1,0.1,0.1,0.2,0.1,0,0,1
48,207,18,2.3,1.6,2.9,2.6,0,0,1
48,212,2,0.2,0.5,0.2,0,0,0,1
48,213,9.5,0.7,2.5,1,0,0.2,0,1
48,219,7,1.1,0.4,0.8,0.4,0,0,1
48,220,48,10,7,5,0,0,0,0
48,221,95,2,14,17,0,0,0,0
48,222,82,5,19,7,0,0,0,0
48,223,11,1.1,1.5,0.7,0.6,0,0,1
48,224,76,1,14,13,0,0,0,0
48,225,28,0,11,2,0,0,0,0
48,228,2,0.1,0.3,0.3,0.1,0,0,1
48,229,5,0.2,0.7,0.8,0.3,0,0,1
48,230,6,0.5,0.8,0.8,0.6,0,0,1
48,231,15,1.2,1.9,2,1.5,0,0,1
48,232,31,2.4,4,4.1,3.2,0,0,1
48,235,2,0.2,0.1,0.3,0.2,0,0,1
48,236,49,2,12,1,6,0,0,0
48,237,60,6,8,4,15,0,0,0
48,238,4,0.3,0.2,0.6,0.4,0,0,1
48,239,37.5,5,6,3,3,0,0,0
48,240,17,0.6,1.5,3.3,2.3,0,0,1
48,241,53,3,0,13,2,0,0,0
48,242,68,5,3,16,1,0,0,0
48,243,10.5,0.4,0.9,2.1,1.4,0,0,1
48,245,42.5,3,1,12,2,0,0,0
48,246,28,0.2,4.5,5.5,1,0.2,0,1
48,247,47,4,3,10,2,1,0,0
48,248,109,1,34,7,3,0,2,0
48,249,88,0,22,11,2,0,9,0
48,250,17,1.8,1.8,2.3,1,0,0,1
48,251,4,0.4,0.4,0.6,0.2,0,0,1
48,252,18,1.9,1.9,2.4,1.1,0,0,1
48,253,50,7,6,6,0,0,0,0
48,254,7,0.7,0.7,1,0.4,0,0,1
49,5,4,0.1,0.2,0.4,0.4,0,0,1
49,7,10,0.4,0.4,1,1.1,0,0,1
49,10,7,0.2,0.2,1,1.1,0,0,1
49,11,2,0,0.1,0.3,0.3,0,0,1
49,23,47,0,0,13.6,0,0,0,1
49,24,15,0,0,4.4,0,0,0,1
49,33,7,0.3,1.1,1.4,0.1,0,0.1,1
49,35,4,0.2,0.6,0.8,0.1,0,0.1,1
49,38,8,0.3,1.2,1.6,0.2,0,0.2,1
49,39,27,1,4.2,5.5,0.5,0,0.5,1
49,40,49,2,4,11,1,0,0,0
49,41,45,0,3,11,1,0,0,0
49,42,5,0,0.5,1.5,0,0,0,1
49,43,31.5,0,2,9,0,0,0,0
49,44,7,0,0.7,2.1,0.1,0,0,1
49,46,1,0,0.2,0.2,0,0,0,1
49,50,6,0.1,0.5,1.3,0.4,0,0,1
49,52,56,2,8,10,3,0,0,0
49,53,56,0,4,15,4,1,7,0
49,54,82.5,1,9,23,1,0,0,0
49,55,75,0,23,6,1,0,0,0
49,56,30,0,10,3,1,0,0,0
49,57,3,0,1.1,0.2,0,0,0,1
49,75,1,0,0.1,0.3,0,0,0,1
49,76,2,0,0.2,0.5,0,0,0,1
49,77,12,0,1.2,3.2,0,0,0,1
49,78,15,0,1.5,4,0,0,0,1
49,99,2,0,0.3,0.2,0.4,0,0,1
49,161,4,0.1,0.2,1.1,0.3,0,0,1
49,173,2,0,0.1,0.5,0,0,0,1
49,174,11,0.2,0.2,2.9,0.2,0,0,1
49,175,3,0,0.1,0.8,0,0,0,1
49,180,41.5,0,1,3,15,0,0,0
49,181,21,0.7,1.8,2.4,3.1,0.2,0,1
49,189,32,0,2,7,3,0,0,0
49,190,108,2,4,7,40,0,0,0
49,191,19,1.2,4,2.9,1.7,0,0,1
49,203,5,0,0.3,1.3,0.2,0,0,1
49,204,47,0,2.4,12.5,2.3,0,0,1
49,205,38.5,2,3,10,0,0,0,0
49,206,9.5,1.2,0.9,1.5,1.4,0,0,1
49,207,17,2.1,1.5,2.8,2.5,0,0,1
49,210,9,0.7,2.4,0.9,0,0.2,0,1
49,211,1,0.1,0.3,0.1,0,0,0,1
49,212,11,0.9,2.8,1.1,0,0.3,0,1
49,213,6,0.5,1.6,0.6,0,0.1,0,1
49,218,3,0.5,0.2,0.3,0.2,0,0,1
49,219,11,1.9,0.6,1.2,0.6,0,0,1
49,220,59,0,5,12,0,0,0,0
49,221,44,3,7,7,0,0,0,0
49,222,97,6,3,9,37,0,0,0
49,223,44,16,1,3,0,0,0,0
49,224,82,3,2,26,0,0,0,0
49,225,44,0,1,13,0,0,0,0
49,226,20,0.7,2.6,3.3,1.3,0.2,0,1
49,229,9,0.3,1.2,1.5,0.6,0.1,0,1
49,230,59,1,3,15,2,0,0,0
49,231,35.5,4,3,7,2,0,0,0
49,232,16,1.2,2.1,2.2,1.6,0,0,1
49,233,11,0.9,1.4,1.5,1.1,0,0,1
49,234,37,2,2,8,2,0,0,0
49,235,16,1.1,0.9,2.4,1.7,0,0,1
49,236,5,0.3,0.3,0.8,0.5,0,0,1
49,237,31.5,6,3,0,9,0,0,0
49,238,35,12,3,0,0,0,0,0
49,239,15,1,0.8,2.3,1.7,0,0,1
49,240,45,0,2,14,0,0,0,0
49,241,55,1,7,10,1,0,0,0
49,242,83,2,1,29,0,0,0,0
49,243,29,2,2,6,1,0,0,0
49,244,1,0.1,0.1,0.2,0.1,0,0,1
49,245,16,0.1,2.6,3.1,0.6,0.1,0,1
49,246,36,4,3,5,1,0,0,0
49,247,34,2,5,5,2,0,0,0
49,248,69,2,9,14,1,0,0,0
49,249,47,4,3,10,1,0,0,0
49,250,34,3.6,3.6,4.6,1.9,0,0,1
49,251,12,1.2,1.3,1.6,0.7,0,0,1
49,252,6,0.6,0.6,0.8,0.4,0,0,1
49,255,12,0.2,1.9,2.4,0.3,0,0.3,1
50,20,38,0,0,14,0,0,9,0
50,21,56,0,0,18,0,0,8,0
50,22,96,0,0,33,0,0,0,0
50,23,123,0,1,39,1,0,0,0
50,24,20,0,2.2,3.6,0,0,0,1
50,33,10,0.1,1.9,1,0.8,0,0,1
50,34,6,0.1,1.1,0.6,0.4,0,0,1
50,37,5,0.1,1,0.7,0.2,0,0,1
50,38,16,0.3,3.2,2.2,0.6,0.2,0,1
50,39,40.5,0,6,10,0,0,0,0
50,40,39,0.7,5.4,4.7,2,0,0,1
50,41,5,0.1,0.7,0.6,0.2,0,0,1
50,46,2,0,0.3,0.3,0.1,0,0,1
50,47,2,0,0.3,0.3,0.1,0,0,1
50,51,19,0.4,0.9,5.2,0.9,0.4,0,1
50,52,88,0,9,17,4,0,0,0
50,53,55.5,1,6,12,8,0,0,0
50,54,87.5,0,5,10,21,0,0,0
50,55,59,1,26,2,2,0,0,0
50,56,12,0,1.7,1.8,0.9,0,0,1
50,84,6,0,0.8,0.6,1.3,0,0,1
50,87,1,0,0.1,0.1,0.2,0,0,1
50,88,2,0,0.3,0.2,0.4,0,0,1
50,92,1,0,0.4,0.1,0,0,0,1
50,94,11,0,4,1.2,0,0,0,1
50,95,3,0.2,0.6,0.1,0.2,0,0,1
50,97,2,0.1,0.4,0.1,0.2,0,0,1
50,98,1,0.1,0.2,0,0.1,0,0,1
50,99,4,0.2,0.8,0.2,0.3,0,0,1
50,100,6,0.2,0.4,0.2,1.6,0,0,1
50,171,3,0,0.5,0.5,0.2,0,0,1
50,172,8,0.1,1.3,1.3,0.4,0,0,1
50,173,14,0.1,2.4,2.3,0.7,0,0,1
50,174,83,0,4,9,22,0,0,0
50,175,11,0,1.1,3.2,0.7,0,0,1
50,180,9,0.8,1.1,1.4,1.1,0,0,1
50,181,12,1.1,1.5,1.8,1.4,0,0,1
50,189,40,0,1,13,1,0,0,0
50,190,32,1.8,3.1,8,0.6,0,0,1
50,191,4,0.2,0.4,1,0.1,0,0,1
50,201,4,0.3,0.6,0.5,0.1,0,0,1
50,203,39,0,2,1,12,0,0,0
50,204,19,1.2,2.6,2.5,0.7,0,0,1
50,205,18,0.7,2.5,2.2,2.1,0,0,1
50,206,6,0.2,0.9,0.7,0.7,0,0,1
50,207,30,2,0,6,7,0,0,0
50,208,50.5,2,10,6,2,0,0,0
50,209,40,1,0,5,10,1,0,0
50,210,7,0.3,1.6,0.9,0.4,0,0,1
50,211,14,0.6,3.2,1.7,0.9,0,0,1
50,212,8,0.4,1.8,1,0.5,0,0,1
50,213,3,0.1,0.7,0.4,0.2,0,0,1
50,216,2,0.4,0.4,0.3,0,0,0,1
50,219,18,3.4,3.5,2.8,0,0,0,1
50,220,30,0,6,7,0,0,0,0
50,221,4,0.4,0.5,0.5,0.3,0,0,1
50,222,20.5,1.8,2.4,2.7,1.8,0,0,1
50,223,86.5,3,20,10,1,0,0,0
50,224,38,1,2,10,0,0,0,0
50,225,4,0.2,0.5,0.7,0.3,0,0,1
50,226,24,0.9,3,4.1,2,0,0,1
50,227,1,0,0.1,0.2,0.1,0,0,1
50,228,11,0.4,1.4,1.9,0.9,0,0,1
50,229,20,0.8,2.5,3.4,1.6,0,0,1
50,230,40,1,0,12,0,0,0,0
50,231,36,1,2,9,1,0,0,0
50,232,18,0.7,2.1,2,2,0,0,1
50,233,10,0.4,1.2,1.1,1.1,0,0,1
50,234,9,0.3,1.1,1,1,0,0,1
50,235,14,0.4,2,2.3,0.8,0,0,1
50,236,15.5,0.4,2.2,2.6,0.9,0,0,1
50,237,8,0.2,1.1,1.3,0.5,0,0,1
50,238,3,0.1,0.4,0.5,0.2,0,0,1
50,240,12,0,0,2.7,1.2,0,0,1
50,241,7,0,0,1.6,0.7,0,0,1
50,242,11,0,0,2.5,1.1,0,0,1
50,243,1,0,0,0.2,0.1,0,0,1
50,244,18,0,0,4.1,1.8,0,0,1
50,245,58.5,0,2,17,2,0,0,0
50,246,98.5,0,2,37,1,0,32,0
50,247,34,1,4,6,2,0,0,0
50,248,51,2,7,7,1,0,0,0
50,249,43.5,4,13,2,1,0,0,0
50,250,3,0.3,0.5,0.4,0.2,0,0,1
50,251,73,0,2,45,0,0,0,0
50,252,3,0.3,0.5,0.4,0.2,0,0,1
50,254,4,0.4,0.7,0.5,0.2,0,0,1
50,255,16,1.3,2.6,3.3,0.1,0,0,1
51,0,2,0.1,0,0.5,0.2,0.1,0,1
51,6,1,0.1,0,0.2,0.1,0,0,1
51,19,9,0.1,0.1,3,0.1,0,0,1
51,20,121,0,12,29,0,0,0,0
51,21,150.5,1,18,41,0,0,0,0
51,22,172.5,0,2,58,0,0,10,0
51,23,63,0,5,19,0,0,0,0
51,24,35,0,3.8,6.4,0,0,0,1
51,31,2,0,0.4,0.2,0.2,0,0,1
51,32,21,0.3,3.9,2.1,1.6,0,0,1
51,33,19,0.2,3.6,1.9,1.4,0,0,1
51,34,30,1,9,2,1,0,0,0
51,35,4,0.1,0.8,0.5,0.2,0,0,1
51,37,2,0,0.4,0.3,0.1,0,0,1
51,38,10,0.2,2,1.4,0.4,0.1,0,1
51,39,23.5,0.5,4.7,3.2,0.9,0.3,0,1
51,52,88,0,5,29,0,1,0,0
51,53,133,1,4,14,39,0,0,0
51,54,176.5,2,4,10,75,2,0,0
51,55,43,0,6.2,6.3,3.1,0,0,1
51,68,8,0.2,0.4,1.2,0.5,0,0,1
51,87,8,0,1.1,0.7,1.7,0,0,1
51,92,5,0,1.9,0.5,0,0,0,1
51,93,7,0,2.6,0.7,0,0,0,1
51,94,10,0,3.7,1,0,0,0,1
51,95,9,0.6,1.7,0.4,0.7,0,0,1
51,97,11,0.7,2.1,0.5,0.9,0,0,1
51,98,16,1,3.1,0.7,1.3,0,0,1
51,149,6,0.2,0.9,0.8,0.6,0,0,1
51,171,15,0.1,2.6,2.4,0.8,0,0,1
51,172,28,0.2,4.7,4.6,1.5,0,0,1
51,174,22,0.1,3.7,3.6,1.2,0,0,1
51,175,17,0,1.7,4.9,1.1,0,0,1
51,181,6,0.6,0.7,0.9,0.7,0,0,1
51,190,6,0.3,0.6,1.5,0.1,0,0,1
51,192,10,0.6,0.9,2.5,0.2,0,0,1
51,199,4,0.3,1,0.1,1,0,0,1
51,202,1,0.1,0.2,0.1,0,0,0,1
51,203,31,2,4.3,4.1,1.1,0,0,1
51,204,3,0.2,0.4,0.4,0.1,0,0,1
51,205,19,0.7,2.6,2.3,2.3,0,0,1
51,207,20,0.8,2.8,2.4,2.4,0,0,1
51,208,42,0,1,16,0,0,0,0
51,209,32,0,3,7,2,0,0,0
51,210,10,0.4,2.3,1.3,0.6,0,0,1
51,213,2,0.1,0.5,0.2,0.1,0,0,1
51,217,3,0.6,0.6,0.4,0,0,0,1
51,220,6,0.5,0.7,0.8,0.5,0,0,1
51,221,6,0.5,0.7,0.8,0.5,0,0,1
51,222,8,0.7,0.9,1.1,0.7,0,0,1
51,223,6,0.5,0.7,0.8,0.5,0,0,1
51,224,13,1.2,1.5,1.7,1.1,0,0,1
51,225,17,0.6,2.2,2.9,1.4,0,0,1
51,226,14,0.5,1.8,2.4,1.1,0,0,1
51,229,7,0.2,0.9,1.2,0.6,0,0,1
51,230,2,0.1,0.3,0.2,0.2,0,0,1
51,231,13,0.5,1.5,1.5,1.4,0,0,1
51,232,3,0.1,0.4,0.3,0.3,0,0,1
51,233,9,0.3,1.1,1,1,0,0,1
51,234,14,0.5,1.6,1.6,1.6,0,0,1
51,235,25,0.7,3.5,4.1,1.5,0,0,1
51,236,19,0.6,2.7,3.1,1.1,0,0,1
51,237,11,0.3,1.5,1.8,0.7,0,0,1
51,238,16,0.5,2.2,2.7,0.9,0,0,1
51,239,4,0.1,0.6,0.7,0.2,0,0,1
51,245,7,0.6,0.7,1.2,0.4,0,0,1
51,246,31,1,1,9,1,0,0,0
51,247,29,1,6,4,4,0,0,0
51,248,10,0.9,1,1.7,0.6,0,0,1
51,249,9,0.8,0.9,1.5,0.6,0,0,1
51,250,2,0.2,0.3,0.3,0.1,0,0,1
51,251,2,0.2,0.3,0.3,0.1,0,0,1
51,253,17,1.8,2.8,2.3,0.8,0,0,1
51,255,4,0.3,0.7,0.8,0,0,0,1
52,6,3,0.1,0.1,0.7,0.3,0.1,0,1
52,18,2,0,0,0.7,0,0,0,1
52,19,103.5,0.9,1.7,34.1,0.9,0,0,1
52,20,127.5,0,32,17,1,0,0,0
52,21,79.5,2,8,18,2,1,10,0
52,22,145.5,2,9,16,30,0,1,0
52,23,98,0,18,15,5,0,0,0
52,24,32.5,0,4,9,0,0,0,0
52,30,30.5,0,6,5,0,0,0,0
52,31,12,0.1,2.3,1.2,0.9,0,0,1
52,32,26,4,4,2,3,0,0,0
52,33,64,4,10,9,4,1,0,0
52,34,79,5,5,8,15,0,0,0
52,35,38,2,6,4,1,0,0,0
52,36,12,0.2,2.4,1.6,0.5,0.2,0,1
52,37,2,0,0.4,0.3,0.1,0,0,1
52,38,4,0.1,0.8,0.5,0.2,0,0,1
52,39,7,0.1,1.4,1,0.3,0.1,0,1
52,52,13,0.3,0.6,3.5,0.6,0.3,0,1
52,53,36,0,4,7,4,0,0,0
52,54,122.5,3,2,38,4,0,0,0
52,55,63,0,9,16,0,0,0,0
52,86,4,0,0.6,0.4,0.8,0,0,1
52,93,2,0,0.7,0.2,0,0,0,1
52,94,196,2,4,16,66,0,2,0
52,95,17,1.1,3.2,0.7,1.4,0,0,1
52,96,4,0.2,0.8,0.2,0.3,0,0,1
52,97,8,0.5,1.5,0.4,0.6,0,0,1
52,98,9,0.6,1.7,0.4,0.7,0,0,1
52,141,3,0.1,0.5,0.4,0.3,0,0,1
52,142,33.5,0,2,2,12,0,0,0
52,143,18,0.6,2.6,2.3,2,0,0,1
52,149,3,0.1,0.5,0.4,0.3,0,0,1
52,171,3,0,0.5,0.5,0.2,0,0,1
52,172,21,0.1,3.6,3.4,1.1,0,0,1
52,173,9,0.1,1.5,1.4,0.5,0,0,1
52,174,22,0.1,3.7,3.6,1.2,0,0,1
52,175,3,0,0.3,0.9,0.2,0,0,1
52,202,20,1.3,2.8,2.6,0.7,0,0,1
52,203,46,1,3,11,0,0,0,0
52,204,82.5,0,0,32,0,0,25,0
52,205,34,1,2,5,4,0,0,0
52,206,42,0,3,1,23,0,0,0
52,207,70,3,1,4,20,0,0,0
52,208,38,4,6,6,0,0,0,0
52,209,4,0.1,0.6,0.5,0.5,0,0,1
52,213,4,0.2,0.9,0.5,0.2,0,0,1
52,218,3,0.6,0.6,0.4,0,0,0,1
52,220,1,0.1,0.1,0.1,0.1,0,0,1
52,229,5,0.2,0.6,0.9,0.4,0,0,1
52,231,15,0.5,1.7,1.7,1.7,0,0,1
52,233,5,0.2,0.6,0.6,0.5,0,0,1
52,234,23,4,4,1,2,0,0,0
52,235,13,0.4,1.8,2.1,0.8,0,0,1
52,236,25,0.7,3.5,4.1,1.5,0,0,1
52,237,28,0.8,3.9,4.6,1.7,0,0,1
52,238,20,0.6,2.8,3.3,1.2,0,0,1
52,246,8,0.7,0.8,1.4,0.5,0,0,1
52,247,39,1,3,9,3,0,0,0
52,248,30,0,2,8,3,0,0,0
52,249,31,1,5,6,0,0,0,0
52,250,40,1,5,5,3,0,0,0
52,251,30,2,3,6,1,0,0,0
52,252,2,0.2,0.3,0.3,0.1,0,0,1
52,253,92,2,3,26,1,0,0,0
52,254,18,1.8,3,2.5,0.9,0,0,1
52,255,6,0.5,1,1.2,0,0,0,1
53,18,1,0,0,0.4,0,0,0,1
53,19,3,0,0.1,1,0,0,0,1
53,20,124.5,1,25,23,1,1,12,0
53,21,93.5,0,17,14,7,0,0,0
53,22,256,1,15,17,76,0,0,0
53,23,116,2,10,9,34,0,0,0
53,24,34.5,0,7,7,0,0,0,0
53,29,19,0,5.4,3.1,0.2,0,0,1
53,30,64.5,0,8,16,0,0,0,0
53,31,35,0,9,2,3,0,0,0
53,32,28,2,2,5,4,0,0,0
53,33,109,10,8,11,18,0,0,0
53,34,65,2,10,9,5,0,0,0
53,35,57.5,0,1,18,3,0,0,0
53,36,14,0.3,2.8,1.9,0.5,0.2,0,1
53,37,20,0.4,4,2.7,0.8,0.3,0,1
53,42,4,0.1,0.5,0.5,0.2,0,0,1
53,52,10,0.2,0.5,2.7,0.5,0.2,0,1
53,53,38,0,2,9,0,0,0,0
53,54,41,0,0,12,0,0,0,0
53,94,28,2,0,1,13,0,0,0
53,95,98,0,9,10,23,0,0,0
53,96,28,3,4,2,5,0,0,0
53,98,4,0.2,0.8,0.2,0.3,0,0,1
53,112,3,0.1,0.2,0.1,0.8,0,0,1
53,141,4,0.2,0.6,0.5,0.4,0,0,1
53,142,26,1,2,6,6,0,0,0
53,143,39,0,1,12,2,0,0,0
53,144,46,0,8,8,0,0,0,0
53,145,11,0.4,1.6,1.4,1.2,0,0,1
53,172,3,0,0.5,0.5,0.2,0,0,1
53,198,1,0.1,0.3,0,0.2,0,0,1
53,199,10,0.9,2.5,0.3,2.4,0,0,1
53,200,32,0,16,4,0,0,0,0
53,202,2,0.1,0.3,0.2,0.1,0,0,1
53,203,13,0.8,1.8,1.7,0.5,0,0,1
53,204,37,3,7,6,0,0,0,0
53,205,21,0.8,2.9,2.6,2.5,0,0,1
53,206,43,3,0,2,18,0,0,0
53,207,77.5,5,3,7,19,0,0,0
53,208,28.5,1.1,4,3.4,3.4,0,0,1
53,209,9,0.3,1.3,1.1,1.1,0,0,1
53,222,3,0.3,0.3,0.4,0.3,0,0,1
53,228,2,0.1,0.2,0.3,0.2,0,0,1
53,229,4,0.2,0.5,0.7,0.3,0,0,1
53,230,5,0.2,0.6,0.6,0.5,0,0,1
53,231,2,0.1,0.3,0.2,0.2,0,0,1
53,232,3,0.1,0.4,0.3,0.3,0,0,1
53,233,8,0.3,0.9,0.9,0.9,0,0,1
53,234,7,0.2,0.8,0.8,0.8,0,0,1
53,235,27,0,8,1,2,0,0,0
53,236,4,0.1,0.6,0.7,0.2,0,0,1
53,237,10,0.3,1.4,1.6,0.6,0,0,1
53,238,3,0.1,0.4,0.5,0.2,0,0,1
53,239,4,0.1,0.6,0.7,0.2,0,0,1
53,245,2,0.2,0.2,0.3,0.1,0,0,1
53,247,29,2.5,2.8,5,1.9,0,0,1
53,248,42,1,3,16,0,0,0,0
53,249,46,6,5,7,2,0,0,0
53,250,67,5,5,14,0,0,0,0
53,251,37,4,4,6,0,0,0,0
53,252,7.5,0.8,1.2,1,0.4,0,0,1
53,253,27.5,2.8,4.6,3.8,1.3,0,0,1
53,254,20,2.1,3.3,2.7,1,0,0,1
53,255,26,1,6,4,0,0,0,0
54,4,22,1,0.5,5,2.5,0.5,0,1
54,20,40,0,6,8,0,0,0,0
54,21,79.5,0,9,13,10,0,0,0
54,22,306.5,2,8,27,105,4,0,0
54,23,154,5,8,11,41,1,0,0
54,24,59,0,19,4,0,0,19,0
54,26,1,0,0.3,0.2,0,0,0,1
54,30,10,0.1,1.9,1,0.8,0,0,1
54,31,55,3,13,4,0,0,0,0
54,32,70,3,7,14,2,1,0,0
54,33,64,5,3,6,10,0,0,0
54,34,55,1,5,13,1,0,0,0
54,36,10,0.2,2,1.4,0.4,0.1,0,1
54,37,18,0.4,3.6,2.4,0.7,0.2,0,1
54,38,7,0.1,1.4,1,0.3,0.1,0,1
54,54,2,0,0.1,0.5,0.1,0.1,0,1
54,94,2,0,0.7,0.2,0,0,0,1
54,95,41.5,1,4,11,0,0,0,0
54,96,118.5,2,6,31,1,0,0,0
54,97,16,1,3.1,0.7,1.3,0,0,1
54,99,7,0.4,1.3,0.3,0.6,0,0,1
54,144,4,0.2,0.6,0.5,0.4,0,0,1
54,145,2,0.1,0.3,0.2,0.2,0,0,1
54,169,1,0,0.2,0.2,0.1,0,0,1
54,198,9,0.8,2.2,0.3,2.2,0,0,1
54,199,9,0.8,2.2,0.3,2.2,0,0,1
54,201,3,0.2,0.4,0.4,0.1,0,0,1
54,202,16,1,2.2,2.1,0.6,0,0,1
54,203,12,0.8,1.6,1.6,0.4,0,0,1
54,204,14,0.9,2,1.8,0.5,0,0,1
54,205,6,0.2,0.9,0.7,0.7,0,0,1
54,206,14.5,0.6,2,1.8,1.7,0,0,1
54,207,34,1,7,3,5,0,0,0
54,208,12,0.5,1.7,1.4,1.4,0,0,1
54,222,1,0.1,0.1,0.1,0.1,0,0,1
54,228,3,0.1,0.4,0.5,0.2,0,0,1
54,229,5,0.2,0.6,0.9,0.4,0,0,1
54,230,3,0.1,0.4,0.3,0.3,0,0,1
54,232,16,0.5,1.9,1.8,1.8,0,0,1
54,233,19,0.7,2.3,2.1,2.1,0,0,1
54,234,9,0.3,1.1,1,1,0,0,1
54,235,9,0.3,1.2,1.5,0.5,0,0,1
54,236,32,3,5,4,0,0,0,0
54,237,28,0.8,3.9,4.6,1.7,0,0,1
54,238,11,0.3,1.5,1.8,0.7,0,0,1
54,239,2,0.1,0.3,0.3,0.1,0,0,1
54,245,4,0.3,0.4,0.7,0.3,0,0,1
54,247,1,0.1,0.1,0.2,0,0,0,1
54,248,4,0.3,0.4,0.7,0.3,0,0,1
54,249,19,1.6,1.9,3.3,1.2,0,0,1
54,250,9,0.9,1.5,1.3,0.4,0,0,1
54,251,11.5,1.2,1.9,1.6,0.5,0,0,1
54,252,16,1.7,2.6,2.2,0.8,0,0,1
54,254,3,0.3,0.5,0.4,0.2,0,0,1
54,255,22,1.8,3.5,4.6,0.1,0,0,1
55,4,3,0.1,0.1,0.7,0.3,0.1,0,1
55,16,4,0,0,0,0,2,0,1
55,20,9,1.1,0.7,1.6,0,0,0,1
55,21,59.5,6,3,13,5,0,0,0
55,22,214.5,7,8,17,60,1,0,0
55,23,111.5,4,12,22,5,1,0,0
55,24,63,0,14,11,0,0,0,0
55,29,1,0,0.3,0.2,0,0,0,1
55,30,4,0,0.3,0.9,0,0,0,1
55,31,29,0,2.4,6.1,0,0,0,1
55,32,86,0,23,12,0,0,0,0
55,33,123.5,3,31,11,5,0,0,0
55,34,61,0,16,8,0,0,0,0
55,35,2,0,0,0.6,0.1,0,0,1
55,39,3,0,0,0.9,0.1,0,0,1
55,94,45,0,0,13,0,0,0,0
55,95,82.5,1,1,22,0,0,0,0
55,96,116,0,1,45,0,0,18,0
55,117,4,0.1,0.3,0.1,1.1,0,0,1
55,119,1,0,0.1,0,0.3,0,0,1
55,140,4,0.2,0.6,0.5,0.4,0,0,1
55,183,1,0.1,0.1,0.2,0.1,0,0,1
55,200,1,0.1,0.1,0.2,0.1,0,0,1
55,202,13,0.7,1.5,2.1,1.6,0,0,1
55,203,45,4,0,14,4,0,0,0
55,204,17,0.9,2,2.7,2.1,0,0,1
55,205,7.5,0.5,1.5,0.4,0.8,0.1,0,1
55,206,70,0,24,1,21,0,23,0
55,207,13,0.8,2.6,0.6,1.5,0.2,0,1
55,208,2,0.1,0.4,0.1,0.2,0.1,0,1
55,226,6,0.2,0.8,1,0.5,0,0,1
55,229,2,0.1,0.2,0.3,0.2,0,0,1
55,230,3,0.1,0.5,0.6,0.2,0,0,1
55,231,1,0,0.2,0.2,0.1,0,0,1
55,232,16,0.7,2.7,2.9,0.9,0,0,1
55,233,22,0.9,3.8,4,1.2,0,0,1
55,234,2,0.1,0.3,0.4,0.1,0,0,1
55,236,23,0,1.9,5.6,1.2,0.8,0,1
55,237,14,0,1.1,3.4,0.8,0.5,0,1
55,238,37,1,11,5,0,0,0,0
55,239,10,0,0.8,2.4,0.5,0.4,0,1
55,240,3,0.1,0.4,0.7,0,0,0,1
55,247,2,0.1,0.3,0.3,0.1,0,0,1
55,248,1,0,0.2,0.1,0.1,0,0,1
55,249,8,0.4,1.4,1,0.6,0,0,1
55,250,3,0.3,0.9,0.1,0.4,0,0,1
55,251,1,0.1,0.3,0,0.2,0,0,1
55,254,1,0.1,0.3,0,0.2,0,0,1
56,4,4,0.2,0.1,0.9,0.4,0.1,0,1
56,18,121.5,1,0,1,0,59,0,1
56,21,27,0,4,6,0,1,0,0
56,22,110,3,9,23,16,0,0,0
56,23,112.5,0,19,25,0,0,0,0
56,24,82.5,0,12,21,0,0,0,0
56,28,2,0,0.6,0.3,0,0,0,1
56,29,15.5,0,4.4,2.5,0.2,0,0,1
56,30,55,0,10,12,0,0,0,0
56,31,49,0,4,11,0,1,0,0
56,32,38,1,7,1,8,0,0,0
56,33,123,0,4,26,20,0,15,0
56,34,72.5,0,0,26,0,0,25,0
56,94,19.5,0,0.7,7.4,0,0,0,1
56,95,50.5,0,0,18,0,0,0,0
56,96,3,0,0.6,0.3,0.1,0,0.2,1
56,103,2,0.1,0.1,0.1,0.5,0,0,1
56,122,3,0,0.2,0.8,0.1,0,0,1
56,154,2,0,0.1,0.5,0,0,0,1
56,161,2,0,0.3,0.4,0.1,0.1,0,1
56,193,2,0.1,0.3,0.3,0.1,0,0,1
56,194,3,0.2,0.4,0.4,0.1,0,0,1
56,195,5,0.6,0.8,0.6,0.4,0,0,1
56,200,8,0.4,0.9,1.3,1,0,0,1
56,201,9,0.5,1.1,1.4,1.1,0,0,1
56,202,23,1.2,2.6,3.7,2.9,0,0,1
56,203,46,10,5,4,2,0,0,0
56,204,45.5,0,1,6,14,0,0,0
56,207,26,1.6,5.2,1.3,2.9,0.3,0,1
56,208,3,0.2,0.6,0.2,0.3,0,0,1
56,209,4,0.2,0.8,0.2,0.4,0.1,0,1
56,224,2,0.1,0.2,0.3,0.2,0,0,1
56,230,7,0.3,1.2,1.3,0.4,0,0,1
56,231,48,1,5,11,0,1,0,0
56,232,39,1,8,8,0,0,0,0
56,233,20,0.8,3.4,3.6,1.2,0,0,1
56,235,2,0,0.1,0.5,0.1,0.1,0,1
56,236,4,0,0.3,1,0.2,0.2,0,1
56,237,1,0,0.1,0.2,0.1,0,0,1
56,238,23,0,4,8,0,0,0,0
56,239,34,1,3,4,8,0,0,0
56,240,4,0.1,0.6,0.9,0.1,0,0,1
56,246,2,0.1,0.3,0.3,0.1,0,0,1
56,248,7,0.4,1.2,0.9,0.5,0,0,1
56,249,7,0.4,1.2,0.9,0.5,0,0,1
56,252,4,0.3,1.3,0.1,0.6,0,0,1
56,253,3,0.3,0.9,0.1,0.4,0,0,1
56,255,20,0.7,3.8,2.4,0.9,0,0,1
57,22,3,0.4,0.2,0.5,0,0,0,1
57,23,33.5,4.3,2.5,6,0,0,0,1
57,24,5,0.6,0.4,0.9,0,0,0,1
57,29,12,0,3.4,1.9,0.2,0,0,1
57,30,46,0,3,12,5,0,0,0
57,31,114.5,6,10,20,14,0,13,0
57,32,283.5,4,4,14,106,3,0,0
57,33,68.5,0,5,16,9,0,0,0
57,34,36,0,3,7.6,0,0,0,1
57,61,1,0,0,0.2,0.1,0,0,1
57,94,42.5,0,2,14,0,0,0,0
57,95,74,0,8,18,0,0,0,0
57,96,42,0,8.5,4.7,0.8,0,3.1,1
57,99,5,0,1,0.6,0.1,0,0.4,1
57,153,11,0.2,0.5,2.6,0.2,0,0,1
57,154,24,0.4,1.2,5.7,0.4,0,0,1
57,156,5,0.2,0.2,0.8,0.6,0.2,0,1
57,157,5,0.2,0.2,0.8,0.6,0.2,0,1
57,161,6,0,0.9,1.3,0.4,0.2,0,1
57,192,3,0.2,0.4,0.4,0.1,0,0,1
57,194,4,0.2,0.5,0.6,0.2,0,0,1
57,195,12,1.4,2,1.4,1,0,0,1
57,196,1,0.1,0.2,0.1,0.1,0,0,1
57,200,1,0.1,0.1,0.2,0.1,0,0,1
57,201,32,1,3,7,0,0,0,0
57,202,11,0.6,1.3,1.7,1.4,0,0,1
57,203,4,0.2,0.5,0.6,0.5,0,0,1
57,204,8,0.4,0.9,1.3,1,0,0,1
57,206,2,0.1,0.4,0.1,0.2,0.1,0,1
57,207,6,0.4,1.2,0.3,0.6,0.1,0,1
57,208,10,0.6,2,0.5,1.1,0.1,0,1
57,209,1,0.1,0.2,0,0.1,0,0,1
57,210,5,0,0.7,1.1,0,0,0,1
57,212,6,0,0.9,1.3,0,0,0,1
57,213,4,0,0.6,0.9,0,0,0,1
57,214,1,0,0.2,0.2,0,0,0,1
57,229,1,0,0.1,0.2,0.1,0,0,1
57,231,11,0.5,1.9,2,0.6,0,0,1
57,232,4,0.2,0.7,0.7,0.2,0,0,1
57,235,6,0,0.5,1.5,0.3,0.2,0,1
57,237,27,0,2.2,6.6,1.4,1,0,1
57,238,33,0,2,11,0,0,0,0
57,239,9,0,0.7,2.2,0.5,0.3,0,1
57,240,18,0.6,2.5,4,0.3,0,0,1
57,247,6,0.3,1,0.8,0.4,0,0,1
57,248,3,0.2,0.5,0.4,0.2,0,0,1
57,253,4,0.3,1.3,0.1,0.6,0,0,1
57,254,13,1.1,4.1,0.4,1.8,0,0,1
58,6,9,0.4,0.2,2.1,1,0.2,0,1
58,24,25,3.2,1.9,4.5,0,0,0,1
58,27,7,0,2,1.1,0.1,0,0,1
58,28,30,0,6,6,1,0,0,0
58,29,65,1,17,6,1,0,2,0
58,30,83.5,2,4,17,14,1,0,0
58,31,106,1,5,19,26,0,0,0
58,32,187.5,1,11,17,60,0,0,0
58,33,34,1,7,5,1,0,0,0
58,34,59,0,4,15,0,0,0,0
58,35,43.5,0,0,12.6,1.8,0,0,1
58,46,5,0.1,0.7,0.6,0.2,0,0,1
58,58,1,0,0,0.4,0,0,0,1
58,94,7,0,0.3,2.6,0,0,0,1
58,95,49,0,8,8,0,0,0,0
58,96,3,0,0.6,0.3,0.1,0,0.2,1
58,105,7,0.2,0.5,0.2,1.9,0,0,1
58,153,2,0,0.1,0.5,0,0,0,1
58,154,58,1,2,6,19,0,0,0
58,155,46.5,1.6,1.6,7.9,5.6,1.6,0,1
58,156,2,0.1,0.1,0.3,0.2,0.1,0,1
58,165,7,0,1,1.5,0.5,0.2,0,1
58,190,5,0.3,0.7,0.7,0.2,0,0,1
58,191,27,1.8,3.5,3.8,1.2,0,0,1
58,192,2,0.1,0.3,0.3,0.1,0,0,1
58,194,11,0.7,1.4,1.6,0.5,0,0,1
58,195,15,1.7,2.6,1.7,1.3,0,0,1
58,201,4,0.2,0.5,0.6,0.5,0,0,1
58,202,5,0.3,0.6,0.8,0.6,0,0,1
58,211,5,0,0.7,1.1,0,0,0,1
58,212,22,0,6,5,0,0,0,0
58,213,42,1,3,11,1,0,0,0
58,214,27,3,3,3,7,0,0,0
58,215,44,0,7,6,3,0,0,0
58,216,30,1.8,2.7,5.5,0,0,0,1
58,229,5,0.2,0.6,0.9,0.4,0,0,1
58,230,5,0.2,0.9,0.9,0.3,0,0,1
58,231,5,0.2,0.9,0.9,0.3,0,0,1
58,232,4,0.2,0.7,0.7,0.2,0,0,1
58,233,4,0.2,0.7,0.7,0.2,0,0,1
58,237,2,0,0.1,0.5,0.1,0.1,0,1
58,239,3,0,0.2,0.7,0.2,0.1,0,1
58,240,48,1,6,12,1,0,0,0
58,241,8,0.3,1.1,1.8,0.1,0,0,1
58,243,2,0.1,0.3,0.4,0,0,0,1
58,248,23,1.3,3.9,2.9,1.6,0,0,1
58,249,3,0.2,0.5,0.4,0.2,0,0,1
58,252,3,0.3,0.9,0.1,0.4,0,0,1
58,253,2,0.2,0.6,0,0.3,0,0,1
58,254,1,0.1,0.3,0,0.2,0,0,1
58,255,2,0.1,0.4,0.2,0.1,0,0,1
59,22,3,0.4,0.2,0.5,0,0,0,1
59,26,14,0,3.9,2.3,0.2,0,0,1
59,27,31.5,0,3,9,0,0,0,0
59,28,62.5,3,6,13,0,0,0,0
59,29,3,0,0.9,0.5,0,0,0,1
59,30,68,1,0,25,0,0,0,0
59,31,46,1,5,12,0,0,0,0
59,32,56,1,7,10,1,0,0,0
59,33,4,0,0.3,0.9,0,0,0,1
59,34,22,0,1.9,4.6,0,0,0,1
59,49,1,0,0.1,0.1,0.1,0,0,1
59,58,20,0,0.8,6.9,0.8,0,0,1
59,59,5,0,0.2,1.7,0.2,0,0,1
59,79,31,0.7,1.4,4.8,2.1,0,0,1
59,80,2,0,0.3,0.2,0.4,0,0,1
59,95,1,0,0.2,0.1,0,0,0.1,1
59,118,1,0,0.1,0,0.3,0,0,1
59,153,6,0.1,0.3,1.4,0.1,0,0,1
59,154,14,0.3,0.7,3.3,0.2,0,0,1
59,163,11,0,1.6,2.3,0.8,0.4,0,1
59,164,1,0,0.2,0.2,0.1,0,0,1
59,186,5,0.4,0.6,0.8,0.6,0,0,1
59,190,17,1.1,2.2,2.4,0.8,0,0,1
59,191,38,2,4,3,9,0,0,0
59,192,9,0.6,1.2,1.2,0.4,0,0,1
59,194,9,0.6,1.2,1.2,0.4,0,0,1
59,195,46,0,5,14,0,0,0,0
59,198,2,0.2,0.4,0.2,0.2,0,0,1
59,201,9,0.5,1.1,1.4,1.1,0,0,1
59,208,6,0.4,1.2,0.3,0.6,0.1,0,1
59,212,25,0,3.8,5.4,0,0,0,1
59,213,57,0,6,11,0,0,0,0
59,214,62.5,0,3,10,14,1,0,0
59,215,62,3,6,8,6,0,0,0
59,216,28,0,9,2,0,0,0,0
59,217,3,0.2,0.3,0.5,0,0,0,1
59,229,2,0.1,0.2,0.3,0.2,0,0,1
59,230,5,0.2,0.9,0.9,0.3,0,0,1
59,231,10,0.4,1.7,1.8,0.6,0,0,1
59,233,3,0.1,0.5,0.6,0.2,0,0,1
59,236,4,0,0.3,1,0.2,0.2,0,1
59,239,6,0,0.5,1.5,0.3,0.2,0,1
59,240,30,0,4,11,0,0,0,0
59,241,18,0.6,2.5,4,0.3,0,0,1
59,242,10,0.3,1.4,2.2,0.2,0,0,1
59,247,1,0,0.2,0.1,0.1,0,0,1
59,248,7,0.4,1.2,0.9,0.5,0,0,1
59,249,1,0,0.2,0.1,0.1,0,0,1
59,255,10,0.4,1.9,1.2,0.4,0,0,1
60,5,6,1.2,0.4,1.2,0.2,0,0,1
60,23,4,0.1,0.4,0.7,0.3,0,0,1
60,26,21,0.7,3.2,3,0.7,0.3,0,1
60,27,51.5,2,10,11,0,0,0,0
60,28,31,1.1,4.7,4.4,1.1,0.4,0,1
60,30,1,0,0.1,0.1,0.1,0,0,1
60,34,9,0.3,0.6,1.3,0.6,0.1,0,1
60,49,1,0,0,0.3,0.1,0.1,0,1
60,54,20,0,2.9,3,1.1,0,0,1
60,58,17,0.6,2.8,3.5,1,0,0,1
60,69,2,0,0.1,0.6,0,0,0,1
60,78,1,0,0,0.2,0.2,0,0,1
60,79,62.5,0.8,0.8,11.5,11.4,0,0,1
60,80,2,0.1,0.2,0.5,0.1,0,0,1
60,93,2,0.1,0.6,0.2,0.1,0,0,1
60,95,2,0.1,0.6,0.2,0.1,0,0,1
60,96,2,0.1,0.6,0.2,0.1,0,0,1
60,159,13,0,2.1,2.5,0.7,0,0,1
60,160,40,0,5,8,0,0,0,0
60,161,1,0,0.2,0.1,0.1,0,0,1
60,162,1,0,0.2,0.1,0.1,0,0,1
60,163,62.5,0,4,16,1,0,0,0
60,164,40,0,8,7,0,0,0,0
60,165,29,0,4.2,5.1,0.9,0,0,1
60,166,3,0,0.5,0.5,0.1,0,0,1
60,185,15,1,0.8,1.3,3.3,0,0,1
60,186,5.5,0.3,0.3,0.5,1.2,0,0,1
60,190,11,0.2,1.4,2.5,0.5,0,0,1
60,191,68,1,2,4,15,1,0,0
60,192,37,3,3,7,6,0,0,0
60,193,12,0.3,1.5,2.8,0.5,0,0,1
60,194,15,0.3,1.9,3.4,0.7,0,0,1
60,195,15,0.4,3.6,2.2,0,0,0,1
60,212,10,0,1.2,2.7,0.4,0,0,1
60,213,44,1,4,12,0,0,0,0
60,214,14.5,0,1.8,3.9,0.6,0,0,1
60,215,28,0.5,7.3,3.2,0,0,0,1
60,216,22,0,8,3,0,0,0,0
60,217,4,0.1,1,0.5,0,0,0,1
60,228,2,0.1,0.1,0.4,0.3,0,0,1
60,229,3,0.2,0.2,0.6,0.4,0,0,1
60,230,5,0.3,0.5,0.7,0.6,0,0,1
60,231,3,0.2,0.3,0.4,0.3,0,0,1
60,235,3,0.2,0.8,0.1,0.3,0,0,1
60,236,6,0.4,1.7,0.2,0.6,0,0,1
60,240,16,0.3,0.4,3.1,1,0,0,1
60,241,38,0.8,0.8,7.4,2.4,0,0,1
60,242,16,0.3,0.4,3.1,1,0,0,1
60,244,6,0.1,0.1,1.2,0.4,0,0,1
60,245,6,0.3,1.3,0.7,0.3,0,0,1
60,246,2,0.1,0.4,0.3,0.1,0,0,1
60,248,10,0.5,2.1,1.1,0.6,0,0,1
60,249,2,0.1,0.4,0.3,0.1,0,0,1
60,252,4,0.1,0.6,0.5,0.6,0,0,1
61,4,39,0,0,14,0,0,0,0
61,5,38.5,0,0,14,0,0,0,0
61,7,3,0.6,0.2,0.6,0.1,0,0,1
61,9,7,1.4,0.5,1.4,0.2,0,0,1
61,10,2,0,0.1,0.6,0,0,0.2,1
61,25,1,0,0.2,0.2,0,0,0,1
61,26,5,0.2,0.8,0.7,0.2,0,0,1
61,53,42,0,0,17,0,0,0,0
61,54,58,0,12,9,0,0,0,0
61,56,5,0.2,0.8,1,0.3,0,0,1
61,57,21,0.8,3.5,4.3,1.1,0,0,1
61,58,40.5,3,4,6,3,0,0,0
61,59,68,0,9,14,0,0,0,0
61,60,10,0,0.3,3.2,0,0,0,1
61,75,2,0,0,0.4,0.4,0,0,1
61,96,5,0.3,1.5,0.4,0.2,0,0,1
61,128,2,0,0.1,0.6,0,0,0,1
61,129,1,0,0.1,0.3,0,0,0,1
61,160,1.5,0,0.2,0.2,0.2,0,0,1
61,161,7,0.2,1,1,0.7,0,0,1
61,162,69,0,1,26,1,0,25,0
61,163,73,0,0,24,2,0,0,0
61,164,52,0,0,19,0,0,0,0
61,165,48,0,3,15,0,0,0,0
61,166,26,0,3,8,0,0,0,0
61,167,5.5,0,0.8,1,0.1,0,0,1
61,191,74,3,0,4,28,0,0,0
61,192,100.5,1,10,13,18,0,0,0
61,193,6,0.1,0.7,1.4,0.3,0,0,1
61,195,3,0.1,0.7,0.4,0,0,0,1
61,206,4,0,1.1,0.4,0.4,0.2,0,1
61,212,4,0,0.5,1.1,0.1,0,0,1
61,213,6,0,0.7,1.6,0.3,0,0,1
61,216,24,0.4,6.3,2.7,0,0,0,1
61,230,12,0.7,1.2,1.6,1.4,0,0,1
61,231,12,0.7,1.2,1.6,1.4,0,0,1
61,232,40,1,2,5,7,0,0,0
61,233,35,1,1,11,0,0,0,0
61,234,31,1.8,3.3,4.1,3.6,0,0,1
61,235,2,0.1,0.6,0.1,0.2,0,0,1
61,236,2,0.1,0.6,0.1,0.2,0,0,1
61,245,12,0.6,2.5,1.3,0.7,0,0,1
61,246,25.5,1.3,5.3,2.8,1.5,0,0,1
61,247,11,0.6,2.3,1.2,0.6,0,0,1
61,248,21,1.1,4.4,2.3,1.2,0,0,1
61,249,2,0.1,0.4,0.3,0.1,0,0,1
61,250,4,0.1,0.6,0.5,0.6,0,0,1
61,251,18.5,0.2,2.7,2.5,2.9,0,0,1
61,252,10,0.1,1.5,1.3,1.6,0,0,1
62,4,78.5,0,0,30,0,0,0,0
62,5,150,0,0,52,0,0,20,0
62,6,52,1,2,15,0,0,0,0
62,7,11.5,2.3,0.8,2.3,0.3,0,0,1
62,9,6,1.2,0.4,1.2,0.2,0,0,1
62,10,113,1,1,30,1,0,0,0
62,11,7,0.1,0.3,2.1,0,0,0.7,1
62,24,2,0,0.2,0.4,0.1,0,0,1
62,53,38,3,7,8,0,0,0,0
62,54,86,3,19,8,0,0,0,0
62,55,11,0.4,1.8,2.3,0.6,0,0,1
62,56,59.5,1,11,10,4,0,0,0
62,57,114.5,5,11,9,25,1,0,0
62,58,79,1,9,14,4,0,0,0
62,59,74,0,11,20,0,0,0,0
62,60,24.5,0,0.8,7.7,0,0,0,1
62,70,1,0,0.2,0.2,0,0,0,1
62,71,10,0,1.5,1.9,0.1,0,0,1
62,72,33,0,5.1,6.2,0.3,0,0,1
62,73,5,0,0.8,1,0,0,0,1
62,74,4,0,0.6,0.8,0,0,0,1
62,95,6,0.4,1.8,0.5,0.2,0,0,1
62,96,1,0.1,0.3,0.1,0,0,0,1
62,105,2,0.1,0.2,0.4,0,0,0,1
62,113,3,0,0.2,1,0,0,0,1
62,161,10,0.3,1.5,1.4,0.9,0,0,1
62,162,2,0,0.3,0.3,0.2,0,0,1
62,163,14,0.4,2.1,1.9,1.4,0,0,1
62,164,36,1,3,7,9,2,0,0
62,165,3,0,0.5,0.5,0.1,0,0,1
62,180,11,0.7,0.6,1,2.4,0,0,1
62,181,6,0.4,0.3,0.6,1.3,0,0,1
62,190,2,0,0.2,0.5,0.1,0,0,1
62,191,22,0.5,2.8,5,1,0,0,1
62,192,33,1,3,7,1,0,0,0
62,193,23,0.5,2.9,5.3,1,0,0,1
62,206,3,0,0.9,0.3,0.3,0.1,0,1
62,216,12,0.2,3.1,1.4,0,0,0,1
62,217,4,0.1,1,0.5,0,0,0,1
62,218,2,0.1,0.5,0.2,0,0,0,1
62,219,10,0.2,2.6,1.1,0,0,0,1
62,229,9,0.7,0.7,1.7,1.1,0,0,1
62,230,13.5,0.8,1.4,1.8,1.6,0,0,1
62,231,38,2,6,8,0,0,0,0
62,232,58,1,1,4,24,0,0,0
62,233,63,1,0,14,11,0,0,0
62,234,4,0.2,0.4,0.5,0.5,0,0,1
62,235,3,0.2,0.8,0.1,0.3,0,0,1
62,236,11,0.7,3.1,0.4,1.1,0,0,1
62,241,5,0.1,0.1,1,0.3,0,0,1
62,243,6,0.1,0.1,1.2,0.4,0,0,1
62,244,3,0,0.1,0.6,0.2,0,0,1
62,246,3,0.2,0.6,0.3,0.2,0,0,1
62,247,11,0.6,2.3,1.2,0.6,0,0,1
62,248,2,0.1,0.4,0.3,0.1,0,0,1
62,249,8,0.4,1.7,0.9,0.4,0,0,1
62,250,8,0.1,1.2,1,1.3,0,0,1
62,251,10,0.1,1.5,1.3,1.6,0,0,1
63,1,3,0,0.4,0.6,0.3,0,0,1
63,2,4,0,0.5,0.8,0.4,0,0,1
63,3,1,0,0.1,0.2,0.1,0,0,1
63,4,134.5,1,19,27,0,0,19,0
63,5,236.5,0,0,84,0,0,40,0
63,6,3,0.6,0.2,0.6,0.1,0,0,1
63,7,4,0.8,0.3,0.8,0.1,0,0,1
63,8,69.5,0,1,24,2,0,0,0
63,9,98,1,2,32,1,0,8,0
63,10,151,0,2,46,0,0,0,0
63,11,85,0.9,3.6,25.3,0.9,0,9,1
63,17,3,0.1,0.2,0.1,0.7,0,0,1
63,20,19,0,7,0,4,1,0,0
63,21,6,0.1,0.7,1,0.4,0,0,1
63,29,9,0.3,1.4,1.3,0.3,0.1,0,1
63,30,16,0.5,1.1,2.3,1.1,0.2,0,1
63,31,19,0.5,1.4,2.7,1.3,0.3,0,1
63,40,1,0,0,0.3,0.1,0.1,0,1
63,53,14,0,2,2.1,0.8,0,0,1
63,54,70,5,9,14,1,0,0,0
63,55,31,3,4,4,4,0,0,0
63,56,156,3,10,12,49,0,0,0
63,57,242.5,1,7,12,95,0,0,0
63,58,43,0,8,8,1,0,0,0
63,59,100.5,0,8,25,0,0,0,0
63,60,17,0,0.6,5.3,0,0,0,1
63,62,3,0,0.1,0.9,0,0,0,1
63,70,16,0,2.5,3,0.1,0,0,1
63,71,74.5,1,13,12,2,0,0,0
63,72,81,0,5,8,23,0,0,0
63,73,9,0,1.4,1.7,0.1,0,0,1
63,160,8,0.2,1.2,1.1,0.8,0,0,1
63,161,10,0.3,1.5,1.4,0.9,0,0,1
63,163,29,0,2,3,6,0,0,0
63,164,26,0,1,5,7,0,0,0
63,166,4,0,0.6,0.7,0.1,0,0,1
63,181,18,1.2,0.9,1.6,4,0,0,1
63,182,16,1,0.8,1.5,3.5,0,0,1
63,191,19,0.4,2.4,4.4,0.8,0,0,1
63,192,28,0,10,5,0,0,0,0
63,193,12,0.3,1.5,2.8,0.5,0,0,1
63,205,2,0,0.6,0.2,0.2,0.1,0,1
63,206,1,0,0.3,0.1,0.1,0,0,1
63,207,3,0,0.9,0.3,0.3,0.1,0,1
63,216,2,0.1,0.5,0.2,0,0,0,1
63,217,4,0.1,1,0.5,0,0,0,1
63,218,10,0.2,2.6,1.1,0,0,0,1
63,219,4,0.1,1,0.5,0,0,0,1
63,223,6,0.2,0.5,1.4,0.1,0,0,1
63,224,10,0.2,0.9,2.3,0.2,0,0,1
63,225,1,0.1,0.1,0.2,0.1,0,0,1
63,227,5,0.4,0.4,0.9,0.6,0,0,1
63,229,7,0.5,0.5,1.3,0.9,0,0,1
63,230,8,0.5,0.8,1.1,0.9,0,0,1
63,233,2,0.1,0.2,0.3,0.2,0,0,1
63,234,3,0.2,0.3,0.4,0.3,0,0,1
63,235,9.5,0.6,2.7,0.4,0.9,0,0,1
63,236,3,0.2,0.8,0.1,0.3,0,0,1
63,240,1,0,0,0.2,0.1,0,0,1
63,243,2,0,0.1,0.4,0.1,0,0,1
63,245,6.5,0.3,1.4,0.7,0.4,0,0,1
63,246,3,0.2,0.6,0.3,0.2,0,0,1
63,247,10,0.5,2.1,1.1,0.6,0,0,1
63,249,4,0.2,0.8,0.5,0.2,0,0,1
64,0,21,0,2.8,4.2,2.1,0,0,1
64,1,1,0,0.1,0.2,0.1,0,0,1
64,4,57,0,10,16,1,0,0,0
64,5,75,0,30,5,0,0,0,0
64,7,77,0,1,20,0,0,0,0
64,8,81.5,2,6,22,1,0,0,0
64,9,180.5,0,0,52,0,0,0,0
64,10,231.5,0,0,70,0,1,0,0
64,11,145,0,1,38,0,0,0,0
64,15,1,0,0.1,0,0.3,0,0,1
64,18,4,0.1,0.2,0.1,1,0,0,1
64,19,6,0.2,0.3,0.2,1.4,0,0,1
64,20,7,0.1,0.8,1.2,0.5,0,0,1
64,29,18,0.6,2.8,2.6,0.6,0.2,0,1
64,30,102,2,2,24,16,0,0,0
64,31,151,1,1,48,5,0,34,0
64,32,6,0.2,0.4,0.8,0.4,0.1,0,1
64,40,4,0,0.2,1.1,0.5,0.2,0,1
64,42,45,0,0,25,0,1,0,0
64,43,67.5,0,0,38,0,0,0,0
64,54,66.5,1,3,18,4,1,0,0
64,55,116,2,8,21,10,0,20,0
64,56,232,4,14,42,62,0,20,0
64,57,288.5,3,20,18,101,0,0,0
64,58,38,5,2,9,1,0,0,0
64,59,86,0,15,19,0,0,0,0
64,63,4,0,0.1,1.3,0,0,0,1
64,70,24.5,0,3.8,4.6,0.2,0,0,1
64,71,10,0,1.5,1.9,0.1,0,0,1
64,72,4,0,0.6,0.8,0,0,0,1
64,95,1,0.1,0.3,0.1,0,0,0,1
64,97,5,0.3,1.5,0.4,0.2,0,0,1
64,111,2,0,0.1,0.7,0,0,0,1
64,112,1,0,0.1,0.3,0,0,0,1
64,113,21,0,1.6,7,0,0,0,1
64,162,10,0.3,1.5,1.4,0.9,0,0,1
64,163,8,0.2,1.2,1.1,0.8,0,0,1
64,164,31.5,0,1,10,0,0,0,0
64,165,6,0,0.9,1,0.2,0,0,1
64,190,5,0.1,0.6,1.2,0.2,0,0,1
64,191,35,1,4,8,0,0,0,0
64,192,8,0.2,1,1.8,0.4,0,0,1
64,206,2,0,0.6,0.2,0.2,0.1,0,1
64,207,2,0,0.6,0.2,0.2,0.1,0,1
64,208,1,0,0.3,0.1,0.1,0,0,1
64,218,3,0.1,0.8,0.3,0,0,0,1
64,226,2,0.1,0.1,0.4,0.3,0,0,1
64,228,2,0.1,0.1,0.4,0.3,0,0,1
64,229,23,1.7,1.7,4.2,3,0,0,1
64,230,8,0.5,0.8,1.1,0.9,0,0,1
64,234,3,0.2,0.3,0.4,0.3,0,0,1
64,235,5.5,0.3,1.5,0.2,0.6,0,0,1
64,238,5,0.3,1.4,0.2,0.5,0,0,1
64,246,3,0.2,0.6,0.3,0.2,0,0,1
64,247,33,1.7,6.9,3.6,1.9,0,0,1
64,248,10,0.5,2.1,1.1,0.6,0,0,1
64,249,7,0.4,1.4,0.8,0.4,0,0,1
64,250,5,0.1,0.7,0.7,0.8,0,0,1
64,251,5,0.1,0.7,0.7,0.8,0,0,1
64,254,3,0.1,0.4,0.4,0.5,0,0,1
65,0,93,0,23,16,0,0,0,0
65,1,94,1,17,19,4,0,0,0
65,2,61.5,0,21,2,2,0,0,0
65,3,61,1,9,19,0,0,0,0
65,4,124,0,33,13,0,0,0,0
65,5,80,0,37,0,0,0,0,0
65,6,13,0.9,1.8,1.9,0,0,0,1
65,7,31,2.3,4.2,4.5,0,0,0,1
65,8,21,1.5,2.8,3.1,0,0,0,1
65,9,185,0,0,89,0,0,11,0
65,10,129,0,3,36,0,0,0,0
65,11,68,0,1,16,0,2,0,0
65,12,2,0.1,0.4,0.1,0,0,0,1
65,29,1,0,0.1,0.3,0,0,0,1
65,30,51,0,6,14,0,0,0,0
65,31,88.5,1,7,7,27,0,0,0
65,32,75,2,11,8,11,0,0,0
65,33,31.5,0,7,3,0,1,0,0
65,45,1,0,0,0.3,0.1,0.1,0,1
65,54,4,0,0.6,0.6,0.2,0,0,1
65,55,49.5,0,2,16,0,0,4,0
65,56,85,0,21,14,0,0,0,0
65,57,63,0,3,11,15,0,0,0
65,58,132,2,6,37,15,0,0,0
65,59,87,1,10,17,0,0,0,0
65,60,19,0,3.3,4.4,0,0,0,1
65,61,6,0,1,1.4,0,0,0,1
65,80,2,0.1,0.2,0.5,0.1,0,0,1
65,94,2,0.1,0.6,0.2,0.1,0,0,1
65,97,2,0.3,0.5,0,0.1,0,0,1
65,108,2,0.1,0.2,0.4,0,0,0,1
65,111,3,0,0.8,0.4,0,0,0,1
65,112,12,0,3,1.8,0,0,0,1
65,113,35,0,9,5,0,0,0,0
65,114,8,0,2,1.2,0,0,0,1
65,115,31,0,4,7,0,0,0,0
65,116,21,0,4,4.7,0,0,0,1
65,117,7,0,1.3,1.6,0,0,0,1
65,162,14,0,2,2.5,0.4,0,0,1
65,179,2,0.1,0.1,0.5,0.1,0,0,1
65,191,16,0.4,3.9,2.3,0,0,0,1
65,192,6,0.1,1.5,0.9,0,0,0,1
65,197,7,0.1,1.1,1.4,0.1,0,0,1
65,208,2,0,0.6,0.2,0.2,0.1,0,1
65,218,10,0,1.2,2.7,0.4,0,0,1
65,219,2,0,0.3,0.5,0.1,0,0,1
65,227,5,0.1,0.5,1.1,0.1,0,0,1
65,228,2,0,0.2,0.5,0,0,0,1
65,229,14,0.4,1.2,3.2,0.3,0,0,1
65,233,4,0.1,0.7,0.2,0.6,0,0,1
65,234,10,0.4,1.8,0.4,1.5,0,0,1
65,248,14,0.4,3.1,1.1,2.3,0,0,1
65,249,6,0.2,1.3,0.5,1,0,0,1
65,250,17,0.4,4,1.7,2.1,0.2,0,1
66,0,197,6,23,20,52,0,0,0
66,1,142.5,1,6,24,41,1,0,0
66,2,243.5,1,10,43,36,0,35,0
66,3,85,2,13,25,4,0,0,0
66,4,29,0.6,8.1,3.5,0,0,0,1
66,6,6,0.4,0.8,0.9,0,0,0,1
66,8,9,0.7,1.2,1.3,0,0,0,1
66,9,7,0.5,1,1,0,0,0,1
66,10,5,0.3,1.1,0.2,0,0,0,1
66,11,3,0.2,0.6,0.1,0,0,0,1
66,12,7,0.4,1.5,0.3,0,0,0,1
66,20,13,0.3,1.4,2.3,0.8,0,0,1
66,29,2,0,0.2,0.5,0.1,0,0,1
66,30,78.5,0,7,20,1,1,0,0
66,31,97,2,8,12,18,1,0,0
66,32,48,2,5,8,5,0,0,0
66,33,54,0,11,9,0,1,0,0
66,34,18,0,3.6,2.6,0,0.2,0,1
66,42,6,0,0.3,1.6,0.8,0.3,0,1
66,43,7,0,0.3,1.9,1,0.3,0,1
66,51,7,0,1,1.1,0.4,0,0,1
66,54,1,0,0.1,0.2,0.1,0,0,1
66,55,34,0,0,9.7,0.5,0,0,1
66,56,127,0,4,45,0,0,0,0
66,57,102.5,1,1,33,2,0,0,0
66,58,146.5,1,7,58,9,0,18,0
66,59,93,1,27,9,0,0,0,0
66,60,71,0,25,2,0,0,0,0
66,62,2,0,0.3,0.5,0,0,0,1
66,111,1,0,0.3,0.1,0,0,0,1
66,112,38,0,8,8,0,0,0,0
66,113,79,2,7,7,17,0,0,0
66,114,71,4,7,15,6,0,0,0
66,115,59,1,12,11,3,0,0,0
66,116,46,0,9,7,0,0,0,0
66,117,72,0,11,16,0,0,0,0
66,118,9,0,1.7,2,0,0,0,1
66,188,2,0.1,0.1,0.2,0.5,0,0,1
66,189,1,0.1,0,0.1,0.2,0,0,1
66,191,1,0,0.2,0.2,0,0,0,1
66,196,23,0.4,3.5,4.7,0.2,0,0,1
66,197,9,0.2,1.4,1.8,0.1,0,0,1
66,219,2,0,0.3,0.5,0.1,0,0,1
66,233,3,0.1,0.6,0.1,0.4,0,0,1
66,234,10,0.4,1.8,0.4,1.5,0,0,1
66,239,15,0,1.3,3.1,0,0.2,0,1
66,240,15,0,0.4,4.5,0.2,0,0,1
66,247,4,0.1,0.9,0.3,0.7,0,0,1
66,248,4,0.1,0.9,0.3,0.7,0,0,1
66,249,6,0.2,1.3,0.5,1,0,0,1
66,250,34,3,6,2,3,0,0,0
66,251,4,0.1,0.9,0.4,0.5,0.1,0,1
67,0,284,0,7,10,116,0,0,0
67,1,420.5,4,6,21,157,3,1,0
67,2,94,3,10,7,26,0,0,0
67,3,72,0,9,12,3,0,0,0
67,9,4,0.3,0.5,0.6,0,0,0,1
67,10,4,0.2,0.9,0.2,0,0,0,1
67,11,6,0.4,1.3,0.2,0,0,0,1
67,16,1,0,0.1,0,0.3,0,0,1
67,21,9,0.2,1,1.5,0.6,0,0,1
67,28,29,0,2.8,7.7,0.5,0,0,1
67,29,68,1,10,17,0,1,0,0
67,30,50,2,9,10,0,0,0,0
67,31,58,0,12,10,0,1,0,0
67,32,73,1,10,15,0,0,0,0
67,33,90,0,16,14,0,1,0,0
67,34,17,0,3.3,2.5,0,0.2,0,1
67,38,5,0.1,0.4,0.7,0.3,0.1,0,1
67,43,2,0,0.1,0.5,0.3,0.1,0,1
67,50,8,0,1.2,1.2,0.4,0,0,1
67,55,45,0,0,15,0,0,0,0
67,56,204.5,0,0,76,0,0,17,0
67,57,173.5,0,0,64,0,1,24,0
67,58,101.5,0,1,44,0,0,0,0
67,59,103.5,5,27,10,1,0,0,0
67,60,25,0,4.3,5.8,0,0,0,1
67,70,2,0,0,0.4,0.4,0,0,1
67,72,4,0.1,0.1,0.7,0.7,0,0,1
67,97,3,0.4,0.9,0,0.1,0,0,1
67,98,6,0.9,1.7,0,0.2,0,0,1
67,112,26,0,6,4,2,0,0,0
67,113,197.5,6,7,15,62,1,0,0
67,114,45,0,2,6,11,0,0,0
67,115,67,0,3,22,0,0,0,0
67,116,73.5,1,11,17,0,0,0,0
67,117,12,0,2.3,2.7,0,0,0,1
67,123,32,0,0.7,10,0,0,0,1
67,124,80,0,0,26,1,0,15,0
67,188,3,0.2,0.1,0.3,0.7,0,0,1
67,195,2,0.1,0.3,0.4,0,0,0,1
67,196,2,0.1,0.3,0.4,0,0,0,1
67,197,1,0,0.2,0.2,0,0,0,1
67,198,21,0.4,3.2,4.3,0.2,0,0,1
67,199,7,0.1,1.1,1.4,0.1,0,0,1
67,238,28,0,2.5,5.7,0,0.4,0,1
67,239,46,0,10,8,0,0,0,0
67,240,12,0,0.3,3.6,0.2,0,0,1
67,241,15,0,0.4,4.5,0.2,0,0,1
67,245,2,0.1,0.4,0.2,0.3,0,0,1
67,246,6,0.2,1.3,0.5,1,0,0,1
67,247,1,0,0.2,0.1,0.2,0,0,1
67,249,1,0,0.2,0.1,0.2,0,0,1
67,250,8,0.2,1.9,0.8,1,0.1,0,1
67,251,1,0,0.3,0.1,0.1,0,0,1
68,0,52,1,10,4,7,0,0,0
68,1,58,0,2,18,14,0,17,0
68,2,64,0,8,9,4,0,0,0
68,3,5,0.1,1.4,0.6,0,0,0,1
68,12,12,0.7,2.6,0.5,0,0,0,1
68,13,8,0.5,1.7,0.3,0,0,0,1
68,16,7,0.2,0.4,0.2,1.7,0,0,1
68,17,6,0.2,0.3,0.2,1.4,0,0,1
68,21,5,0.1,0.5,0.9,0.3,0,0,1
68,28,2,0,0.2,0.5,0.1,0,0,1
68,29,82.5,1,3,27,0,0,0,0
68,30,54,0,12,5,0,0,0,0
68,31,20,0,3.9,2.9,0,0.3,0,1
68,32,29,0,5,6,0,0,0,0
68,33,61,1,7,14,0,0,0,0
68,34,4,0,0.8,0.6,0,0,0,1
68,55,6,0,0,1.7,0.1,0,0,1
68,56,29.5,0,0,12,0,0,0,0
68,57,144.5,0,0,45,0,0,0,0
68,58,114,0,8,34,0,0,0,0
68,59,131.5,0,19,30,0,0,0,0
68,60,63.5,0,8,18,0,0,0,0
68,70,2,0,0,0.4,0.4,0,0,1
68,72,3,0,0,0.6,0.6,0,0,1
68,79,21,0,3.2,5.7,0,0,0,1
68,82,1,0,0.1,0.2,0.1,0,0,1
68,98,6,0.9,1.7,0,0.2,0,0,1
68,111,5,0,1.3,0.7,0,0,0,1
68,112,101,0,31,9,0,0,0,0
68,113,38.5,0,3,13,0,0,0,0
68,114,125,3,11,33,0,0,0,0
68,115,103.5,1,6,25,0,0,0,0
68,116,33,0,3,8,0,0,0,0
68,123,9,0,0.2,2.8,0,0,0,1
68,124,87.5,0,2,26,0,0,0,0
68,125,83,0,1,28,0,0,0,0
68,126,8,0,0.5,2.5,0,0,0,1
68,161,4,0,0.6,0.7,0.1,0,0,1
68,172,4,0.1,0.3,0.9,0.3,0,0,1
68,173,22,0.6,1.6,5.1,1.6,0,0,1
68,174,7,0.2,0.5,1.6,0.5,0,0,1
68,175,3,0.1,0.2,0.7,0.2,0,0,1
68,198,21,0.4,3.2,4.3,0.2,0,0,1
68,199,14,0.3,2.1,2.9,0.1,0,0,1
68,200,20,1.8,1.8,2.3,2.3,0,0,1
68,201,14,1.2,1.2,1.7,1.7,0,0,1
68,227,2,0,0.2,0.5,0,0,0,1
68,238,19,0,1.7,3.9,0,0.3,0,1
68,239,38,0,4,9,0,0,0,0
68,240,48,0,0,15,0,2,0,0
68,241,14,0,0.4,4.2,0.2,0,0,1
68,245,2,0.1,0.4,0.2,0.3,0,0,1
68,246,3,0.1,0.7,0.2,0.5,0,0,1
68,247,6,0.2,1.3,0.5,1,0,0,1
68,249,1,0,0.2,0.1,0.2,0,0,1
68,250,13,0.3,3.1,1.3,1.6,0.1,0,1
68,251,85,0,33,1,0,0,0,0
68,252,48,0,18,0,0,0,0,0
69,0,8,0.2,2.2,1,0,0,0,1
69,1,8,0.2,2.2,1,0,0,0,1
69,2,30,0,1,10,0,0,0,0
69,5,3,0.2,0.4,0.5,0,0,0,1
69,9,2,0.1,0.3,0.3,0,0,0,1
69,10,4,0.2,0.9,0.2,0,0,0,1
69,16,6,0.2,0.3,0.2,1.4,0,0,1
69,29,18.5,0,1.8,4.9,0.3,0,0,1
69,33,17,0,3.3,2.5,0,0.2,0,1
69,37,9,0.3,0.6,1.3,0.6,0.1,0,1
69,39,6,0.2,0.4,0.8,0.4,0.1,0,1
69,55,11,0,0,3.1,0.2,0,0,1
69,57,19,0,0,5.4,0.3,0,0,1
69,58,97,0,2,35,0,0,0,0
69,59,147.5,0,13,37,0,0,0,0
69,60,78,0,12,14,1,0,0,0
69,78,12,0,1.8,3.3,0,0,0,1
69,79,61,0,10,14,0,0,0,0
69,80,25,1,3,2,6,0,0,0
69,81,21,0.7,2,5.2,1.3,0,0,1
69,82,6,0.2,0.5,1.5,0.4,0,0,1
69,93,1,0.1,0.3,0.1,0,0,0,1
69,98,9,1.3,2.6,0,0.3,0,0,1
69,99,2,0.3,0.5,0,0.1,0,0,1
69,112,42.5,0,9,5,0,0,0,0
69,113,19,0,4.7,2.8,0,0,0,1
69,114,50,0,1,15,0,0,0,0
69,115,84,0,10,20,0,0,0,0
69,116,4,0,0.8,0.9,0,0,0,1
69,122,4,0,0.1,1.2,0,0,0,1
69,123,39,0,6,8,3,0,0,0
69,124,43,2,8,4,3,0,0,0
69,125,55.5,1,10,12,1,0,0,0
69,126,29,0,1.7,9.1,0,0,0,1
69,130,3,0,0.2,0.9,0,0,0,1
69,131,8,0,0.5,2.5,0,0,0,1
69,150,1,0,0.2,0.2,0,0,0,1
69,171,17,0.5,1.2,4,1.2,0,0,1
69,172,91,0,3,26,0,0,0,0
69,173,64,2,12,4,10,0,0,0
69,174,8,0.2,0.6,1.8,0.6,0,0,1
69,175,6,0.2,0.4,1.4,0.4,0,0,1
69,198,5,0.1,0.8,1,0,0,0,1
69,199,35,0,3,8,0,0,0,0
69,200,32,1,6,4,3,0,0,0
69,201,49,1,1,5,12,0,0,0
69,202,39,0,2,11,0,0,0,0
69,209,8,0,2.3,0.9,0.8,0.3,0,1
69,225,21,0.5,1.9,4.8,0.5,0,0,1
69,226,15.5,0.4,1.4,3.5,0.4,0,0,1
69,227,4,0.1,0.4,0.9,0.1,0,0,1
69,238,6,0,0.5,1.3,0,0.1,0,1
69,239,37.5,0,2,11,1,0,0,0
69,240,55,2,6,14,0,0,0,0
69,241,11,0,0.3,3.3,0.2,0,0,1
69,247,3,0.1,0.7,0.2,0.5,0,0,1
69,248,4,0.1,0.9,0.3,0.7,0,0,1
69,249,10,0.3,2.2,0.8,1.6,0,0,1
69,250,19,0.4,4.5,1.9,2.4,0.2,0,1
69,251,9,0.2,2.1,0.9,1.1,0.1,0,1
69,253,15,0.3,3.5,1.5,1.9,0.2,0,1
69,254,3,0.1,0.7,0.3,0.4,0,0,1
69,255,4,0.1,0.6,0.5,0.6,0,0,1
70,1,4,0,1,0.6,0.3,0,0,1
70,6,1,0,0.2,0.2,0.1,0,0,1
70,23,2,0.1,0.1,0.3,0,0.1,0,1
70,24,5,0.3,0.1,0.8,0.1,0.1,0,1
70,28,2,0,0.4,0.3,0.1,0,0,1
70,29,2,0,0.4,0.3,0.1,0,0,1
70,34,4,0.1,0.4,1.3,0,0,0,1
70,35,38.5,0,0,10.5,0.8,0,0,1
70,38,7,0,0,1.9,0.2,0,0,1
70,42,7,0.1,0.2,1.1,0.7,0,0,1
70,50,4,0,0.6,0.8,0.1,0,0,1
70,51,10.5,0,1.6,2,0.4,0,0,1
70,52,72,0,1,23,0,0,0,0
70,53,115.5,3,6,32,0,0,6,0
70,54,71,0,1,22,0,0,0,0
70,55,20,0,1.9,4.3,0.5,0,0,1
70,63,2,0,0.3,0.4,0,0,0,1
70,74,14,0.8,0,3.1,0.8,0,0,1
70,77,22,1.5,1.9,4.2,0.7,0,0,1
70,78,7,0.5,0.6,1.3,0.3,0,0,1
70,79,34,2,8,3,1,1,0,0
70,80,214,3,9,18,67,1,0,0
70,81,103,0,3,27,2,0,0,0
70,82,26,0,1,8.8,1,0,0,1
70,91,3,0.1,0.2,0.1,0.8,0,0,1
70,99,3,0.1,0.2,0.1,0.8,0,0,1
70,114,7,0,0.1,2.2,0,0,0,1
70,115,20,0,0.3,6.2,0,0,0,1
70,123,58,0,5,13,2,0,0,0
70,124,103,0,8,22,17,0,0,0
70,125,163.5,0,6,10,64,1,0,0
70,126,30.5,0,2.7,6.6,0,0,0,1
70,127,6,0,0.5,1.3,0,0,0,1
70,130,12,0,0.5,3.4,0.2,0,0,1
70,131,3,0,0.1,0.9,0,0,0,1
70,136,2,0.1,0.2,0.4,0.1,0,0,1
70,137,6,0.2,0.5,1.3,0.3,0,0,1
70,171,22,0.9,2,2.6,4.3,0,0,1
70,172,58,0,5,9,6,0,0,0
70,173,271,0,12,32,76,0,7,0
70,174,23,0.9,2.1,2.7,4.6,0,0,1
70,183,4,0.1,0.7,0.6,0.3,0,0,1
70,192,5,0,0.8,0.4,1.2,0,0,1
70,193,2,0,0.3,0.2,0.5,0,0,1
70,196,7,0.2,0.2,1.9,0.8,0,0,1
70,197,2,0,0.1,0.6,0.2,0,0,1
70,198,17,0.4,0.4,4.7,2,0,0,1
70,199,17,0.4,0.4,4.7,2,0,0,1
70,200,9,0.1,0.8,1.7,1.1,0,0,1
70,201,6,0.1,0.5,1.1,0.7,0,0,1
70,202,17,0.3,1.4,3.2,2,0,0,1
70,208,5.5,0.1,0.5,1.2,0.6,0,0,1
70,209,33,0,4,10,0,0,0,0
70,210,33,0,3,8,0,0,0,0
70,212,2,0,0.1,0.7,0,0,0,1
70,225,30.5,0,1,11,0,0,0,0
70,226,24,0,3,8,0,0,0,0
70,227,13,0.3,1.7,2.8,0.4,0,0,1
70,228,2,0,0.3,0.4,0.1,0,0,1
70,239,31,1.3,1.9,4.4,7,0,0,1
70,240,44,3,7,2,11,0,0,0
70,241,27,0,3.7,4.4,3.6,0,0,1
70,245,3,0,0.8,0.4,0.2,0,0,1
70,246,3,0,0.8,0.4,0.2,0,0,1
70,251,19,0,3.3,2.3,1.7,0.1,0,1
70,252,19,0,3.3,2.3,1.7,0.1,0,1
70,253,1,0,0.2,0.1,0.1,0,0,1
70,255,2,0.1,0.3,0.3,0.3,0,0,1
71,0,6,0,1.5,0.9,0.4,0,0,1
71,1,6,0,1.5,0.9,0.4,0,0,1
71,12,5,0.5,0.3,0.6,0.5,0,0,1
71,13,1,0.1,0.1,0.1,0.1,0,0,1
71,23,7,0.3,0.2,1,0.2,0.2,0,1
71,24,6,0.3,0.1,0.9,0.1,0.2,0,1
71,32,41.5,1.5,4.4,13.2,0,0,0,1
71,33,87,11,2,16,5,0,0,0
71,34,99,3,24,17,1,0,0,0
71,35,60.5,0,9,22,0,0,11,0
71,51,31.5,0,4.8,5.9,1.2,0,0,1
71,52,99.5,1,9,16,12,0,0,0
71,53,26,0,5,6,0,0,0,0
71,73,3,0.2,0,0.6,0.2,0,0,1
71,78,24,1.7,2.1,4.5,0.8,0,0,1
71,79,41,0,5,11,0,0,0,0
71,80,7,0,0.3,2.4,0.2,0,0,1
71,81,62,0,7,13,2,0,0,0
71,82,2,0,0.1,0.7,0,0,0,1
71,105,2,0,0.1,0.5,0.1,0,0,1
71,123,3,0,0.4,0.6,0,0,0,1
71,124,65,2,10,12,1,0,0,0
71,125,34,0,5,6,6,0,0,0
71,126,36.5,0,6,5,2,0,0,0
71,127,31,0,2.8,6.7,0,0,0,1
71,128,2,0,0.2,0.4,0,0,0,1
71,129,7,0,0.6,1.5,0,0,0,1
71,130,15,0,0.6,4.3,0.2,0,0,1
71,131,52,1,2,4,16,0,0,0
71,132,6,0,0.2,1.7,0.1,0,0,1
71,136,7,0.2,0.6,1.6,0.3,0,0,1
71,170,2,0.1,0.2,0.2,0.4,0,0,1
71,171,16,0.6,1.5,1.9,3.2,0,0,1
71,172,38,0,2,1,14,0,0,0
71,173,12,0.5,1.1,1.4,2.4,0,0,1
71,181,1,0,0.2,0.1,0.1,0,0,1
71,186,6,0,1.1,1.1,0.8,0,0,1
71,192,5,0,0.8,0.4,1.2,0,0,1
71,194,1,0,0.2,0.1,0.2,0,0,1
71,207,8,0.1,0.7,1.7,0.9,0,0,1
71,208,28,0,4,7,0,0,0,0
71,209,17,0.2,1.6,3.6,1.9,0,0,1
71,210,41,0,7,8,0,0,0,0
71,211,2,0,0.1,0.7,0,0,0,1
71,222,4,0,0.2,1.3,0.1,0,0,1
71,224,13.5,0,0.6,4.2,0.5,0,0,1
71,225,9,0.2,1.2,2,0.2,0,0,1
71,226,18,0.4,2.4,3.9,0.5,0,0,1
71,227,8,0.2,1.1,1.7,0.2,0,0,1
71,228,9,0.2,1.2,2,0.2,0,0,1
71,240,10,0,1.4,1.6,1.3,0,0,1
71,245,2,0,0.5,0.2,0.2,0,0,1
71,247,22,0,5.7,2.7,1.7,0,0,1
71,248,47,1,11,7,3,0,0,0
71,249,40,0,2,12,1,0,0,0
71,250,2,0,0.4,0.2,0.2,0,0,1
71,251,2,0,0.4,0.2,0.2,0,0,1
71,252,9,0,1.6,1.1,0.8,0,0,1
71,253,8,0,1.4,1,0.7,0,0,1
71,255,5,0.2,0.7,0.9,0.7,0,0,1
72,1,4,0,1,0.6,0.3,0,0,1
72,2,5,0,1.2,0.8,0.3,0,0,1
72,5,2,0,0.5,0.3,0.1,0,0,1
72,9,3,0,0.7,0.5,0.2,0,0,1
72,15,7,0,0.2,0.2,2.2,0,0,1
72,24,25,0,4,6,1,0,0,0
72,25,29.5,0,6.3,3.9,1.6,0,0,1
72,26,4,0,0.9,0.5,0.2,0,0,1
72,27,133.5,5,6,14,37,1,0,0
72,28,134.5,2,13,15,24,0,0,0
72,29,62.5,0,7,14,0,1,0,0
72,31,11,0.4,1.2,3.5,0,0,0,1
72,32,90,0,22,19,0,0,0,0
72,33,163,8,34,8,18,0,22,0
72,34,97,25,8,11,0,0,0,0
72,35,88,0,12,23,0,0,31,0
72,52,7,0,1,1.3,0.3,0,0,1
72,81,4,0,0.2,1.4,0.1,0,0,1
72,103,4,0,1.4,0.4,0.1,0,0,1
72,104,11,0,4,1,0.3,0,0,1
72,105,29,0,3,10,0,0,0,0
72,124,37,0,3,10,0,0,0,0
72,125,36,0,3,10,5,0,0,0
72,126,45.5,0,1,10,4,0,0,0
72,128,23,0,2,5,0,0,0,1
72,129,83,0,2,27,0,0,0,0
72,130,75.5,1,6,21,1,0,0,0
72,131,137,0,17,12,27,0,0,0
72,132,52.5,0,2,9,10,0,0,0
72,134,3,0,0.1,0.9,0,0,0,1
72,135,4,0.1,0.3,0.9,0.2,0,0,1
72,136,12,0.4,1,2.7,0.5,0,0,1
72,137,65.5,3,0,8,21,0,0,0
72,138,9,0.2,0.8,2,0.4,0,0,1
72,163,5,0,0,1.3,0.3,0,0,1
72,169,10,1.4,1.5,1.5,0.6,0,0,1
72,170,1,0,0.1,0.1,0.2,0,0,1
72,180,2,0,0.4,0.3,0.2,0,0,1
72,181,2,0,0.4,0.3,0.2,0,0,1
72,182,46,0,1,15,0,0,0,0
72,185,2,0,0.3,0.4,0.3,0,0,1
72,186,4,0,0.7,0.7,0.6,0,0,1
72,192,5,0,0.8,0.4,1.2,0,0,1
72,193,1,0,0.2,0.1,0.2,0,0,1
72,204,6,0.1,0.5,1.1,0.7,0,0,1
72,207,5,0,0.5,1.1,0.5,0,0,1
72,208,77.5,0,3,8,23,0,0,0
72,209,25,0.2,2.3,5.4,2.8,0,0,1
72,210,19,0,1.1,6.7,0,0,0,1
72,215,3,0.1,0.4,0.8,0.1,0.1,0,1
72,223,24,0,1.1,7.5,0.8,0,0,1
72,224,43,0,1,12,0,0,0,0
72,225,82,1,3,7,21,0,0,0
72,226,21,0.5,2.7,4.6,0.6,0,0,1
72,227,17,0.4,2.2,3.7,0.5,0,0,1
72,228,29,0,7,4,2,0,0,0
72,229,4,0.1,0.5,0.9,0.1,0,0,1
72,245,6,0,1.5,0.7,0.5,0,0,1
72,246,15.5,0,4,1.9,1.2,0,0,1
72,247,56,1,4,1,19,0,0,0
72,248,61,3,7,11,1,0,0,0
72,249,51,2,13,7,0,0,0,0
72,250,30,1,5,5,1,0,0,0
72,251,17,0,3,2,1.5,0.1,0,1
72,252,7,0,1.2,0.9,0.6,0,0,1
72,254,3,0,0.5,0.4,0.3,0,0,1
73,13,3,0.3,0.2,0.4,0.3,0,0,1
73,15,13,0,0.3,0.3,4.2,0,0,1
73,16,2,0,0,0.1,0.6,0,0,1
73,17,19,0,0.5,0.5,6,0,0,1
73,21,3,0.1,0.1,0.4,0.1,0.1,0,1
73,22,14,0.7,0.3,2.1,0.3,0.4,0,1
73,23,76,0,8,20,0,0,0,0
73,24,124,5,13,19,8,1,0,0
73,25,84,5,12,8,10,0,0,0
73,26,133,4,14,17,31,0,0,0
73,27,83.5,4,4,15,19,0,0,0
73,28,161,5,13,22,29,0,0,0
73,29,38,2,16,1,0,0,0,0
73,30,77.5,0,15,15,6,0,0,0
73,31,137.5,1,17,36,10,0,30,0
73,32,155.5,3,17,25,26,0,0,0
73,33,185,3,10,27,54,1,0,0
73,34,134,22,6,18,4,0,0,0
73,35,60,0,20,1,0,0,0,0
73,79,2,0.1,0.2,0.4,0.1,0,0,1
73,80,4,0,0.2,1.4,0.1,0,0,1
73,81,10,0,0.4,3.4,0.4,0,0,1
73,100,1,0,0.4,0.1,0,0,0,1
73,102,2,0,0.7,0.2,0.1,0,0,1
73,104,54.5,2,20,1,0,0,0,0
73,105,86.5,6,10,11,6,0,0,0
73,106,25,0,1.2,6.6,0.8,0,0,1
73,123,6,0,0.7,1.3,0,0,0,1
73,124,28,0,3.5,5.8,0,0,0,1
73,125,56,0,5,10,2,0,0,0
73,126,25,0,2.2,5.4,0,0,0,1
73,130,13.5,0,0.6,3.8,0.2,0,0,1
73,131,66.5,0,8,14,0,0,0,0
73,132,54,0,4,17,0,0,0,0
73,133,7,0,0.3,2,0.1,0,0,1
73,136,2,0.1,0.2,0.4,0.1,0,0,1
73,137,68,1,4,18,4,1,0,0
73,138,54,0,7,12,2,0,0,0
73,139,29,0.8,2.5,6.5,1.2,0,0,1
73,140,5,0,0.4,1.2,0,0,0,1
73,159,3,0,0.5,0.6,0.1,0,0,1
73,161,7,0,0,1.9,0.4,0,0,1
73,162,52.5,0,1,7,7,1,0,0
73,168,4,0.6,0.6,0.6,0.2,0,0,1
73,181,9,0.2,1.6,1.4,0.7,0,0,1
73,182,35,0,6,5,5,0,0,0
73,183,43,1,2,6,9,0,0,0
73,184,22,0.5,4.1,3.3,1.7,0,0,1
73,186,9,0,1.6,1.6,1.3,0,0,1
73,191,4,0,0.6,0.3,1,0,0,1
73,207,2,0,0.2,0.5,0.2,0,0,1
73,208,24,0.2,2.2,5.2,2.7,0,0,1
73,209,21,0.2,2,4.5,2.3,0,0,1
73,210,9,0,0.5,3.2,0,0,0,1
73,211,2,0,0.1,0.7,0,0,0,1
73,223,33.5,1,2,9,2,0,0,0
73,224,20,0,0.9,6.2,0.7,0,0,1
73,225,15,0.3,2,3.3,0.4,0,0,1
73,226,16,0.4,2.1,3.5,0.4,0,0,1
73,227,10,0.2,1.3,2.2,0.3,0,0,1
73,228,32,0,10,6,0,0,0,0
73,229,6.5,0.1,0.9,1.4,0.2,0,0,1
73,245,2,0,0.5,0.2,0.2,0,0,1
73,246,17,0,4.4,2.1,1.3,0,0,1
73,247,46,0,6,13,0,0,0,0
73,248,40,1,12,4,0,0,0,0
73,249,31,1,10,3,1,0,0,0
73,250,31.5,0,5.5,3.8,2.8,0.2,0,1
73,251,16,0,2.8,1.9,1.4,0.1,0,1
74,5,1,0,0.2,0.2,0.1,0,0,1
74,10,1,0.1,0.1,0.1,0.1,0,0,1
74,12,9,1,0.5,1,1,0,0,1
74,22,3,0.1,0.1,0.4,0.1,0.1,0,1
74,23,85,5,22,10,0,0,0,0
74,24,70,4,8,8,12,0,0,0
74,25,112.5,8,13,22,3,0,0,0
74,26,106,4,32,8,0,0,0,0
74,27,136.5,8,24,20,1,2,0,0
74,28,90.5,0,26,8,0,0,0,0
74,29,127,2,34,10,2,0,1,0
74,30,104,0,15,23,0,1,0,0
74,31,163,2,19,32,10,2,0,0
74,32,96,6,1,12,23,2,0,0
74,33,253.5,3,12,19,89,0,0,0
74,34,151,7,12,13,37,0,0,0
74,35,67,3,8,18,0,1,0,0
74,36,54,0,12,10,0,0,0,0
74,39,2,0,0,0.6,0,0,0,1
74,62,8,0,1.2,1.6,0.2,0,0,1
74,78,3,0.2,0.2,0.6,0.1,0,0,1
74,79,29,0,0,10,1,0,0,0
74,80,66,1,1,18,0,0,0,0
74,81,38,0,3,9,0,0,0,0
74,104,15,0,5.4,1.4,0.5,0,0,1
74,105,130,5,9,7,38,0,0,0
74,106,75,0,5,12,9,0,0,0
74,107,34,0,1.7,8.9,1.1,0,0,1
74,116,16,0,0.2,5,0,0,0,1
74,117,25,0,0.4,7.7,0,0,0,1
74,122,11,0,1.4,2.3,0,0,0,1
74,123,61,0,2,18,0,0,0,0
74,124,66,1,5,18,2,0,0,0
74,125,65,0,0,21,1,0,0,0
74,126,32.5,0,2,10,0,0,0,0
74,132,9.5,0,0.4,2.7,0.1,0,0,1
74,134,5,0,0.2,1.4,0.1,0,0,1
74,137,55,1,3,16,0,0,0,0
74,138,78,0,2,29,0,0,0,0
74,139,32,0,4,10,0,0,0,0
74,140,30,0,2.6,6.8,0,0,0,1
74,161,49,0,0,13,0,0,0,0
74,162,22,0,0,5.8,1.3,0,0,1
74,181,22,0.5,4.1,3.3,1.7,0,0,1
74,182,1,0,0.2,0.1,0.1,0,0,1
74,183,8,0.2,1.5,1.2,0.6,0,0,1
74,184,21,0.4,3.9,3.2,1.6,0,0,1
74,186,2,0,0.3,0.4,0.3,0,0,1
74,201,4,0.1,0.3,0.7,0.5,0,0,1
74,202,8,0.1,0.7,1.5,1,0,0,1
74,204,5,0.1,0.4,0.9,0.6,0,0,1
74,215,2,0.1,0.3,0.5,0,0.1,0,1
74,222,4,0,0.2,1.3,0.1,0,0,1
74,223,7,0,0.3,2.2,0.2,0,0,1
74,224,17,0,0.7,5.3,0.6,0,0,1
74,227,9,0.2,1.2,2,0.2,0,0,1
74,228,35.5,0,7,7,0,0,0,0
74,229,17,0.4,2.2,3.7,0.5,0,0,1
74,246,28,1,8,2,0,0,0,0
74,247,11,0,2.8,1.3,0.9,0,0,1
74,248,8,0,2.1,1,0.6,0,0,1
74,250,8,0,1.4,1,0.7,0,0,1
74,252,4,0,0.7,0.5,0.4,0,0,1
74,253,2,0,0.4,0.2,0.2,0,0,1
75,3,2,0.2,0.2,0.3,0,0,0,1
75,5,3,0.2,0.3,0.6,0.3,0,0,1
75,6,1,0.1,0.1,0.2,0.1,0,0,1
75,9,1,0.1,0.1,0.2,0.1,0,0,1
75,10,6,0.9,0,0.2,1.1,0,0,1
75,13,1,0.2,0,0,0.2,0,0,1
75,20,3,0.2,0.1,0.8,0,0,0,1
75,21,2,0.1,0,0.6,0,0,0,1
75,23,122.5,0,11,31,0,0,0,0
75,24,75,1,12,18,0,0,0,0
75,25,64,0,1,19,0,0,0,0
75,26,129,0,22,23,1,0,0,0
75,27,107,0,33,14,0,0,0,0
75,28,117,2,34,14,0,0,0,0
75,29,92,0,16,21,1,0,0,0
75,30,131,0,1,53,0,0,2,0
75,31,135.5,0,2,45,0,0,3,0
75,32,118,2,4,43,2,0,0,0
75,33,123.5,6,25,5,15,0,0,0
75,34,88,7,28,6,0,0,0,0
75,35,22,3,3,5,0,0,0,0
75,40,9,0.1,0.3,1.4,0.9,0,0,1
75,58,2,0,0.6,0.3,0,0,0,1
75,59,9,0,2.7,1.4,0,0,0,1
75,60,21,0,3.2,4.1,0.5,0,0,1
75,73,2,0.1,0,0.5,0.1,0,0,1
75,76,3,0,0.1,0.9,0,0,0,1
75,77,65,0,7,17,0,0,0,0
75,78,204,0,1,75,0,0,0,0
75,79,130.5,0,2,36,5,0,0,0
75,80,95,1,8,22,1,0,0,0
75,81,54,0,2,16,0,0,0,0
75,98,1,0,0.1,0,0.3,0,0,1
75,105,25,1,3,0,8,0,0,0
75,106,40,0,4,11,0,0,0,0
75,107,2,0.1,0.2,0.4,0,0,0,1
75,115,13,0.2,1.2,3.2,0,0.3,0,1
75,116,27,0,7,4,0,0,0,0
75,117,26,0.5,2.4,6.4,0,0.5,0,1
75,118,3,0,0.3,0.7,0,0.1,0,1
75,122,32,2,3,7,0,0,0,0
75,123,42,0,1,11,0,0,0,0
75,124,8,0.6,0.9,0.7,0.3,0,0,1
75,132,3,0,0.3,0.7,0,0,0,1
75,137,49,0,0,14,0,0,0,0
75,138,19,0,1.7,4.3,0,0,0,1
75,139,22,0,2,5,0,0,0,1
75,140,34,0,5,8,0,0,0,0
75,143,21,0,2.4,5.2,0,0,0,1
75,144,29,0,3.3,7.2,0,0,0,1
75,145,3,0.1,0.5,0.7,0,0,0,1
75,161,24,1.2,2.1,2.1,4.6,0,0,1
75,162,2,0.1,0.1,0.2,0.4,0,0,1
75,178,12,0.6,1.5,1,1,0,0,1
75,179,4,0.2,0.5,0.4,0.3,0,0,1
75,181,5,0,0.7,1.4,0.1,0,0,1
75,183,4,0,0.6,1.1,0.1,0,0,1
75,184,2,0,0.3,0.5,0.1,0,0,1
75,190,11,0.2,1.3,1.9,0.8,0,0,1
75,200,1,0,0.1,0.2,0.1,0,0,1
75,202,3,0,0.2,0.6,0.4,0,0,1
75,220,2,0,0,0.4,0.4,0,0,1
75,222,1,0,0,0.2,0.2,0,0,1
75,223,7,0,0,1.6,1.3,0,0,1
75,224,4,0,0,0.9,0.8,0,0,1
75,228,3,0,0,0.7,0.6,0,0,1
75,229,14,0,0,3.2,2.7,0,0,1
75,237,2,0.1,0.1,0.3,0.4,0,0,1
75,251,3,0,0.1,0.8,0.2,0,0,1
75,254,4,0,0.1,1.1,0.3,0,0,1
76,0,31,0,5,7,0,0,0,0
76,1,51,2,3,12,1,0,0,0
76,2,3,0.2,0.3,0.5,0.1,0,0,1
76,3,14,1.2,1.2,2.5,0.3,0,0,1
76,5,2,0.1,0.2,0.4,0.2,0,0,1
76,7,2,0.1,0.2,0.4,0.2,0,0,1
76,8,5,0.3,0.5,1,0.5,0,0,1
76,14,1,0.2,0,0,0.2,0,0,1
76,17,6,0.7,0.3,0.7,0.6,0,0,1
76,18,3,0.3,0.2,0.4,0.3,0,0,1
76,23,63.5,0,6,15,0,0,0,0
76,24,144.5,0,29,25,0,0,0,0
76,25,53,0,10,7,0,0,0,0
76,26,41,0,0,13,0,0,0,0
76,27,39,0,6,10,0,0,0,0
76,28,57.5,0,0,17,0,0,0,0
76,29,224.5,0,0,67,0,1,17,0
76,30,273.5,0,0,83,0,0,12,0
76,31,117,0,0,48,0,0,16,0
76,32,75,4,3,12,7,0,7,0
76,33,75,7,12,9,0,0,0,0
76,34,69.5,10,20,5,0,0,0,0
76,35,125,0,19,34,0,0,32,0
76,36,20,0,4.8,2.8,0.7,0,0,1
76,38,1,0,0.3,0.1,0,0,0,1
76,58,2,0,0.6,0.3,0,0,0,1
76,59,14,0,4.3,2.1,0,0,0,1
76,60,41,0,8,6,0,0,0,0
76,65,6,0,1,1.3,0.2,0,0,1
76,66,25,0,4.3,5.6,0.6,0,0,1
76,67,3,0,0.5,0.7,0.1,0,0,1
76,76,59,0,0,19,0,0,0,0
76,77,179,1,17,50,0,0,0,0
76,78,179.5,2,8,31,41,0,0,0
76,79,232.5,3,7,14,96,0,0,0
76,80,93.5,0,2,34,5,0,0,0
76,81,29,0,0.4,9.5,0.4,0,0,1
76,98,2,0.1,0.1,0.1,0.5,0,0,1
76,102,8,0.5,0.7,1.5,0.2,0,0,1
76,105,15,0.9,1.4,2.7,0.5,0,0,1
76,106,4,0.3,0.4,0.7,0.1,0,0,1
76,115,2,0,0.2,0.5,0,0.1,0,1
76,116,43,0,9,5,0,0,0,0
76,117,65,0,11,16,0,0,0,0
76,118,81,0,1,26,0,0,0,0
76,119,4,0,0.4,1,0,0.1,0,1
76,141,4,0,0.5,1,0,0,0,1
76,143,26,0,2.9,6.5,0,0,0,1
76,144,40,0,6,12,0,0,0,0
76,145,7.5,0.1,1.3,1.7,0.1,0,0,1
76,146,4,0.1,0.7,0.9,0,0,0,1
76,147,12,0.2,2.1,2.6,0.2,0,0,1
76,158,3,0,0.5,0.6,0.1,0,0,1
76,177,5,0.3,0.6,0.4,0.4,0,0,1
76,178,49,1,6,15,0,0,0,0
76,179,33,3,2,8,0,0,0,0
76,180,7,0,1,1.9,0.2,0,0,1
76,181,6,0,0.8,1.7,0.2,0,0,1
76,196,1,0,0.2,0.1,0.2,0,0,1
76,197,5,0,0.8,0.4,1.2,0,0,1
76,236,4,0.2,0.2,0.6,0.9,0,0,1
77,0,106,0,29,15,0,0,0,0
77,1,104,0,1,30,0,0,0,0
77,2,5,0.4,0.4,0.9,0.1,0,0,1
77,8,2,0.1,0.2,0.4,0.2,0,0,1
77,9,3,0.2,0.3,0.6,0.3,0,0,1
77,10,4,0.6,0,0.1,0.8,0,0,1
77,12,4,0.6,0,0.1,0.8,0,0,1
77,24,53,3.3,0.8,14.7,0,0,0,1
77,25,13,0.2,0.2,3.9,0,0,0,1
77,28,5,0,0.1,1.5,0,0,0,1
77,29,34,0.5,0.6,10.1,0,0,0,1
77,32,125.5,1,15,32,0,0,0,0
77,33,73.5,2,1,23,0,0,0,0
77,34,57,0,12,11,0,0,0,0
77,35,64,0,0,21,0,0,0,0
77,36,6,0,1.5,0.8,0.2,0,0,1
77,58,83.5,0,1,31,0,0,15,0
77,59,55.5,0,11,11,0,0,0,0
77,60,49,0,11,10,0,0,0,0
77,61,10,0,1.5,1.9,0.3,0,0,1
77,66,57,1,3,18,0,0,0,0
77,67,70,0,0,25,0,0,0,0
77,74,3,0.2,0,0.6,0.2,0,0,1
77,76,36,0,12,2,0,0,0,0
77,77,72,0,31,4,0,0,0,0
77,78,90,2,15,7,11,0,0,0
77,79,73,2,5,2,19,0,0,0
77,80,114,0,5,34,0,0,8,0
77,81,4,0,0.1,1.3,0,0,0,1
77,116,24,0,7,5,0,0,0,0
77,117,61,1,11,7,2,0,0,0
77,118,55,3,5,5,13,0,0,0
77,119,4,0,0.4,1,0,0.1,0,1
77,141,2.5,0,0.3,0.6,0,0,0,1
77,142,22,0,2.5,5.5,0,0,0,1
77,143,9,0,1,2.3,0,0,0,1
77,144,58,1,9,16,0,0,0,0
77,145,43,0,5,12,2,0,0,0
77,146,33,0,3,10,1,0,0,0
77,147,67,0,3,18,0,0,0,0
77,151,2,0,0.2,0.5,0,0,0,1
77,153,37,0,4.2,8.4,0.7,0,0,1
77,154,8,0,0.9,1.8,0.2,0,0,1
77,155,7,0,1.1,1.3,0.4,0,0,1
77,161,1,0,0.1,0.1,0.2,0,0,1
77,162,23,1.1,2,2,4.5,0,0,1
77,177,9,0.5,1.1,0.7,0.7,0,0,1
77,178,44,1,4,9,0,0,0,0
77,179,56,0,1,16,3,0,0,0
77,180,5,0,0.7,1.4,0.1,0,0,1
77,190,10,0.1,1.2,1.7,0.8,0,0,1
77,191,5,0.1,0.6,0.8,0.4,0,0,1
77,237,4,0.2,0.2,0.6,0.9,0,0,1
78,0,128,0,0,52,0,0,26,0
78,1,11,1,1,1.9,0.2,0,0,1
78,2,2,0.2,0.2,0.3,0,0,0,1
78,4,8,0.7,0.7,1.4,0.2,0,0,1
78,9,2,0.1,0.2,0.4,0.2,0,0,1
78,11,1,0.2,0,0,0.2,0,0,1
78,17,3,0.3,0.2,0.4,0.3,0,0,1
78,21,2,0.1,0,0.6,0,0,0,1
78,27,6,0.1,0.1,1.8,0,0,0,1
78,32,96,0,4,24,0,1,3,0
78,33,104,0,0,35,0,0,0,0
78,34,114.5,0,0,34,0,0,0,0
78,37,2,0,0.5,0.3,0,0,0,1
78,49,3,0,0.1,0.5,0.3,0,0,1
78,51,2,0,0.2,0.4,0.1,0,0,1
78,58,47,0,3,14,0,0,0,0
78,59,46.5,1,7,8,2,0,0,0
78,60,20,0,3.1,3.8,0.5,0,0,1
78,66,46,0,2,13,0,0,0,0
78,67,87,0,1,26,0,0,0,0
78,68,28.5,0,5,8,0,0,0,0
78,76,49,0,16,6,0,0,0,0
78,77,74,4,16,9,0,0,0,0
78,78,161.5,1,14,48,0,0,38,0
78,79,92,1,13,17,3,0,0,0
78,80,52.5,0,3,21,0,0,0,0
78,117,39.5,2,4,5,3,0,0,0
78,118,140,4,7,14,39,0,0,0
78,120,2,0.1,0.2,0.2,0.1,0,0,1
78,121,15,1.1,1.7,1.4,0.5,0,0,1
78,122,10,0.7,1.1,0.9,0.4,0,0,1
78,128,7,0.5,0.8,0.6,0.3,0,0,1
78,141,4,0,0.5,1,0,0,0,1
78,142,21,0,9,3,0,0,0,0
78,143,55,3,4,12,0,0,0,0
78,144,87,0,7,20,2,0,0,0
78,145,26,1,6,6,0,0,0,0
78,146,97,0,3,31,0,1,0,0
78,147,26.5,0,5,9,0,0,0,0
78,152,1,0,0.1,0.3,0,0,0,1
78,153,49,1,2,9,15,0,0,0
78,154,52,0,7,8,10,0,0,0
78,155,62,0,4,16,1,0,0,0
78,156,10,0,1.6,1.9,0.6,0,0,1
78,160,1,0,0.1,0.1,0.2,0,0,1
78,161,14,0.7,1.2,1.2,2.7,0,0,1
78,162,21,1,1.8,1.9,4.1,0,0,1
78,170,1,0,0.1,0.2,0,0,0,1
78,176,4,0.2,0.5,0.4,0.3,0,0,1
78,177,99.5,2,2,5,27,0,0,0
78,178,47,2,3,6,9,0,0,0
78,186,3,0,0.5,0.6,0.4,0,0,1
78,189,2,0,0.3,0.4,0.3,0,0,1
78,190,20,0.3,2.4,3.4,1.5,0,0,1
78,192,9,0.1,1.1,1.5,0.7,0,0,1
78,193,4,0,0.5,0.7,0.3,0,0,1
78,210,2,0,0.1,0.6,0.1,0,0,1
78,213,14,0.2,1,4,0.5,0.2,0,1
78,214,18,0.3,1.2,5.2,0.6,0.3,0,1
78,215,3,0.1,0.4,0.8,0.1,0.1,0,1
78,237,8,0.3,0.5,1.2,1.8,0,0,1
78,254,13,0,0.4,3.7,0.8,0,0,1
78,255,5,0.2,0.7,0.9,0.7,0,0,1
79,2,1,0.1,0.1,0.2,0,0,0,1
79,6,7,0.5,0.7,1.4,0.7,0,0,1
79,9,2,0.1,0.2,0.4,0.2,0,0,1
79,10,2,0.3,0,0.1,0.4,0,0,1
79,11,1,0.2,0,0,0.2,0,0,1
79,12,5,0.8,0,0.2,0.9,0,0,1
79,14,7,1.1,0,0.2,1.3,0,0,1
79,15,1,0.1,0.1,0.1,0.1,0,0,1
79,18,4,0.5,0.2,0.5,0.4,0,0,1
79,22,3,0.2,0.1,0.8,0,0,0,1
79,24,2,0.1,0,0.6,0,0,0,1
79,27,6,0.1,0.1,1.8,0,0,0,1
79,48,7,0.1,0.2,1.1,0.7,0,0,1
79,49,58,0.7,2.1,9,5.5,0,0,1
79,50,20,0,1.9,4.3,0.5,0,0,1
79,57,6,0,1.8,0.9,0,0,0,1
79,58,152.5,2,18,25,11,0,0,0
79,59,174,5,6,13,48,0,0,0
79,60,17,0,2.6,3.3,0.4,0,0,1
79,65,6.5,0,1.1,1.4,0.2,0,0,1
79,66,83,0,3,18,12,0,0,0
79,67,105,1,5,23,21,0,0,0
79,68,50,0,4,15,1,0,0,0
79,73,6,0.4,0,1.3,0.3,0,0,1
79,74,8,0.5,0,1.8,0.4,0,0,1
79,75,31,0,0.9,9.1,0,0,0,1
79,76,87,0,1,29,0,0,0,0
79,77,78.5,2,15,8,0,0,0,0
79,78,112,1,10,32,0,0,0,0
79,79,54,1,4,14,1,0,0,0
79,80,46,0,0.6,15.1,0.6,0,0,1
79,116,1,0,0.1,0.3,0,0,0,1
79,121,8.5,0.6,1,0.8,0.3,0,0,1
79,128,4,0.3,0.4,0.4,0.1,0,0,1
79,142,23,0,2.6,5.7,0,0,0,1
79,143,55.5,1,5,17,0,0,0,0
79,144,82,3,6,17,11,0,0,0
79,145,18,0.3,3.2,3.9,0.2,0,0,1
79,146,73.5,2,14,11,0,1,0,0
79,147,78.5,1,9,16,0,0,0,0
79,148,29,0.4,5.1,6.3,0.4,0,0,1
79,152,5,0,0.6,1.1,0.1,0,0,1
79,153,61.5,1,1,6,14,2,0,0
79,154,74.5,0,2,4,28,0,0,0
79,155,78.5,1,4,17,14,0,0,0
79,156,39,0,4,10,0,0,0,0
79,162,11,0.5,1,1,2.1,0,0,1
79,163,6,0.3,0.5,0.5,1.2,0,0,1
79,169,20,2.9,2.9,3,1.2,0,0,1
79,170,45,0.9,4.6,10.1,0,0,0,1
79,171,3,0,0.3,0.7,0,0,0,1
79,176,4,0.2,0.5,0.4,0.3,0,0,1
79,177,29,1.6,3.5,2.4,2.3,0,0,1
79,178,7,0.4,0.8,0.6,0.6,0,0,1
79,191,56.5,0,5,2,24,0,0,0
79,192,40.5,2,3,4,12,0,0,0
79,193,7,0.1,0.9,1.2,0.5,0,0,1
79,195,4,0,0.6,0.3,1,0,0,1
79,213,7,0.1,0.5,2,0.3,0.1,0,1
79,214,18,0.3,1.2,5.2,0.6,0.3,0,1
79,215,12,0.3,1.7,3.1,0.3,0.4,0,1
79,216,15,0.4,2.2,3.9,0.4,0.4,0,1
79,252,6,0,0.2,1.7,0.3,0,0,1
79,254,6,0,0.2,1.7,0.3,0,0,1
80,6,2,0.4,0.1,0.2,0.1,0.1,0,1
80,21,3,0.3,0.2,0.2,0.7,0,0,1
80,29,1,0.1,0.1,0.1,0.2,0,0,1
80,49,39,1,2,2,9,0,0,0
80,50,79,0,1,5,35,0,0,0
80,51,2,0.1,0.3,0.5,0,0,0,1
80,52,13,0.3,1.9,3.2,0.3,0,0,1
80,55,2,0,0.2,0.4,0.2,0,0,1
80,56,21,0.2,2.2,4.1,1.5,0,0,1
80,57,66,0,7,16,1,0,0,0
80,58,61,4,13,2,9,0,0,0
80,59,40,0,7,3,6,0,0,0
80,60,14,0,2,3.5,0.4,0,0,1
80,65,10,0,0.6,2.5,0.1,0.1,0,1
80,66,118.5,2,17,16,12,0,0,0
80,67,86.5,1,8,13,14,0,2,0
80,68,24,0,1.4,6.1,0.2,0.2,0,1
80,73,83,0,11,21,0,0,0,0
80,74,104,0,6,34,0,0,0,0
80,75,77,0,18,11,0,0,0,0
80,76,65.5,0,13,11,0,0,0,0
80,77,92,0,22,12,0,0,0,0
80,78,90,0,4,26,0,0,0,0
80,79,93,0,0,32,0,0,0,0
80,80,12,0.5,2.1,1.8,0.4,0,0,1
80,85,4,0.2,0.7,0.6,0.1,0,0,1
80,116,5,0.3,0.5,0.2,0.9,0,0,1
80,142,3,0,0,0.9,0,0.1,0,1
80,143,70,0,20,6,0,0,0,0
80,144,162.5,1,10,37,30,1,22,0
80,145,277,7,8,22,83,1,3,0
80,146,93,10,4,13,21,2,0,0
80,147,42.5,0,4,3,13,0,0,0
80,148,21,0.9,2.3,3.2,1.1,0,0,1
80,153,11,1.2,0.5,1.7,1.2,0,0,1
80,154,51,0,1,11,1,1,0,0
80,155,42,1,3,10,2,0,0,0
80,156,21.5,1.2,2.9,3.6,1.2,0,0,1
80,157,24.5,1.4,3.3,4.1,1.4,0,0,1
80,160,5,1,0.1,0.1,1.5,0,0,1
80,164,4,0.8,0.1,0.1,1.2,0,0,1
80,168,6,0.3,1.7,0.3,0.5,0,0,1
80,169,68,8,4,3,14,0,0,0
80,170,39.5,2,7,8,0,0,0,0
80,171,1,0.1,0.1,0.2,0,0,0,1
80,177,2,0.1,0.2,0.4,0.1,0,0,1
80,191,64,3,2,14,2,0,0,0
80,192,47,1,3,11,1,0,0,0
80,193,4,0.1,0.1,1,0.1,0,0,1
80,194,1,0,0,0.3,0,0,0,1
80,214,60,1.5,3,4.5,18.6,0,0,1
80,215,7,0,1.2,1.4,1.4,0,0,1
80,253,10,0.1,0.8,1.6,1.7,0,0,1
81,1,2,0.1,0.2,0.1,0.3,0,0,1
81,4,1,0,0.1,0.1,0.2,0,0,1
81,7,2,0.4,0.1,0.2,0.1,0.1,0,1
81,8,1,0.2,0.1,0.1,0,0.1,0,1
81,19,4,0.1,0.3,0.3,1.4,0,0,1
81,26,1,0.1,0.1,0.1,0.2,0,0,1
81,47,47,0,11,6,0,0,0,0
81,48,4,0,1.1,0.7,0,0,0,1
81,49,45.5,0,7,9,0,0,0,0
81,50,42.5,1,1,8,5,0,0,0
81,51,18,0.5,2.6,4.4,0.4,0,0,1
81,52,6,0.1,0.9,1.5,0.1,0,0,1
81,56,51,1,11,7,5,0,0,0
81,57,49.5,0,3,14,1,0,0,0
81,58,34,0,5,8,0,0,0,0
81,59,5,0,0.5,1,0.4,0,0,1
81,66,81,1,7,19,1,0,0,0
81,67,81.5,2,14,18,0,0,0,0
81,68,34,0,1.9,8.6,0.3,0.3,0,1
81,73,34,0,8.5,5.7,0,0,0,1
81,74,61,0,16,9,0,0,0,0
81,75,74.5,0,25,7,0,0,0,0
81,76,88,0,19,16,0,0,0,0
81,77,103,0,19,14,0,1,0,0
81,78,33,0,2,11,0,0,0,0
81,142,31,0,0,14,0,0,0,0
81,143,76,3,5,20,0,0,0,0
81,144,212,2,3,46,29,0,25,0
81,145,295,5,4,47,79,0,33,0
81,146,53,2,6,9,4,0,0,0
81,149,2,0.1,0.2,0.3,0.1,0,0,1
81,153,5,0.6,0.2,0.8,0.5,0,0,1
81,154,2,0.2,0.1,0.3,0.2,0,0,1
81,155,8,0.5,1.1,1.3,0.4,0,0,1
81,156,33,3,9,1,0,0,0,0
81,157,12,0.7,1.6,2,0.7,0,0,1
81,160,2,0.4,0,0.1,0.6,0,0,1
81,162,1,0.2,0,0,0.3,0,0,1
81,168,70,2,5,3,24,0,0,0
81,169,138.5,5,6,7,53,1,0,0
81,170,95,1,1,29,4,0,20,0
81,190,7,0.2,0.1,1.8,0.1,0,0,1
81,191,7,0.2,0.1,1.8,0.1,0,0,1
81,192,8,0.2,0.1,2.1,0.1,0,0,1
81,196,2,0,0.2,0.6,0,0,0,1
81,213,4.5,0.1,0.2,0.4,1.4,0,0,1
81,214,16,0.4,0.8,1.2,5,0,0,1
81,215,9,0,1.5,1.8,1.8,0,0,1
81,216,3,0,0.5,0.6,0.6,0,0,1
82,1,8,0.2,0.9,0.6,1.2,0,0,1
82,8,3,0.7,0.1,0.4,0.1,0.1,0,1
82,14,2,0,0.1,0.2,0.7,0,0,1
82,15,1,0,0.1,0.1,0.3,0,0,1
82,30,36,0,2.1,9,0,2.1,0,1
82,31,9,0,0.5,2.3,0,0.5,0,1
82,46,16,0,4.3,2.9,0,0,0,1
82,47,41,0,11,5,0,0,0,0
82,48,51,1,9,7,0,0,0,0
82,49,34,0,4,9,0,0,0,0
82,50,2,0.1,0.3,0.5,0,0,0,1
82,56,27.5,0.3,2.8,5.3,2,0,0,1
82,57,47,0,4,8,1,0,0,0
82,58,37,1,7,4,0,0,0,0
82,59,3,0,0.3,0.6,0.2,0,0,1
82,62,3,0,0.4,0.8,0.1,0,0,1
82,66,4,0,0.2,1,0,0.1,0,1
82,67,30,0,4,14,0,0,12,0
82,68,10,0,0.6,2.5,0.1,0.1,0,1
82,73,4,0,1,0.7,0,0,0,1
82,74,38,0,16,4,0,0,0,0
82,75,86,0,31,7,0,0,0,0
82,76,114,0,22,21,0,0,0,0
82,77,101,0,9,26,0,0,0,0
82,78,38,0,0,12,0,0,0,0
82,79,20,0,0,5.1,0,0,0,1
82,127,11,0,1.1,2.2,1.5,0,0,1
82,143,149.5,0,0,52,0,1,22,0
82,144,58,0,0,15,4,0,0,0
82,145,45,2,12,4,2,0,0,0
82,146,53,1,1,14,0,0,0,0
82,147,11.5,0.5,1.3,1.7,0.6,0,0,1
82,152,2,0.2,0.1,0.3,0.2,0,0,1
82,153,4,0.5,0.2,0.6,0.4,0,0,1
82,159,2,0.1,0.3,0.3,0.1,0,0,1
82,167,4,0.2,1.2,0.2,0.3,0,0,1
82,168,36,4,1,2,7,1,0,0
82,169,105,2,5,16,21,0,0,0
82,170,27,1.1,2.6,5.5,1,0.3,0,1
82,190,15.5,0.5,0.2,4,0.2,0,0,1
82,191,3,0.1,0,0.8,0,0,0,1
82,215,13,0,2.2,2.6,2.6,0,0,1
82,242,5,0.1,0.2,1.3,0.2,0,0,1
82,243,8,0.1,0.4,2,0.4,0,0,1
82,255,8,0.1,0.6,1.3,1.3,0,0,1
83,0,17,0.5,1.8,1.3,2.6,0,0,1
83,1,2,0.1,0.2,0.1,0.3,0,0,1
83,2,3,0.1,0.3,0.2,0.5,0,0,1
83,3,6,0.2,0.6,0.5,0.9,0,0,1
83,4,9,0.3,0.9,0.7,1.4,0,0,1
83,8,8,1.9,0.3,0.9,0.3,0.3,0,1
83,9,1,0.2,0.1,0.1,0,0.1,0,1
83,17,5,0.1,0.4,0.4,1.7,0,0,1
83,22,1,0.1,0.1,0.1,0.2,0,0,1
83,46,7,0,1.8,1.3,0,0,0,1
83,47,31,0,5,7,0,0,0,0
83,48,8,0,2.1,1.5,0,0,0,1
83,55,2,0,0.2,0.4,0.2,0,0,1
83,57,28,0.3,2.9,5.4,2,0,0,1
83,58,70,0,12,10,0,0,0,0
83,59,8,0.1,0.8,1.5,0.6,0,0,1
83,60,2,0,0.3,0.5,0,0,0,1
83,61,27,0,3.8,6.8,0.8,0,0,1
83,62,30,0,2,9,0,0,0,0
83,66,3,0,0.2,0.8,0,0,0,1
83,67,18,0,1,4.5,0.2,0.2,0,1
83,68,3,0,0.2,0.8,0,0,0,1
83,74,6,0,1.5,1,0,0,0,1
83,75,54.5,0,0,20,0,0,0,0
83,76,59,0,3,19,0,0,0,0
83,77,12,0,0,3.1,0,0,0,1
83,78,11,0,0,2.8,0,0,0,1
83,120,1,0,0.1,0.2,0.1,0,0,1
83,143,32,0,0.7,9.2,0,0.7,0,1
83,144,18,0,0.4,5.2,0,0.4,0,1
83,145,16,0.6,1.8,2.4,0.9,0,0,1
83,146,14,0.6,1.5,2.1,0.8,0,0,1
83,147,49,1,20,0,0,0,0,0
83,158,5,0.3,0.7,0.8,0.3,0,0,1
83,159,7,0.4,0.9,1.2,0.4,0,0,1
83,168,3,0.1,0.9,0.2,0.2,0,0,1
83,171,10,0.4,1,2,0.4,0.1,0,1
83,172,4.5,0.2,0.4,0.9,0.2,0,0,1
83,190,28,0.8,0.4,7.2,0.4,0,0,1
83,218,1,0,0.2,0.2,0.2,0,0,1
83,241,15,0.2,0.7,3.9,0.7,0,0,1
83,242,43,0,3,11,5,0,0,0
83,243,31,0.5,1.4,8,1.4,0,0,1
83,252,4,0.1,0.3,0.6,0.7,0,0,1
83,253,19,0.2,1.5,3,3.2,0,0,1
83,254,5,0.1,0.4,0.8,0.8,0,0,1
84,0,7,0.2,0.7,0.5,1.1,0,0,1
84,1,5,0.1,0.5,0.4,0.8,0,0,1
84,2,2,0.1,0.2,0.1,0.3,0,0,1
84,3,2,0.1,0.2,0.1,0.3,0,0,1
84,4,2,0.1,0.2,0.1,0.3,0,0,1
84,5,9,2.1,0.4,1,0.3,0.4,0,1
84,13,13.5,0.3,1,1.1,4.6,0,0,1
84,16,1,0,0.1,0.1,0.3,0,0,1
84,32,4,0,0.2,1,0,0.3,0,1
84,33,3,0,0.2,0.7,0,0.2,0,1
84,56,1,0,0.1,0.2,0.1,0,0,1
84,57,28,0,2,9,0,0,0,0
84,58,53,2,11,10,0,0,0,0
84,59,63,1,5,13,0,1,0,0
84,60,30,0,9,4,0,0,0,0
84,61,47,0,3,14,0,0,0,0
84,62,7,0,1,1.8,0.2,0,0,1
84,63,11,0,1.5,2.8,0.3,0,0,1
84,66,49,0,5,10,0,0,0,0
84,67,47,0,2,13,0,1,0,0
84,68,1,0,0.1,0.2,0,0,0,1
84,115,1,0.1,0.1,0,0.2,0,0,1
84,124,3,0,0.3,0.6,0.4,0,0,1
84,135,24,0,1.8,7,0,0,0,1
84,136,17,0,1.2,5,0,0,0,1
84,143,14.5,0,0.3,4.2,0,0.3,0,1
84,144,10,0,0.2,2.9,0,0.2,0,1
84,147,6,0.3,0.7,0.9,0.3,0,0,1
84,148,2,0.1,0.2,0.3,0.1,0,0,1
84,156,3,0.2,0.4,0.5,0.1,0,0,1
84,157,6,0.4,0.8,1,0.3,0,0,1
84,160,2,0.4,0,0.1,0.6,0,0,1
84,162,2,0.4,0,0.1,0.6,0,0,1
84,164,21,4,0.6,0.6,6.2,0,0,1
84,165,13,0.7,3.8,0.7,1,0,0,1
84,166,12,0.6,3.5,0.6,1,0,0,1
84,171,7.5,0.3,0.7,1.5,0.3,0.1,0,1
84,172,28,1.1,2.7,5.7,1.1,0.3,0,1
84,182,1,0,0.1,0.2,0,0,0,1
84,217,1,0,0.2,0.2,0.2,0,0,1
84,236,4,0,0.3,0.5,0.5,0.1,0,1
84,242,2,0,0.1,0.5,0.1,0,0,1
84,243,5,0.1,0.2,1.3,0.2,0,0,1
84,251,1,0,0.1,0.1,0.2,0,0,1
84,252,8,0.1,0.6,1.3,1.3,0,0,1
84,253,15.5,0.2,1.2,2.5,2.6,0,0,1
84,254,22,0.2,1.8,3.5,3.7,0,0,1
84,255,2,0,0.2,0.3,0.3,0,0,1
85,0,2,0.2,0.4,0.3,0.1,0,0,1
85,2,5,0.5,0.9,0.8,0.2,0,0,1
85,3,6,0.7,1,0.9,0.3,0,0,1
85,5,4,0.3,0.4,0.5,0.3,0,0,1
85,6,2,0.1,0.2,0.3,0.2,0,0,1
85,8,2,0.1,0.2,0.3,0.2,0,0,1
85,9,1,0.1,0.1,0.1,0.1,0,0,1
85,13,1,0,0.2,0.1,0.1,0,0,1
85,16,3,0.1,0.2,0.3,1,0,0,1
85,32,5,0,0.9,1,0,0.1,0,1
85,57,15,0,2.4,3.5,0,0,0,1
85,58,48,0,9,8,0,0,0,0
85,59,56,0,10,12,0,0,0,0
85,60,51,0,11,8,0,0,0,0
85,61,10,0.7,1.4,1.4,0.2,0,0,1
85,62,24,0,6,6,0,0,0,0
85,63,32,0,8,4,0,0,0,0
85,65,12,0,0.9,3.3,0,0,0,1
85,66,55,0,2,17,0,0,0,0
85,67,81.5,0,4,40,0,0,0,0
85,68,16,0,1.2,4.4,0,0,0,1
85,118,14,0.8,1.4,0.6,2.5,0,0,1
85,135,24,0,1.2,6.9,0,0,0,1
85,136,61,0,13,11,0,0,0,0
85,137,4,0,0.2,1.2,0,0,0,1
85,143,7,0,0.1,2,0,0.2,0,1
85,144,5,0,0.1,1.5,0,0.1,0,1
85,156,2,0.2,0.1,0.3,0.2,0,0,1
85,163,26,4,0,1,7,0,0,0
85,164,240,6,3,29,73,1,0,0
85,165,59.5,1,10,5,7,1,0,0
85,166,55.5,4,8,13,1,0,0,0
85,167,83,6,12,19,0,0,0,0
85,168,3,0,0.5,0.5,0.2,0,0,1
85,217,1,0,0.2,0.2,0.2,0,0,1
85,242,9,0,1.1,1.7,0.9,0,0,1
85,243,3,0,0.3,0.6,0.3,0,0,1
86,0,3,0.3,0.5,0.5,0.1,0,0,1
86,2,35,0,5,6,1,0,0,0
86,3,10,1.1,1.8,1.5,0.4,0,0,1
86,9,15,1,1.6,1.8,1.1,0.2,0,1
86,10,3,0.1,0.6,0.2,0.4,0,0,1
86,11,1,0,0.2,0.1,0.1,0,0,1
86,12,3,0.1,0.6,0.2,0.4,0,0,1
86,14,2,0.1,0.4,0.1,0.3,0,0,1
86,16,7,0.2,0.5,0.5,2.4,0,0,1
86,21,3,0.3,0.2,0.2,0.7,0,0,1
86,28,1,0.2,0.2,0,0,0,0,1
86,31,6,0,1,1.3,0,0.1,0,1
86,32,23,0,4,4.9,0,0.3,0,1
86,33,3,0,0.5,0.6,0,0.1,0,1
86,34,3,0,0.5,0.6,0,0.1,0,1
86,46,1,0,0.2,0.2,0,0,0,1
86,58,27,0,4.4,6.2,0,0,0,1
86,59,33,0,8,4,0,0,0,0
86,60,35,2,7,5,0,0,0,0
86,61,45,0,6,10,0,0,0,0
86,62,54,2,9,8,0,0,0,0
86,63,13,0.9,1.8,1.9,0.2,0,0,1
86,65,3,0,0.3,0.8,0,0,0,1
86,66,22,0,1.7,6,0,0,0,1
86,67,67,0,5,18,0,1,0,0
86,68,114,2,13,26,0,0,7,0
86,81,2,0.1,0.3,0.3,0.1,0,0,1
86,82,4,0.2,0.7,0.6,0.1,0,0,1
86,83,1,0,0.2,0.2,0,0,0,1
86,96,1,0,0.2,0.2,0,0,0,1
86,136,58,0,3,11,10,0,0,0
86,137,53,0,7,12,0,1,0,0
86,138,12,0,0.6,3.5,0,0,0,1
86,156,2,0.2,0.1,0.3,0.2,0,0,1
86,163,8,0.9,0.2,0.2,1.6,0,0,1
86,164,84,4,1,12,25,0,7,0
86,165,98.5,1,1,32,1,0,3,0
86,166,74,0,6,22,0,0,0,0
86,167,31,0,9,5,0,0,0,0
86,179,5,0.2,0.5,1,0.2,0,0,1
86,204,9,0.5,1.7,1.5,0.8,0,0,1
86,212,2,0,0.1,0.4,0.2,0.1,0,1
86,225,2,0,0.2,0.2,0.5,0,0,1
86,236,3,0,0.2,0.4,0.4,0.1,0,1
86,242,17.5,0,2.1,3.4,1.7,0,0,1
86,243,7,0,0.8,1.4,0.7,0,0,1
86,253,1,0,0.1,0.1,0.2,0,0,1
86,254,5,0.1,0.4,0.8,0.8,0,0,1
87,0,3,0.3,0.5,0.5,0.1,0,0,1
87,1,4,0.4,0.7,0.6,0.2,0,0,1
87,2,14,1.5,2.5,2.1,0.6,0,0,1
87,3,11,1.2,1.9,1.7,0.5,0,0,1
87,4,4,0.4,0.7,0.6,0.2,0,0,1
87,5,5,0.3,0.5,0.6,0.4,0.1,0,1
87,6,7,0.5,0.8,0.8,0.5,0.1,0,1
87,9,2,0.1,0.2,0.3,0.2,0,0,1
87,12,1,0,0.2,0.1,0.1,0,0,1
87,13,4,0.2,0.8,0.2,0.6,0,0,1
87,16,1,0,0.1,0.1,0.3,0,0,1
87,19,1,0,0.1,0.1,0.3,0,0,1
87,26,4,0.7,0.8,0.1,0.1,0,0,1
87,27,1,0.2,0.2,0,0,0,0,1
87,31,60,0,16,8,0,0,0,0
87,32,103.5,0,13,22,0,0,5,0
87,33,5,0,0.9,1,0,0.1,0,1
87,34,17,0,3,3.6,0,0.2,0,1
87,35,8,0,1.6,1.1,0.2,0,0,1
87,47,1,0,0.2,0.2,0,0,0,1
87,48,4,0,1.1,0.7,0,0,0,1
87,57,5,0,0.8,1.2,0,0,0,1
87,58,12,0,1.9,2.8,0,0,0,1
87,59,12,0,1.9,2.8,0,0,0,1
87,60,23,1.6,3.2,3.3,0.3,0,0,1
87,61,38,0,7,8,0,0,0,0
87,62,53.5,1,15,5,0,0,0,0
87,63,10,0.7,1.4,1.4,0.2,0,0,1
87,64,16,1.1,2.2,2.3,0.3,0,0,1
87,65,89.5,0,1,13,28,0,0,0
87,66,54,0,4,12,4,0,0,0
87,67,49,2,14,7,0,0,0,0
87,68,90,0,28,14,0,0,0,0
87,69,18,0,1.4,4.9,0,0,0,1
87,81,3.5,0.2,0.6,0.5,0.1,0,0,1
87,102,6,0.4,0.6,0.2,1.1,0,0,1
87,136,120.5,3,5,13,40,0,0,0
87,137,42,0,13,4,0,0,0,0
87,138,20,0,1.1,5.7,0,0,0,1
87,145,4,0,0.1,1.1,0,0.1,0,1
87,154,7,0.8,0.3,1.1,0.8,0,0,1
87,163,19.5,2.2,0.5,0.6,3.8,0,0,1
87,164,40,1,5,3,8,0,0,0
87,165,50.5,1,2,15,7,0,0,0
87,166,42,3,8,7,0,0,0,0
87,167,13,0,2,2.5,0.8,0,0,1
87,178,6,0.2,0.6,1.2,0.2,0.1,0,1
87,189,3,0,0.2,0.7,0.1,0,0,1
87,203,6,0.3,1.1,1,0.6,0,0,1
87,204,11,0.6,2.1,1.8,1,0,0,1
87,205,3,0.2,0.5,0.5,0.3,0,0,1
87,207,2,0.1,0.4,0.3,0.2,0,0,1
87,212,19,0,0.7,4,2.2,0.4,0,1
87,214,3,0,0.1,0.6,0.4,0.1,0,1
87,255,7,0,0.9,1.5,0.2,0,0,1
88,0,2,0.2,0.4,0.3,0.1,0,0,1
88,2,1,0.1,0.2,0.2,0,0,0,1
88,4,7,0.7,1.2,1.1,0.3,0,0,1
88,7,9,0.6,1,1,0.7,0.1,0,1
88,9,2,0.1,0.2,0.3,0.2,0,0,1
88,10,5,0.2,1,0.3,0.7,0,0,1
88,11,4,0.2,0.8,0.2,0.6,0,0,1
88,22,4,0.4,0.3,0.3,0.9,0,0,1
88,25,2,0.4,0.4,0.1,0,0,0,1
88,26,16,2.8,3.5,0.3,0.3,0,0,1
88,27,4,0.7,0.8,0.1,0.1,0,0,1
88,28,39,0,4,8,0,0,0,0
88,29,48,0,19,3,0,0,0,0
88,30,69,11,8,7,0,0,0,0
88,31,189.5,0,21,52,0,0,13,0
88,32,15,0,2.6,3.2,0,0.2,0,1
88,33,2,0,0.4,0.4,0,0,0,1
88,35,17,0,3.3,2.3,0.5,0,0,1
88,44,1,0,0.2,0.2,0,0,0,1
88,57,4,0,0.7,0.9,0,0,0,1
88,58,12,0,1.9,2.8,0,0,0,1
88,60,13,0.9,1.8,1.9,0.2,0,0,1
88,61,42,0,18,0,0,0,0,0
88,62,37,3,8,3,0,0,0,0
88,63,31,2.1,4.3,4.5,0.5,0,0,1
88,64,32,4,6,0,0,1,0,0
88,65,65,2,4,3,28,0,0,0
88,66,150,4,18,19,27,0,0,0
88,67,45,0,6,10,0,0,0,0
88,91,2,0.1,0.3,0.3,0.1,0,0,1
88,93,5,0.2,0.9,0.7,0.2,0,0,1
88,94,10.5,0.5,1.9,1.5,0.3,0,0,1
88,136,41.5,0,2,6,8,0,0,0
88,137,33,1,3,6,5,0,0,0
88,153,4,0.5,0.2,0.6,0.4,0,0,1
88,154,2,0.2,0.1,0.3,0.2,0,0,1
88,162,8,0.9,0.2,0.2,1.6,0,0,1
88,163,35,3,1,8,2,0,0,0
88,164,76.5,6,9,16,3,0,0,0
88,165,108.5,1,3,28,6,0,0,0
88,166,6,0,0.9,1.1,0.4,0,0,1
88,189,4,0,0.4,0.9,0.1,0,0,1
88,190,1,0,0.1,0.3,0,0,0,1
88,191,8,0,0.7,2.5,0,0,0,1
88,192,3,0,0.3,0.9,0,0,0,1
88,203,33.5,0,4,3,4,0,0,0
88,204,1,0,0.2,0.2,0.1,0,0,1
88,205,6,0.3,1.1,1,0.6,0,0,1
88,206,2,0.1,0.4,0.3,0.2,0,0,1
88,212,5,0,0.2,1,0.6,0.1,0,1
88,213,15,0,0.6,3.2,1.7,0.3,0,1
88,214,2,0,0.1,0.4,0.2,0.1,0,1
88,220,2,0,0.2,0.2,0.5,0,0,1
88,222,5,0,0.4,0.6,1.2,0,0,1
88,223,1,0,0.1,0.1,0.2,0,0,1
88,236,4,0,0.3,0.5,0.5,0.1,0,1
88,237,13,0,0.9,1.9,1.5,0.3,0,1
88,255,7,0,0.9,1.5,0.2,0,0,1
89,0,4,0.4,0.7,0.6,0.2,0,0,1
89,3,2,0.2,0.4,0.3,0.1,0,0,1
89,4,14,1.5,2.5,2.1,0.6,0,0,1
89,5,6,0.4,0.6,0.7,0.5,0.1,0,1
89,6,50,0,0,16,0,0,0,0
89,7,37,0,0,11,0,0,0,0
89,8,21,1.4,2.3,2.5,1.6,0.2,0,1
89,9,16,1.1,1.7,1.9,1.2,0.2,0,1
89,10,18,0.7,3.6,1.1,2.5,0,0,1
89,11,46,1,11,1,5,0,0,0
89,14,8,0.3,1.6,0.5,1.1,0,0,1
89,21,10,1.1,0.7,0.7,2.1,0,0,1
89,22,2,0.2,0.1,0.2,0.4,0,0,1
89,24,3,0.3,0.2,0.2,0.7,0,0,1
89,25,3,0.5,0.6,0.1,0.1,0,0,1
89,26,5,0.9,1.1,0.1,0.1,0,0,1
89,27,15,2.7,3.2,0.3,0.3,0,0,1
89,28,113,6,15,18,2,0,0,0
89,29,116.5,0,14,27,0,0,0,0
89,30,163.5,5,13,20,36,0,0,0
89,31,124,0,17,23,2,0,0,0
89,32,1,0,0.2,0.2,0,0,0,1
89,35,5,0,1,0.7,0.1,0,0,1
89,36,6,0,1.2,0.8,0.2,0,0,1
89,41,7,0,1.8,1.3,0,0,0,1
89,60,15,1,2.1,2.2,0.2,0,0,1
89,61,26.5,0,9,3,0,0,0,0
89,62,46,0,16,5,0,0,0,0
89,63,35.5,5,7,2,0,0,0,0
89,64,26.5,5,6,0,0,0,0,0
89,65,23,1,8,0,2,0,0,0
89,66,62.5,3,8,8,8,0,0,0
89,67,6,0,0.5,1.6,0,0,0,1
89,76,4,0,1,0.7,0,0,0,1
89,91,4,0.2,0.7,0.6,0.1,0,0,1
89,92,7,0.3,1.3,1,0.2,0,0,1
89,93,9.5,0.4,1.7,1.4,0.3,0,0,1
89,94,2,0.1,0.3,0.3,0.1,0,0,1
89,136,17,0,0.9,4.8,0,0,0,1
89,137,36.5,1,2,9,2,0,0,0
89,152,1,0.1,0,0.2,0.1,0,0,1
89,153,3,0.3,0.2,0.5,0.3,0,0,1
89,163,29,0,5,6,0,0,0,0
89,164,51,12,2,9,0,0,0,0
89,165,10,0,1.6,1.9,0.6,0,0,1
89,173,6,0.2,0.6,1.2,0.2,0.1,0,1
89,175,2,0.1,0.2,0.4,0.1,0,0,1
89,176,4,0.2,0.4,0.8,0.2,0,0,1
89,191,21,0,1.8,6.6,0,0,0,1
89,192,48,0,1,8,9,0,0,0
89,201,2,0.1,0.4,0.3,0.2,0,0,1
89,202,5,0.3,0.9,0.8,0.5,0,0,1
89,203,53,4,3,1,16,0,0,0
89,204,5,0.3,0.9,0.8,0.5,0,0,1
89,205,2,0.1,0.4,0.3,0.2,0,0,1
89,212,6,0,0.2,1.3,0.7,0.1,0,1
89,236,15,0,1.1,2.1,1.8,0.4,0,1
89,237,3,0,0.2,0.4,0.4,0.1,0,1
89,241,5,0,0.6,0.9,0.5,0,0,1
90,0,2,0.1,0.2,0.3,0.1,0,0,1
90,1,13,1,1.1,1.7,0.9,0,0,1
90,2,13,1,1.1,1.7,0.9,0,0,1
90,3,2,0.1,0.2,0.3,0.1,0,0,1
90,4,7,0.5,0.6,0.9,0.5,0,0,1
90,5,4,0.3,1,0.3,0.1,0,0,1
90,6,98.5,0,41,1,0,0,0,0
90,7,89,0,27,11,0,0,0,0
90,8,7,0.5,1.7,0.4,0.2,0.1,0,1
90,9,13,1,3.2,0.8,0.4,0.1,0,1
90,10,6,0.8,1.3,0.5,0.2,0,0,1
90,11,21,2.7,4.7,1.6,0.7,0,0,1
90,12,37,0,14,0,0,0,0,0
90,13,15,2,3.3,1.1,0.5,0,0,1
90,27,26,0,8.3,1.1,0,0,0,1
90,28,41,10,5,2,0,0,0,0
90,29,9,0,2.9,0.4,0,0,0,1
90,30,7,0.6,1.1,0.6,0.6,0,0,1
90,31,3,0.3,0.4,0.3,0.2,0,0,1
90,34,11,0.9,1.7,1,0.9,0,0,1
90,35,5,0.3,0.6,1.2,0,0,0,1
90,36,42,2.2,5.2,10.3,0,0,0,1
90,37,80,0,27,5,0,0,0,0
90,59,4,0.2,1,0.3,0.1,0,0,1
90,60,31,1.2,9.4,2.3,0,0,0,1
90,61,72,3,12,7,0,0,0,0
90,62,51,0,10,11,0,0,0,0
90,63,51,0,13,4,0,0,0,0
90,64,44,1,6,7,0,0,0,0
90,65,43.5,0,13,2,0,0,0,0
90,66,25,1,5.3,2.4,0.9,0,0,1
90,68,4,0.2,0.8,0.4,0.1,0,0,1
90,78,9,0.2,2,1.4,0,0,0,1
90,79,21,0.4,4.7,3.4,0,0,0,1
90,80,10.5,0,2.4,2,0.4,0,0,1
90,93,6,0,1.4,0.4,0.7,0,0,1
90,94,7,0,1.7,0.4,0.8,0,0,1
90,120,3,0,0.3,0.6,0.4,0,0,1
90,136,24.5,0.4,3.4,7.1,0.7,0,0,1
90,137,7,0.1,1,2,0.2,0,0,1
90,138,4,0.1,0.5,1.2,0.1,0,0,1
90,152,2,0,0.3,0.2,0.7,0,0,1
90,153,1,0,0.2,0.1,0.3,0,0,1
90,163,2,0,0.2,0.2,0.2,0.1,0,1
90,164,47.5,3,0,11,0,0,0,0
90,165,15,0.5,1.4,1.5,1.4,0.5,0,1
90,175,4,0.1,0.3,0.4,0.7,0,0,1
90,188,17,0,1.5,3.8,0.4,0,0,1
90,189,30,0,2.6,6.8,0.7,0,0,1
90,190,25,0.4,3.1,5.5,0.8,0,0,1
90,191,52,1,1,7,13,0,0,0
90,192,102,3,2,8,34,0,0,0
90,201,4,0,0.5,0.7,0.3,0,0,1
90,202,4,0,0.5,0.7,0.3,0,0,1
90,203,8,0,1.1,1.4,0.5,0,0,1
90,212,5,0.3,0.4,1.1,0.1,0,0,1
90,213,2,0.1,0.2,0.4,0.1,0,0,1
90,214,6,0.3,0.5,1.3,0.1,0.1,0,1
90,215,6,0.1,0.6,1.3,0.3,0,0,1
90,220,1,0,0.1,0.1,0.2,0,0,1
90,221,7,0,0.6,0.8,1.7,0,0,1
90,232,4,0,0.2,0.6,0.5,0,0,1
90,234,11,0,0.7,1.6,1.3,0,0,1
90,235,10,0,0.6,1.5,2.3,0,0,1
90,236,21,0,1.3,3.1,4.8,0,0,1
90,237,5,0,0.3,0.7,1.2,0,0,1
90,238,5,0,0.3,0.7,1.2,0,0,1
90,239,2,0,0.1,0.3,0.5,0,0,1
91,0,29,2.2,2.5,3.9,1.9,0,0,1
91,1,6,0.5,0.5,0.8,0.4,0,0,1
91,2,11,0.8,1,1.5,0.7,0,0,1
91,3,17,1.3,1.5,2.3,1.1,0,0,1
91,4,5,0.4,0.4,0.7,0.3,0,0,1
91,5,1,0.1,0.2,0.1,0,0,0,1
91,6,93,1,25,12,1,0,0,0
91,7,59,0,3,18,0,0,0,0
91,8,7,0.5,1.7,0.4,0.2,0.1,0,1
91,9,6,0.4,1.5,0.4,0.2,0,0,1
91,10,15,2,3.3,1.1,0.5,0,0,1
91,11,8,1.1,1.8,0.6,0.2,0,0,1
91,12,11,1.4,2.5,0.9,0.3,0,0,1
91,13,7,0.9,1.6,0.5,0.2,0,0,1
91,18,15,0,2.3,2.7,1.4,0,0,1
91,34,9,0.8,1.3,0.8,0.8,0,0,1
91,35,57,6,17,4,0,0,0,0
91,36,123,3,31,18,0,0,0,0
91,37,151,3,22,25,8,1,0,0
91,38,80.5,0,15,12,6,1,0,0
91,39,90,3,14,17,0,0,0,0
91,60,9,0.3,2.7,0.7,0,0,0,1
91,63,1,0,0.3,0.1,0,0,0,1
91,64,9,0.3,2.7,0.7,0,0,0,1
91,65,11,0.4,2.3,1.1,0.4,0,0,1
91,67,2,0.1,0.4,0.2,0.1,0,0,1
91,76,3,0,0.7,0.5,0,0,0,1
91,78,50.5,0,8,11,0,0,0,0
91,79,67.5,0,14,10,0,0,0,0
91,80,30,0,9,5,0,0,0,0
91,92,2,0,0.5,0.1,0.2,0,0,1
91,93,5,0,1.2,0.3,0.6,0,0,1
91,94,3,0,0.7,0.2,0.3,0,0,1
91,97,3,0,0.4,0.9,0.2,0,0,1
91,131,3,0,0.4,0.9,0.1,0,0,1
91,137,2,0,0.3,0.6,0,0,0,1
91,151,3,0,0.5,0.3,1,0,0,1
91,163,2,0,0.2,0.2,0.2,0.1,0,1
91,165,2,0,0.2,0.2,0.2,0.1,0,1
91,166,3,0.1,0.3,0.3,0.3,0.1,0,1
91,172,3,0.1,0.2,0.3,0.5,0,0,1
91,174,10,0.2,0.8,1.1,1.7,0,0,1
91,190,19,0.3,2.4,4.2,0.6,0,0,1
91,191,42,0,12,9,2,0,0,0
91,192,21,0,4,6,3,0,0,0
91,193,48,2,0,9,5,0,0,0
91,194,13,0.2,1.6,2.9,0.4,0,0,1
91,212,11,0.6,0.9,2.3,0.2,0.1,0,1
91,213,8,0.4,0.6,1.7,0.2,0.1,0,1
91,214,12,0.7,0.9,2.5,0.3,0.1,0,1
91,215,6,0.1,0.6,1.3,0.3,0,0,1
91,216,4,0.1,0.4,0.9,0.2,0,0,1
91,217,7,0.1,0.7,1.6,0.3,0,0,1
91,218,13,0.2,1.3,2.9,0.6,0,0,1
91,219,11,0.2,1.1,2.5,0.5,0,0,1
91,227,5,0,0.4,0.6,1.2,0,0,1
91,233,18,0,1.1,2.7,2.1,0,0,1
91,234,5,0,0.3,0.7,0.6,0,0,1
91,236,2,0,0.1,0.3,0.5,0,0,1
91,255,8,0.7,1.3,0.9,0.5,0,0,1
92,0,117,0,0,44,0,0,0,0
92,1,125,0,0,48,0,0,29,0
92,2,92,5,2,25,7,0,0,0
92,3,105,5,4,35,13,0,0,0
92,4,57.5,2,19,0,9,0,0,0
92,5,224,0,81,0,0,0,81,0
92,6,130.5,0,42,0,1,0,22,0
92,7,19.5,1.4,4.8,1.3,0.5,0.2,0,1
92,8,3,0.2,0.8,0.2,0.1,0,0,1
92,9,6,0.4,1.5,0.4,0.2,0,0,1
92,10,22,2.9,4.9,1.7,0.7,0,0,1
92,25,4,0,1.3,0.1,0,0,0,1
92,26,4,0,1.3,0.1,0,0,0,1
92,32,3,0.3,0.4,0.3,0.2,0,0,1
92,33,25.5,0,12,0,0,0,0,0
92,35,64.5,1,10,11,0,0,0,0
92,36,134,3,26,24,2,0,0,0
92,37,124,5,21,9,16,0,0,0
92,38,104,2,2,47,8,0,13,0
92,39,77,12,3,15,9,0,0,0
92,40,73,15,11,3,4,0,0,0
92,41,10,0.3,1.2,2.6,0,0,0,1
92,65,3,0.1,0.7,0.3,0.1,0,0,1
92,73,6,0,0.9,1.3,0.1,0,0,1
92,74,41.5,0,1,12,0,0,0,0
92,76,33,1,2,11,0,0,0,0
92,77,40,0,18,2,0,0,0,0
92,78,86.5,0,36,9,0,0,0,0
92,79,54,1,17,6,0,0,0,0
92,80,14,0,3.2,2.6,0.5,0,0,1
92,92,7,0,1.7,0.4,0.8,0,0,1
92,96,1,0,0.1,0.3,0.1,0,0,1
92,137,9,0.2,1.2,2.6,0.3,0,0,1
92,171,4,0.1,0.3,0.4,0.7,0,0,1
92,172,3,0.1,0.2,0.3,0.5,0,0,1
92,173,1,0,0.1,0.1,0.2,0,0,1
92,175,10,0.2,0.8,1.1,1.7,0,0,1
92,189,19,0,1.6,4.3,0.5,0,0,1
92,190,15,0.3,1.8,3.3,0.5,0,0,1
92,191,38,1,5,12,0,0,0,0
92,192,43,3,6,7,1,0,0,0
92,193,57.5,1,3,18,0,0,0,0
92,194,20,0.3,2.5,4.4,0.7,0,0,1
92,213,2,0.1,0.2,0.4,0.1,0,0,1
92,214,11,0.6,0.9,2.3,0.2,0.1,0,1
92,215,46,1,7,11,2,0,0,0
92,216,53,2,5,3,17,0,0,0
92,217,25,0.4,2.5,5.6,1.2,0,0,1
92,218,10,0.2,1,2.2,0.5,0,0,1
92,231,6,0,0.4,0.9,0.7,0,0,1
92,232,3,0,0.2,0.4,0.4,0,0,1
92,233,9,0,0.5,1.4,1.1,0,0,1
92,238,1,0,0.1,0.1,0.2,0,0,1
92,241,3,0.2,0.5,0.4,0.2,0,0,1
92,247,8,0.5,1.3,1.1,0.7,0,0,1
93,0,136,1,18,42,0,0,0,0
93,1,99.5,0,2,63,0,0,22,0
93,2,112.5,5,8,5,36,1,0,0
93,3,143.5,6,5,7,47,0,0,0
93,4,226.5,2,64,8,22,0,43,0
93,5,50,1,0,18,1,0,18,0
93,6,157.5,8,45,1,0,0,48,0
93,7,33,8,6,1,1,0,0,0
93,8,20,1.5,4.9,1.3,0.5,0.2,0,1
93,9,2,0.1,0.5,0.1,0.1,0,0,1
93,12,1,0.2,0.2,0.1,0,0,0,1
93,13,4,0.5,0.9,0.3,0.1,0,0,1
93,22,4,0.1,0.4,0.2,0.8,0,0,1
93,36,71,0,19,9,0,0,0,0
93,37,85,9,24,4,0,0,0,0
93,38,244.5,17,11,63,18,1,29,0
93,39,138.5,12,4,14,31,2,7,0
93,40,89,8,12,19,2,2,0,0
93,41,107,2,12,23,0,2,0,0
93,42,55.5,0,0,13,0,0,0,0
93,43,2,0.1,0.2,0.5,0,0,0,1
93,54,12,0.5,3.1,0.8,0.3,0,0,1
93,67,2,0.1,0.4,0.2,0.1,0,0,1
93,73,17,0,2.6,3.7,0.3,0,0,1
93,74,80.5,0,1,28,0,1,0,0
93,75,38,0,14,3,0,0,0,0
93,76,94,5,5,16,14,0,0,0
93,77,182,2,17,18,47,0,4,0
93,78,86,3,13,17,4,0,0,0
93,79,66,2,17,5,0,0,0,0
93,92,2,0,0.5,0.1,0.2,0,0,1
93,93,2,0,0.5,0.1,0.2,0,0,1
93,173,4,0.1,0.3,0.4,0.7,0,0,1
93,174,5,0.1,0.4,0.6,0.8,0,0,1
93,180,2,0,0.2,0.5,0,0,0,1
93,190,3,0,0.4,0.7,0.1,0,0,1
93,192,1,0,0.1,0.2,0.1,0,0,1
93,193,10,0.2,1.2,2.2,0.3,0,0,1
93,194,1,0,0.1,0.2,0.1,0,0,1
93,195,2,0,0.3,0.4,0.1,0,0,1
93,214,24,1.3,1.9,5,0.6,0.2,0,1
93,215,24,0.4,2.4,5.3,1.2,0,0,1
93,216,44,1,4,3,15,0,0,0
93,217,11,0.2,1.1,2.5,0.5,0,0,1
93,228,2,0,0.2,0.2,0.5,0,0,1
93,231,1,0,0.1,0.1,0.1,0,0,1
93,238,2,0,0.1,0.3,0.5,0,0,1
93,240,2,0.1,0.3,0.3,0.2,0,0,1
93,246,3,0.2,0.5,0.4,0.2,0,0,1
93,247,6,0.4,1,0.8,0.5,0,0,1
94,0,53,0,24,1,0,0,0,0
94,1,117.5,11,10,25,14,0,0,0
94,2,371,4,11,30,125,2,0,0
94,3,310,4,6,24,133,0,0,0
94,4,201,4,6,21,62,0,0,0
94,5,112.5,16,11,9,21,0,0,0
94,6,187.5,61,7,0,8,0,50,0
94,7,73.5,7,17,8,0,0,0,0
94,8,11,0.8,2.7,0.7,0.3,0.1,0,1
94,9,10,0.7,2.5,0.6,0.3,0.1,0,1
94,12,12,1.6,2.7,0.9,0.3,0,0,1
94,13,5,0.6,1.1,0.4,0.2,0,0,1
94,14,3,0.4,0.7,0.2,0.1,0,0,1
94,15,3,0,0.5,0.5,0.3,0,0,1
94,16,3,0,0.5,0.5,0.3,0,0,1
94,24,8,0.3,0.8,0.4,1.5,0,0,1
94,25,4,0,1.3,0.1,0,0,0,1
94,36,10,0.5,1.2,2.5,0,0,0,1
94,37,70.5,0,0,25,0,0,0,0
94,38,135.5,9,35,15,8,0,0,0
94,39,259.5,9,13,49,64,1,20,0
94,40,117,8,6,9,26,1,0,0
94,41,77,4,5,16,0,0,0,0
94,42,85,0,0,29,0,0,0,0
94,43,87,0,2,26,0,1,0,0
94,44,22,0.7,2.6,5.8,0,0,0,1
94,45,11,1,2.3,0.9,0.2,0,0,1
94,46,1,0.1,0.2,0.1,0,0,0,1
94,54,4,0.2,1,0.3,0.1,0,0,1
94,64,3,0.1,0.9,0.2,0,0,0,1
94,67,2,0.1,0.4,0.2,0.1,0,0,1
94,71,11,0,1.7,2.4,0.2,0,0,1
94,72,13,0,2,2.9,0.2,0,0,1
94,73,38,0,6,9,0,0,0,0
94,74,12,0,1.8,2.7,0.2,0,0,1
94,75,51,3,14,1,3,0,0,0
94,76,101.5,4,6,11,24,0,0,0
94,77,277.5,2,20,37,68,0,0,0
94,78,91.5,1,0,26,5,0,0,0
94,79,16.5,0.3,3.7,2.7,0,0,0,1
94,80,1,0,0.2,0.2,0.1,0,0,1
94,97,11,0,1.4,3.4,0.7,0,0,1
94,99,4,0,0.5,1.3,0.2,0,0,1
94,100,2,0.1,0.2,0.1,0.4,0,0,1
94,146,6,0,1,0.5,2,0,0,1
94,163,1,0,0.1,0.1,0.1,0.1,0,1
94,171,3,0.1,0.2,0.3,0.5,0,0,1
94,200,2,0,0.3,0.4,0.1,0,0,1
94,201,4,0,0.5,0.7,0.3,0,0,1
94,211,5,0.3,0.4,1.1,0.1,0,0,1
94,213,6,0.3,0.5,1.3,0.1,0.1,0,1
94,214,14,0.8,1.1,2.9,0.4,0.1,0,1
94,215,2,0,0.2,0.5,0.1,0,0,1
94,216,2,0,0.2,0.5,0.1,0,0,1
94,246,12,0.7,2,1.6,1,0,0,1
95,0,49,0,16,3,0,0,0,0
95,1,156,3,11,24,30,0,0,0
95,2,301.5,5,7,17,120,1,0,0
95,3,323.5,4,2,23,138,3,1,0
95,4,181.5,7,6,22,45,0,0,0
95,5,174.5,51,10,3,15,0,23,0
95,6,484,192,1,0,0,0,170,0
95,7,327,88,34,1,0,0,46,0
95,8,46,0,19,0,0,0,0,0
95,9,9,0.1,1.8,1.1,0,0,0,1
95,13,3,0,0.5,0.5,0.3,0,0,1
95,14,2,0,0.3,0.3,0.2,0,0,1
95,15,8,1.2,0.3,0.3,1.6,0,0,1
95,23,4,0.1,0.4,0.2,0.8,0,0,1
95,26,4,0.1,0.4,0.2,0.8,0,0,1
95,37,12,0,0.5,3.2,0,0,1.4,1
95,38,144.5,0,24,31,0,0,0,0
95,39,138,9,26,21,3,0,0,0
95,40,126,5,6,21,28,0,0,0
95,41,110.5,0,6,23,20,0,0,0
95,42,50,0,5,13,0,0,0,0
95,43,43,0,6,14,0,1,0,0
95,44,38,0,0,15,0,0,0,0
95,45,11,1,2.3,0.9,0.2,0,0,1
95,46,4,0.4,0.8,0.3,0.1,0,0,1
95,54,4,0.2,1,0.3,0.1,0,0,1
95,55,2,0.1,0.5,0.1,0.1,0,0,1
95,71,7.5,0,1.5,1.2,0,0,0,1
95,72,17,0,3.5,2.7,0,0,0,1
95,73,89,0,28,6,0,0,0,0
95,74,89,1,27,7,0,0,0,0
95,75,74,2,15,13,2,0,0,0
95,76,146.5,5,28,13,11,0,0,0
95,77,104,3,30,14,0,0,0,0
95,78,82,0,1,30,0,0,0,0
95,79,42,1,0,12,0,0,0,0
95,89,1,0,0.2,0.2,0.1,0,0,1
95,96,1,0,0.1,0.3,0.1,0,0,1
95,97,3,0,0.4,0.9,0.2,0,0,1
95,127,2,0,0.2,0.4,0.3,0,0,1
95,168,6,0.2,0.6,0.6,0.5,0.2,0,1
95,171,2,0,0.2,0.2,0.4,0,0,1
95,172,2,0,0.2,0.2,0.4,0,0,1
95,174,2,0,0.2,0.2,0.4,0,0,1
95,175,4,0,0.1,1.1,0.2,0.1,0,1
95,178,2,0,0,0.6,0.1,0,0,1
95,187,2,0,0.2,0.5,0,0,0,1
95,199,4,0.1,0.5,0.9,0.1,0,0,1
95,211,7,0.4,0.6,1.4,0.2,0,0,1
95,212,6,0.3,0.5,1.3,0.1,0.1,0,1
95,213,4,0.2,0.3,0.9,0.1,0,0,1
95,228,6,0,0.5,0.7,1.5,0,0,1
95,243,2,0.1,0.3,0.3,0.2,0,0,1
95,245,8,0,1.1,1.9,0.2,0,0,1
95,246,30.5,0,2,9,3,0,0,0
95,247,4,0,0.5,1,0.1,0,0,1
96,0,64.5,0,1,22,0,0,0,0
96,1,22,1.4,2.4,5.7,0.5,0,0,1
96,2,87,0,14,17,2,0,0,0
96,3,127,1,21,16,15,0,9,0
96,4,78.5,5,26,6,0,0,0,0
96,5,176,0,69,4,0,0,0,0
96,6,502,0,179,5,0,0,166,0
96,7,421,83,38,22,0,0,142,0
96,8,102.5,0,37,1,1,0,2,0
96,9,7,0.1,1.4,0.9,0,0,0,1
96,12,2,0,0.3,0.3,0.2,0,0,1
96,14,2,0,0.3,0.3,0.2,0,0,1
96,15,3,0.5,0.1,0.1,0.6,0,0,1
96,16,1,0.2,0,0,0.2,0,0,1
96,23,2,0.1,0.2,0.1,0.4,0,0,1
96,24,2,0.1,0.2,0.1,0.4,0,0,1
96,32,3,0.3,0.4,0.3,0.2,0,0,1
96,33,4,0.4,0.6,0.4,0.3,0,0,1
96,34,2,0.2,0.3,0.2,0.1,0,0,1
96,38,86.5,0,0,32,0,0,0,0
96,39,166.5,0,26,41,0,0,25,0
96,40,100,10,25,4,0,0,0,0
96,41,101,9,11,22,1,0,0,0
96,42,29,2.2,3.8,4.2,0.4,0,0,1
96,43,24,1.8,3.1,3.5,0.4,0,0,1
96,44,35.5,2,5,6,0,0,0,0
96,45,5,0.5,1,0.4,0.1,0,0,1
96,46,17,1.6,3.6,1.4,0.3,0,0,1
96,53,12,0.5,3.1,0.8,0.3,0,0,1
96,55,4,0.2,1,0.3,0.1,0,0,1
96,72,39,0,10,6,0,0,0,0
96,73,48,0,11,6,0,0,0,0
96,74,91.5,0,2,32,0,0,0,0
96,75,31,0,2,8,2,1,0,0
96,76,91.5,9,21,14,0,0,0,0
96,77,88.5,3,14,17,0,0,0,0
96,78,70.5,0,5,21,0,0,0,0
96,79,47,0,0,15,0,0,0,0
96,92,1,0,0.1,0.3,0.1,0,0,1
96,93,2,0,0.3,0.6,0.1,0,0,1
96,106,1,0.1,0.1,0,0.2,0,0,1
96,130,3,0,0.3,0.7,0,0,0,1
96,131,11,0,1.2,2.6,0,0,0,1
96,132,16,0,1.7,3.8,0,0,0,1
96,133,58,0,1,20,0,0,7,0
96,134,50,0,2,13,0,0,0,0
96,135,14,0.2,1.9,4.1,0.4,0,0,1
96,177,37,0,2,10,0,0,0,0
96,178,36,1,2,9,3,0,0,0
96,179,18,0.3,0.3,4.9,0.9,0.3,0,1
96,180,2,0,0.2,0.5,0,0,0,1
96,181,2,0,0.2,0.5,0,0,0,1
96,245,2,0,0.3,0.5,0,0,0,1
96,246,23,0.1,3,5.5,0.6,0.1,0,1
96,247,18,0.1,2.4,4.2,0.5,0.1,0,1
97,0,86,0,2,30,0,0,0,0
97,1,76,0,6,18,0,1,0,0
97,2,115.5,0,19,24,0,0,0,0
97,3,59,1,11,12,0,0,0,0
97,4,59,5,15,4,0,5,0,0
97,5,134,0,53,4,0,0,0,0
97,6,132,0,59,0,0,0,0,0
97,7,169,7,65,1,0,0,40,0
97,8,48,0,18,0,1,0,0,0
97,9,4,0,0.8,0.5,0,0,0,1
97,20,1,0,0.1,0.1,0.2,0,0,1
97,23,4,0.1,0.4,0.2,0.8,0,0,1
97,29,2,0.1,0.2,0.1,0.4,0,0,1
97,32,2,0.2,0.3,0.2,0.1,0,0,1
97,39,104,0,4.1,28.1,0,0,12.4,1
97,40,12,0.9,1.6,1.7,0.2,0,0,1
97,41,34,1,5,7,0,0,0,0
97,42,89.5,8,4,17,0,0,0,0
97,43,12,0.9,1.6,1.7,0.2,0,0,1
97,44,9,0.7,1.2,1.3,0.1,0,0,1
97,52,2,0.1,0.5,0.1,0.1,0,0,1
97,68,3,0.1,0.7,0.3,0.1,0,0,1
97,71,8,0,1.6,1.3,0,0,0,1
97,72,39,1,14,1,0,0,0,0
97,73,24,0,11,1,0,0,0,0
97,74,59.5,0,3,17,0,0,0,0
97,75,71,0,3,29,0,0,0,0
97,76,74,1,26,7,0,0,0,0
97,77,112,0,11,27,0,0,0,0
97,78,63,0,9,18,0,0,0,0
97,79,16,0,0,6,0,0,0,1
97,129,8,0,0.8,1.6,1.1,0,0,1
97,130,36,0,2,11,0,0,0,0
97,131,54.5,0,3,20,0,0,0,0
97,132,60.5,0,5,17,1,0,0,0
97,133,144,3,16,42,4,0,14,0
97,134,32,2,2,2,5,2,0,0
97,135,1,0,0.2,0.3,0,0,0,1
97,136,1,0,0.2,0.3,0,0,0,1
97,176,11,0.2,0.2,3,0.5,0.2,0,1
97,177,45,0,2,12,0,0,0,0
97,178,32,0,1,4,12,0,0,0
97,179,62,0,2,6,15,0,0,0
97,180,33.5,0.5,3.1,7.9,0.5,0,0,1
97,194,9,0.1,1.1,2,0.3,0,0,1
97,203,3,0,0.4,0.5,0.2,0,0,1
97,228,1,0,0.1,0.1,0.2,0,0,1
97,236,3,0,0.2,0.4,0.4,0,0,1
97,246,18,0.1,2.4,4.2,0.5,0.1,0,1
97,247,41.5,0,4,11,0,0,0,0
97,248,3,0,0.4,0.7,0.1,0,0,1
98,2,7,0.5,0.8,1.8,0.1,0,0,1
98,3,44,0,0,16,0,0,0,0
98,4,11,0.7,1.2,2.9,0.2,0,0,1
98,5,65,0,30,1,0,0,0,0
98,6,75,0,32,1,0,0,0,0
98,7,41,0,20,0,0,0,0,0
98,12,3,0,0.5,0.5,0.3,0,0,1
98,17,5,0.8,0.2,0.2,0.9,0,0,1
98,20,10,0.4,0.9,0.6,1.9,0,0,1
98,32,2,0.2,0.3,0.2,0.1,0,0,1
98,43,35,2.7,4.5,5.1,0.5,0,0,1
98,44,4,0.3,0.5,0.6,0.1,0,0,1
98,49,2,0.2,0.4,0.2,0,0,0,1
98,51,2,0.1,0.5,0.1,0.1,0,0,1
98,72,27,0,11,1,0,0,0,0
98,73,42,0,13,3,0,0,0,0
98,74,28.5,0,5.8,4.5,0,0,0,1
98,75,49,0,0,29,0,0,0,0
98,76,24,0,4,12,0,0,11,0
98,77,79,0,1,28,0,0,0,0
98,78,25,0,0,9.4,0,0,0,1
98,79,7,0,0,2.6,0,0,0,1
98,90,6,0,0.7,1.9,0.4,0,0,1
98,128,2,0,0.2,0.4,0.3,0,0,1
98,129,52.5,1,1,20,0,0,0,0
98,130,25,3,4,3,1,0,0,0
98,131,262.5,6,24,25,68,1,0,0
98,132,192,3,6,20,69,0,0,0
98,133,95.5,0,11,25,0,0,0,0
98,134,104,0,0,59,0,0,9,0
98,158,2,0,0.3,0.2,0.7,0,0,1
98,159,4,0,0.7,0.3,1.3,0,0,1
98,176,1,0,0,0.3,0.1,0,0,1
98,177,25,0,4,7,0,0,0,0
98,178,24.5,2,2,8,0,0,0,0
98,179,20.5,0.3,0.3,5.7,1,0.4,0,1
98,180,26.5,0.4,2.5,6.2,0.4,0,0,1
98,212,2,0.1,0.2,0.4,0.1,0,0,1
98,227,4,0,0.3,0.5,1,0,0,1
98,246,21,0.1,2.8,5,0.5,0.1,0,1
98,247,20.5,0.1,2.7,4.9,0.5,0.1,0,1
98,248,28,0.1,3.7,6.6,0.7,0.2,0,1
98,249,11,0,1.4,2.6,0.3,0.1,0,1
98,250,5,0.4,0.8,0.6,0.3,0,0,1
98,251,2,0.2,0.3,0.2,0.1,0,0,1
99,3,4,0.3,0.4,1,0.1,0,0,1
99,4,2,0.1,0.2,0.5,0.1,0,0,1
99,5,23.5,0.4,4.7,2.8,0,0,0,1
99,6,14,0.2,2.8,1.7,0,0,0,1
99,7,2,0,0.4,0.3,0,0,0,1
99,15,9,1.4,0.3,0.4,1.7,0,0,1
99,20,12,0.4,1.1,0.7,2.3,0,0,1
99,37,6,0,0.3,1.6,0,0,0.7,1
99,39,4,0,0.1,1.1,0,0,0.5,1
99,40,6,0.4,0.8,0.9,0.1,0,0,1
99,43,141,0,14,30,0,0,0,0
99,44,47.5,0,3,14,0,0,0,0
99,45,168.5,0,0,56,0,0,0,0
99,46,44,0,0,11,0,0,0,0
99,47,4,0.4,0.8,0.3,0.1,0,0,1
99,48,5,0.5,1,0.4,0.1,0,0,1
99,49,2,0.2,0.4,0.2,0,0,0,1
99,72,32,0,6.5,5.1,0,0,0,1
99,73,34,0,14,2,0,0,0,0
99,74,20,0,4.1,3.2,0,0,0,1
99,76,177,0,0,83,0,0,83,0
99,128,77,2,2,16,0,0,0,0
99,129,93.5,4,6,23,1,0,0,0
99,130,50,4,9,4,6,0,0,0
99,131,103.5,4,15,9,25,0,0,0
99,132,45,0,4,11,8,0,0,0
99,133,90,3,9,20,0,0,0,0
99,134,8,0,0.8,1.9,0,0,0,1
99,142,6,0,1,0.5,2,0,0,1
99,179,5,0.1,0.1,1.4,0.2,0.1,0,1
99,189,2,0,0.2,0.5,0,0,0,1
99,203,4,0,0.5,0.7,0.3,0,0,1
99,234,7,0,0.4,1.1,0.8,0,0,1
99,246,4,0,0.5,1,0.1,0,0,1
99,247,14,0.1,1.8,3.3,0.4,0.1,0,1
99,248,16,0.1,2.1,3.8,0.4,0.1,0,1
99,249,37.5,2,2,11,4,0,0,0
99,250,46,0,3,14,6,0,0,0
99,251,14,1.2,2.2,1.6,0.9,0,0,1
99,252,5,0.4,0.8,0.6,0.3,0,0,1
100,3,3,0,0.3,0.4,0.6,0,0,1
100,5,5,0,0.5,0.7,0.9,0,0,1
100,15,6,0,1,1.5,0,0,0,1
100,29,6,0.3,0.6,1.1,0.1,0.1,0,1
100,31,5,1,0.5,0.5,0.1,0,0,1
100,35,8,2.5,1.1,0,0,0,0,1
100,36,3,0.9,0.4,0,0,0,0,1
100,37,2,0.6,0.3,0,0,0,0,1
100,38,2,0.6,0.3,0,0,0,0,1
100,41,1,0,0.1,0.4,0,0.1,0,1
100,42,49,3,13,3,7,0,0,0
100,43,127,7,20,16,14,0,0,0
100,44,121.5,0,39,9,0,0,0,0
100,45,147.5,0,21,33,0,0,0,0
100,46,133,2,19,23,0,0,0,0
100,47,59,4,5,11,0,0,0,0
100,48,8,0.2,1.5,1.1,0.2,0,0,1
100,49,7,0.2,1.3,0.9,0.2,0,0,1
100,50,7,0.4,1.3,1.1,0,0.1,0,1
100,54,10,0.5,1.9,1.6,0,0.1,0,1
100,72,8,0,3,1,0,0,0,1
100,73,37,0,7,6,0,0,0,0
100,91,1,0.1,0.1,0.1,0.1,0,0,1
100,110,1,0.1,0.1,0,0.2,0,0,1
100,127,2,0,0.1,0.5,0.1,0,0,1
100,128,48,3,10,9,0,0,0,0
100,129,79,0,7,21,0,0,0,0
100,130,61,0,12,12,0,0,0,0
100,131,80,0,32,4,0,0,0,0
100,132,67.5,0,17,11,0,0,0,0
100,133,117.5,0,2,38,0,0,32,0
100,164,4,0,0.3,1,0.2,0,0,1
100,177,4,0,0.3,0.9,0.2,0,0,1
100,178,3,0,0.2,0.7,0.1,0,0,1
100,200,2,0,0.1,0.4,0.3,0,0,1
100,204,7,0.1,0.3,1.3,1.1,0.1,0,1
100,205,18,0.2,1,3.3,2.9,0.2,0,1
100,233,3,0,0.5,0.1,0.6,0,0,1
100,249,62.5,0.8,1.6,7.2,21,0,0,1
100,250,49,1,1,1,23,0,0,0
100,251,37,0,1,10,8,0,0,0
100,252,49,1,2,11,4,0,0,0
100,253,13,0.5,2.3,2.3,0.9,0,0,1
101,3,4,0,0.4,0.6,0.7,0,0,1
101,17,7,0,1.2,1.7,0,0,0,1
101,34,2,0.4,0.2,0.2,0.1,0,0,1
101,35,8,2.5,1.1,0,0,0,0,1
101,36,1,0.3,0.1,0,0,0,0,1
101,37,6,1.8,0.9,0,0,0,0,1
101,38,4,1.2,0.6,0,0,0,0,1
101,40,2.5,0.1,0.3,0.9,0,0.1,0,1
101,41,1,0,0.1,0.4,0,0.1,0,1
101,42,36,0,9,1,9,0,0,0
101,43,271.5,5,11,28,95,0,0,0
101,44,126,0,25,13,7,2,0,0
101,45,92,1,37,0,0,0,0,0
101,46,87.5,9,12,16,0,0,0,0
101,47,79.5,10,18,6,0,0,0,0
101,48,25,0,7,3,2,0,0,0
101,49,7,0.2,1.3,0.9,0.2,0,0,1
101,50,2,0.1,0.4,0.3,0,0,0,1
101,52,2,0.1,0.4,0.3,0,0,0,1
101,71,1,0,0.4,0.1,0,0,0,1
101,73,2,0,0.7,0.3,0,0,0,1
101,75,5,0,1.9,0.6,0,0,0,1
101,89,2,0,0.1,0.5,0.1,0,0,1
101,92,3,0.2,0.4,0.4,0.3,0,0,1
101,94,5,0.3,0.7,0.7,0.5,0,0,1
101,95,3,0.2,0.4,0.4,0.3,0,0,1
101,99,4,0.2,0.6,0.6,0.4,0,0,1
101,127,33,0.6,1.2,8.6,1.7,0,0,1
101,128,37,0,2,11,0,1,0,0
101,129,33,0,7,4,0,0,0,0
101,130,33,0,9,7,0,0,0,0
101,131,22,0,7.8,0.7,0,0,0,1
101,132,7,0,2.5,0.2,0,0,0,1
101,149,2,0,0.1,0.2,0.4,0,0,1
101,157,5,0,0.3,1.4,0,0.1,0,1
101,176,3,0,0.2,0.7,0.1,0,0,1
101,206,1,0,0,0.2,0.2,0,0,1
101,233,1,0,0.2,0,0.2,0,0,1
101,248,4,0.1,0.1,0.5,1.3,0,0,1
101,249,9,0.1,0.2,1.1,3,0,0,1
101,251,6,0.2,1.1,1.1,0.4,0,0,1
101,252,9,0.3,1.6,1.6,0.7,0,0,1
102,14,3,0,0.5,0.8,0,0,0,1
102,15,2.5,0,0.5,0.6,0,0,0,1
102,16,5,0,0.9,1.2,0,0,0,1
102,29,4,0.2,0.3,0.7,0.1,0.1,0,1
102,30,8,1.6,0.8,0.8,0.2,0,0,1
102,32,7,1.4,0.7,0.7,0.2,0,0,1
102,33,2,0.4,0.2,0.2,0.1,0,0,1
102,34,7,1.4,0.7,0.7,0.2,0,0,1
102,35,2,0.6,0.3,0,0,0,0,1
102,40,1,0,0.1,0.4,0,0.1,0,1
102,42,14,0.7,1.5,5,0,0.7,0,1
102,43,202.5,9,5,14,56,1,0,0
102,44,90,7,7,7,18,1,0,0
102,45,49.5,1,12,8,0,0,0,0
102,46,82,4,14,8,0,0,0,0
102,47,78,11,12,10,0,0,0,0
102,48,112,3,27,18,0,0,0,0
102,49,21,0.5,4,2.9,0.5,0,0,1
102,54,3,0.1,0.6,0.5,0,0,0,1
102,58,1,0,0.2,0.2,0,0,0,1
102,67,1,0,0.3,0,0.2,0,0,1
102,72,6,0,2.2,0.8,0,0,0,1
102,89,10,0,0.6,2.6,0.2,0,0,1
102,94,1,0.1,0.1,0.1,0.1,0,0,1
102,100,2,0.1,0.2,0.1,0.4,0,0,1
102,104,2,0.1,0.2,0.1,0.4,0,0,1
102,159,4,0,0.2,1.2,0,0,0,1
102,160,5,0,0.3,1.3,0.2,0,0,1
102,173,5,0,0.5,1.1,0.3,0,0,1
102,174,10,0,1,2.3,0.6,0,0,1
102,175,51.5,0,2,16,0,0,0,0
102,176,45,0,3,14,0,0,0,0
103,3,1,0,0.1,0.1,0.2,0,0,1
103,16,1,0,0.2,0.2,0,0,0,1
103,17,3,0,0.5,0.8,0,0,0,1
103,29,4.5,0.2,0.4,0.8,0.1,0.1,0,1
103,30,7,1.4,0.7,0.7,0.2,0,0,1
103,31,2,0.4,0.2,0.2,0.1,0,0,1
103,43,158,0,20,37,10,0,8,0
103,44,93,1,21,22,0,0,0,0
103,45,50,0,15,3,0,0,0,0
103,46,37,1,8,8,0,0,0,0
103,47,40.5,1,9,8,0,0,0,0
103,48,29,2,12,2,0,0,0,0
103,49,8,0.2,1.5,1.1,0.2,0,0,1
103,50,12,0.5,2.3,1.9,0,0.2,0,1
103,55,10,0.5,1.9,1.6,0,0.1,0,1
103,85,4,0,0.2,1.1,0.1,0,0,1
103,86,15,0,0.9,4,0.2,0,0,1
103,87,9,0,0.5,2.4,0.1,0,0,1
103,88,15,0,0.9,4,0.2,0,0,1
103,89,14,0,0.8,3.7,0.2,0,0,1
103,99,6,0.3,0.9,0.9,0.5,0,0,1
103,101,3,0.2,0.3,0.1,0.5,0,0,1
103,157,14,0,0.8,4.1,0,0.2,0,1
103,158,5,0,0.3,1.4,0,0.1,0,1
103,159,9,0,0.5,2.6,0,0.1,0,1
103,160,39.5,0,9,8,0,0,0,0
103,161,3,0,0.2,0.8,0.1,0,0,1
103,172,8,0,0.8,1.8,0.5,0,0,1
103,173,17,0,1.7,3.8,1.1,0,0,1
103,174,65,2,1,9,17,0,0,0
103,175,44,2,1,14,0,0,0,0
103,176,17,0,1.3,3.9,0.6,0,0,1
103,205,2,0,0.1,0.4,0.3,0,0,1
103,206,3,0,0.2,0.6,0.5,0,0,1
103,231,1,0,0.2,0,0.2,0,0,1
104,15,1,0,0.2,0.2,0,0,0,1
104,24,5,0.3,0.4,0.9,0.1,0.1,0,1
104,43,36,1,13,2,0,0,0,0
104,45,1,0,0.2,0.2,0,0,0,1
104,49,4,0.1,0.7,0.6,0.1,0,0,1
104,50,9.5,0.4,1.8,1.5,0,0.2,0,1
104,51,5,0.2,0.9,0.8,0,0.1,0,1
104,55,2,0.1,0.4,0.3,0,0,0,1
104,73,2,0,0.7,0.3,0,0,0,1
104,85,12,0,0.7,3.2,0.2,0,0,1
104,86,26,0,1.5,6.9,0.4,0,0,1
104,87,23,0,1.4,6,0.4,0,0,1
104,88,22,0,1.3,5.8,0.4,0,0,1
104,89,34,0,2,9,0.5,0,0,1
104,90,11,0.7,1.6,1.6,1,0,0,1
104,100,2,0.1,0.2,0.1,0.4,0,0,1
104,101,4,0.2,0.4,0.2,0.7,0,0,1
104,102,4,0.2,0.4,0.2,0.7,0,0,1
104,120,2,0,0.1,0.5,0.1,0,0,1
104,129,2.5,0,0.1,0.7,0.1,0,0,1
104,132,2,0,0.7,0.1,0,0,0,1
104,152,3,0,0.1,0.4,0.6,0,0,1
104,155,2,0,0.1,0.6,0,0,0,1
104,156,28,0,1.5,8.2,0,0.4,0,1
104,157,44,0,0,15,0,0,0,0
104,158,5,0,0.3,1.4,0,0.1,0,1
104,159,91,0,5,31,0,0,15,0
104,160,43,0,3.1,10.9,1.6,0,0,1
104,173,9,0,0.9,2,0.6,0,0,1
104,174,81,0,4,9,23,0,2,0
104,175,22,0,1.7,5,0.8,0,0,1
104,176,4,0,0.3,0.9,0.2,0,0,1
104,184,4,0,0.4,0.3,0.7,0,0,1
104,185,4.5,0,0.4,0.3,0.8,0,0,1
104,222,3,0,0.5,0.1,0.6,0,0,1
105,7,1,0,0.1,0.1,0.2,0,0,1
105,14,2,0,0.4,0.2,0.1,0,0,1
105,32,1,0.1,0.1,0.2,0,0,0,1
105,33,1,0.1,0.1,0.2,0,0,0,1
105,45,4,0.1,0.7,0.6,0.1,0,0,1
105,50,13,0.2,2.1,1.1,0.2,0,0,1
105,51,52.5,5,0,23,0,0,0,0
105,52,4,0.1,0.6,0.3,0.1,0,0,1
105,55,11,0.1,1.3,2.1,0,0.1,0,1
105,60,2,0.1,0.6,0,0.4,0,0,1
105,71,3,0.2,0.5,0.3,0.1,0,0,1
105,85,5,0.1,0.4,1,0.4,0,0,1
105,86,34.5,1,1,9,0,0,0,0
105,87,28,0.5,2.4,5.7,1.9,0,0,1
105,88,5.5,0.1,0.5,1.1,0.4,0,0,1
105,89,19,0.3,1.6,3.9,1.3,0,0,1
105,90,3,0.1,0,0.8,0.2,0,0,1
105,102,3,0.2,0.3,0.1,0.5,0,0,1
105,127,1,0,0,0.3,0.1,0,0,1
105,133,22,0,1.5,5.6,0,0.4,0,1
105,134,21,0,1.4,5.3,0,0.4,0,1
105,135,1,0,0.1,0.2,0,0,0,1
105,154,6,0,1.2,1.2,0.9,0,0,1
105,155,38.5,0,0,11,0,0,0,0
105,156,90,1,1,21,11,0,0,0
105,157,75,2,5,16,0,0,0,0
105,158,61,0,20,6,1,0,3,0
105,159,72.5,1,13,17,1,0,0,0
105,160,69,2,11,12,1,0,0,0
105,161,47,0,0,16,0,0,0,0
105,162,1,0,0,0.3,0,0,0,1
105,174,32,0,0,8.6,0.9,0,0,1
105,175,3,0,0,0.8,0.1,0,0,1
105,185,3,0,0.3,0.2,0.5,0,0,1
105,206,5,0.1,0.2,0.9,0.8,0.1,0,1
106,12,3,0,0.6,0.4,0.1,0,0,1
106,13,3,0,0.6,0.4,0.1,0,0,1
106,32,4,0.2,0.3,0.7,0.1,0.1,0,1
106,33,2,0.1,0.2,0.4,0,0,0,1
106,35,4,0.1,0.4,0.7,0,0,0,1
106,42,2,0.1,0.4,0.3,0,0,0,1
106,48,2,0.1,0.4,0.3,0,0,0,1
106,50,5,0.1,0.8,0.4,0.1,0,0,1
106,51,4,0.1,0.6,0.3,0.1,0,0,1
106,52,3,0,0.5,0.3,0,0,0,1
106,55,2,0,0.3,0.4,0,0,0,1
106,62,1,0,0.3,0,0.2,0,0,1
106,67,2,0.1,0.6,0,0.4,0,0,1
106,72,1,0.1,0.2,0.1,0,0,0,1
106,73,3,0.2,0.5,0.3,0.1,0,0,1
106,81,1,0,0.1,0.2,0,0,0,1
106,84,5,0,0.2,1.2,0.2,0.1,0,1
106,85,6,0.1,0.5,1.2,0.4,0,0,1
106,86,13,0.2,1.1,2.7,0.9,0,0,1
106,87,25,0.4,2.1,5.1,1.7,0,0,1
106,88,27,3,3,3,2,0,0,0
106,89,2,0,0.2,0.4,0.1,0,0,1
106,91,5,0.1,0,1.4,0.4,0,0,1
106,92,2,0.1,0,0.5,0.2,0,0,1
106,120,1,0,0,0.3,0.1,0,0,1
106,134,4,0,0.3,1,0,0.1,0,1
106,135,9,0,0.6,2.3,0,0.2,0,1
106,154,4,0,0.8,0.8,0.6,0,0,1
106,155,44.5,1,0,6,11,0,0,0
106,156,131.5,1,5,23,25,0,0,0
106,157,196,4,5,18,68,0,12,0
106,158,94,2,0,45,11,0,34,0
106,159,54,4,3,9,5,0,0,0
106,160,71.5,5,3,19,2,0,0,0
106,161,61.5,0,1,24,0,0,0,0
106,162,2,0,0,0.7,0,0,0,1
106,205,4.5,0.1,0.2,0.8,0.7,0.1,0,1
106,208,2,0,0.1,0.4,0.3,0,0,1
107,4,2,0,0.2,0.3,0.4,0,0,1
107,13,2,0,0.4,0.2,0.1,0,0,1
107,14,5,0,0.9,0.7,0.2,0,0,1
107,34,4,0.2,0.3,0.7,0.1,0.1,0,1
107,52,3,0,0.5,0.3,0,0,0,1
107,54,30,0.5,4.8,2.6,0.4,0,0,1
107,60,1,0,0.3,0,0.2,0,0,1
107,62,5,0.3,1.5,0,0.9,0,0,1
107,66,7,0.4,2.1,0,1.2,0,0,1
107,67,1,0,0.3,0,0.2,0,0,1
107,71,1,0.1,0.2,0.1,0,0,0,1
107,72,5,0.4,0.9,0.5,0.1,0,0,1
107,75,2,0,0.1,0.6,0.1,0.1,0,1
107,83,5,0,0.2,1.2,0.2,0.1,0,1
107,85,3,0,0.3,0.6,0.2,0,0,1
107,86,11,0.2,0.9,2.2,0.8,0,0,1
107,87,28,0.5,2.4,5.7,1.9,0,0,1
107,88,8,0.1,0.7,1.6,0.6,0,0,1
107,120,3,0,0.1,0.8,0.2,0,0,1
107,127,2,0,0.1,0.5,0.1,0,0,1
107,134,2,0,0.2,0.5,0,0,0,1
107,150,3,0,0.6,0.6,0.4,0,0,1
107,153,1,0,0.2,0.2,0.2,0,0,1
107,154,4,0,0.8,0.8,0.6,0,0,1
107,155,47,2,3,12,4,0,0,0
107,156,65,2,21,9,0,0,0,0
107,157,95,2,4,7,34,0,0,0
107,158,71,1,0,19,0,0,0,0
107,159,4,0,0.2,1.3,0.2,0,0,1
107,160,26,0,0,8.9,0,0,0,1
107,161,12,0,0,4.1,0,0,0,1
107,182,2,0,0.2,0.2,0.3,0,0,1
107,206,2,0,0.1,0.4,0.3,0,0,1
107,207,6,0.1,0.3,1.1,0.9,0.1,0,1
107,215,3,0,0.2,0.6,0.5,0,0,1
108,3,9.5,0,0.9,1.4,1.8,0,0,1
108,14,5,0,0.9,0.7,0.2,0,0,1
108,15,23,0,2.4,5.7,0,0,0,1
108,16,25,0,2.6,6.3,0,0,0,1
108,27,3,0.2,0.3,0.5,0,0.1,0,1
108,32,9,0.5,0.8,1.6,0.1,0.2,0,1
108,33,7,0.4,0.6,1.3,0.1,0.1,0,1
108,34,5,0.3,0.4,0.9,0.1,0.1,0,1
108,35,7,0.2,0.6,1.2,0,0,0,1
108,37,2,0,0.2,0.4,0,0,0,1
108,39,11,0.2,1,2,0,0,0,1
108,40,9,0.2,1.7,1.3,0.2,0,0,1
108,42,1,0,0.2,0.2,0,0,0,1
108,52,2,0.1,0.3,0.2,0,0,0,1
108,53,5,0.1,0.8,0.4,0.1,0,0,1
108,54,86.5,1,4,25,0,1,22,0
108,55,9,0.1,1,1.7,0,0.1,0,1
108,56,46,0,0,20,0,1,19,0
108,58,3,0,0.4,0.6,0,0,0,1
108,65,1,0,0.3,0,0.2,0,0,1
108,66,1,0,0.3,0,0.2,0,0,1
108,68,11,0.7,3.3,0,1.9,0,0,1
108,72,7.5,0.6,1.3,0.7,0.2,0,0,1
108,74,4,0.3,0.7,0.4,0.1,0,0,1
108,78,2,0,0.1,0.6,0.1,0.1,0,1
108,80,4,0,0.2,0.9,0.2,0,0,1
108,81,30,0.2,1.4,6.9,1.2,0.2,0,1
108,82,12,0.1,0.6,2.7,0.5,0.1,0,1
108,83,2,0,0.1,0.5,0.1,0,0,1
108,84,6,0,0.3,1.4,0.2,0.1,0,1
108,85,1,0,0.1,0.2,0.1,0,0,1
108,86,8,0.1,0.7,1.6,0.6,0,0,1
108,87,14,0.2,1.2,2.9,0.9,0,0,1
108,91,6,0.2,0,1.6,0.5,0,0,1
108,96,413,0,23.8,173.3,1,0,0,1
108,152,2,0,0.4,0.4,0.3,0,0,1
108,155,19,0,0.8,6.3,0.8,0,0,1
108,156,14,0,0.6,4.6,0.6,0,0,1
108,157,1,0,0.1,0.3,0,0,0,1
108,158,10,0,0.4,3.4,0.4,0,0,1
108,171,2,0,0,0.5,0.1,0,0,1
108,191,3,0,0.2,0.5,0.9,0,0,1
108,198,14,0,0.6,2.4,4.3,0,0,1
108,199,28,0,4,5,2,0,0,0
108,201,3,0,0.2,0.6,0.5,0,0,1
109,13,12,0,2.3,1.6,0.5,0,0,1
109,14,19.5,0,3.8,2.6,0.8,0,0,1
109,15,43,0,6,8,0,1,0,0
109,16,27,0,4,7,0,0,0,0
109,35,12,0.3,1.1,2.1,0,0,0,1
109,36,5,0.1,0.4,0.9,0,0,0,1
109,37,4,0.1,0.4,0.7,0,0,0,1
109,44,3,0.1,0.5,0.4,0.1,0,0,1
109,48,3,0.1,0.5,0.4,0.1,0,0,1
109,53,79.5,4,4,25,0,0,19,0
109,54,86,1,34,1,8,0,0,0
109,55,127.5,2,15,6,35,0,0,0
109,56,118,0,0,31,0,2,0,0
109,57,51.5,0.6,5.8,9.7,0,0.7,0,1
109,58,2,0,0.3,0.4,0,0,0,1
109,59,1,0,0.1,0.2,0,0,0,1
109,60,1,0,0.3,0,0.2,0,0,1
109,64,1,0,0.3,0,0.2,0,0,1
109,68,3,0.2,0.9,0,0.5,0,0,1
109,69,9,0.6,2.7,0,1.5,0,0,1
109,70,4,0.3,0.7,0.4,0.1,0,0,1
109,72,1,0.1,0.2,0.1,0,0,0,1
109,73,22,1.7,4,2,0.6,0,0,1
109,74,25.5,2,4.6,2.3,0.7,0,0,1
109,75,26,0,1.5,8,1.5,1,0,1
109,76,17,0,1,5.2,1,0.6,0,1
109,77,3,0,0.2,0.9,0.2,0.1,0,1
109,79,2,0,0.1,0.6,0.1,0.1,0,1
109,80,17,0.1,0.8,3.9,0.7,0.1,0,1
109,81,30,0.2,1.4,6.9,1.2,0.2,0,1
109,82,10,0.1,0.4,2.3,0.4,0.1,0,1
109,83,3,0,0.2,0.7,0.1,0,0,1
109,84,2,0,0.1,0.5,0.1,0,0,1
109,91,21,0.5,0,5.7,1.7,0,0,1
109,95,1,0,0.1,0.4,0,0,0,1
109,96,2,0,0.1,0.9,0,0,0,1
109,98,1,0,0.1,0.4,0,0,0,1
109,126,3,0,0.1,0.8,0.2,0,0,1
109,149,7,0,0.2,0.9,1.4,0,0,1
109,181,3,0,0.3,0.2,0.5,0,0,1
109,183,8,0,0.7,0.6,1.4,0,0,1
109,198,6,0,0.3,1,1.8,0,0,1
109,199,36.5,1,0,11,2,0,0,0
109,200,7,0.1,0.3,1.3,1.1,0.1,0,1
109,201,7.5,0.1,0.4,1.4,1.2,0.1,0,1
110,2,4.5,0,0.4,0.6,0.9,0,0,1
110,3,4,0,0.4,0.6,0.7,0,0,1
110,13,10,0,1.2,2.3,0,0.4,0,1
110,14,32,0,3,11,0,0,0,0
110,15,50,0,5,14,0,0,0,0
110,16,160.5,0,8,49,0,0,16,0
110,17,5,0,0.6,1.2,0,0,0,1
110,18,6,0,0.7,1.4,0,0,0,1
110,35,102,0,17,17,0,0,0,0
110,36,7,0.5,0.5,1.8,0.3,0,0,1
110,37,7.5,0.5,0.6,1.9,0.3,0,0,1
110,38,3,0.2,0.2,0.8,0.1,0,0,1
110,39,4.5,0.3,0.3,1.2,0.2,0,0,1
110,40,18,0.5,1,4.4,0.2,0,0,1
110,41,7,0.2,0.4,1.7,0.1,0,0,1
110,53,20.5,0.7,0.4,4.9,0,0,0,1
110,54,121.5,5,45,5,0,0,0,0
110,55,240,5,50,36,25,1,27,0
110,56,160.5,4,11,22,33,2,0,0
110,57,64,8,10,9,2,0,0,0
110,58,6,0.4,1,1,0.1,0,0,1
110,59,8,0.6,1.3,1.3,0.2,0,0,1
110,62,2,0.1,0.2,0.4,0,0,0,1
110,64,2,0.1,0.2,0.4,0,0,0,1
110,67,3,0.2,0.7,0.2,0,0,0,1
110,68,3,0.2,0.7,0.2,0,0,0,1
110,70,4,0,1,0.5,0,0.1,0,1
110,74,28,0,1,9,1,0,0,0
110,75,33,0,3,9,0,0,0,0
110,76,14,0.2,1.8,3,0.2,0.1,0,1
110,77,39,2,4,9,1,0,0,0
110,78,16,0.2,2,3.5,0.3,0,0,1
110,79,34,0.4,4.3,7.4,0.6,0.1,0,1
110,80,29,0.4,4.5,4.6,0.7,0,0,1
110,81,18,0.2,2.8,2.9,0.4,0,0,1
110,82,14,0.2,2.2,2.2,0.3,0,0,1
110,83,27.5,1,0,10,0,0,0,0
110,84,8,0.1,1.2,1.3,0.2,0,0,1
110,85,25,1.2,0.4,5.3,0.4,0,0.4,1
110,86,4,0.2,0.1,0.8,0.1,0,0.1,1
110,89,3,0.1,0.1,0.6,0.1,0,0,1
110,90,3,0,0.1,0.9,0,0.1,0,1
110,91,104,0,0,70,0,0,0,0
110,97,25,0.6,2.4,5.8,0.5,0,0,1
110,98,15,0.3,1.5,3.5,0.3,0,0,1
110,152,6,0,0.2,0.8,1.1,0,0,1
110,153,4,0,0.1,0.5,0.8,0,0,1
110,182,11,0,1.1,0.8,1.9,0,0,1
110,183,3,0,0.3,0.2,0.5,0,0,1
110,184,2,0,0.2,0.2,0.3,0,0,1
110,198,4,0,0,1.2,0.4,0,0,1
110,199,15,0,0,4.3,1.6,0,0,1
110,200,27,1,3,4,4,0,0,0
111,12,5,0,0.6,1.1,0,0.2,0,1
111,13,21,0,2.6,4.7,0,0.8,0,1
111,14,49,0,4,13,0,1,0,0
111,15,82,0,11,16,0,1,0,0
111,16,197.5,0,1,70,0,0,0,0
111,17,246.5,0,0,88,0,0,22,0
111,19,2,0,0.2,0.5,0,0,0,1
111,24,4,0,0.8,0.8,0,0,0,1
111,26,7,0,0.7,1.6,0,0,0,1
111,35,99.5,0,34,0,0,0,0,0
111,36,113,2,23,16,0,0,0,0
111,37,117,1,6,25,20,0,13,0
111,38,35,1,2,9,8,1,0,0
111,39,28,0,3,9,0,0,0,0
111,40,48,1.3,2.6,11.7,0.6,0,0,1
111,53,4,0.1,0.1,1,0,0,0,1
111,54,120,5,41,4,0,0,0,0
111,55,199,10,33,9,38,3,0,0
111,56,278.5,6,11,20,91,2,1,0
111,57,208.5,5,3,36,56,6,11,0
111,58,56,7,4,3,4,2,0,0
111,59,40.5,3,6.7,6.7,0.7,0,0,1
111,60,20,0.3,2.3,4.1,0.2,0,0,1
111,61,4,0.1,0.5,0.8,0,0,0,1
111,63,1,0,0.1,0.2,0,0,0,1
111,65,1,0.1,0.2,0.1,0,0,0,1
111,66,6,0.3,1.3,0.5,0,0,0,1
111,68,2,0.1,0.4,0.2,0,0,0,1
111,69,10,0.5,2.2,0.8,0,0,0,1
111,70,2,0,0.5,0.3,0,0,0,1
111,74,29,0.3,7.5,3.6,0,0.4,0,1
111,75,24,0.2,3.1,5.2,0.4,0.1,0,1
111,76,17,0.2,2.2,3.7,0.3,0,0,1
111,77,39,0,1,13,0,0,0,0
111,78,42,0,5,13,0,0,0,0
111,79,13,0.1,1.7,2.8,0.2,0.1,0,1
111,80,19,0.3,3,3,0.4,0,0,1
111,81,15,0.2,2.4,2.4,0.3,0,0,1
111,82,29,2,6,4,1,0,0,0
111,83,63.5,0,21,6,2,0,0,0
111,84,44,0,12,11,0,0,0,0
111,85,46,7,5,6,2,0,0,0
111,86,90.5,2,1,24,1,0,23,0
111,87,103,0,0,29,0,0,29,0
111,90,188.5,0,0,106,0,0,0,0
111,91,12,0,0.6,3.5,0,0.3,0,1
111,96,2,0,0.2,0.5,0,0,0,1
111,97,18,0.4,1.7,4.2,0.4,0,0,1
111,98,9,0.2,0.8,2.1,0.2,0,0,1
111,101,1,0.2,0.1,0.1,0.1,0,0,1
111,102,1,0.2,0.1,0.1,0.1,0,0,1
111,128,2,0,0.1,0.5,0.1,0,0,1
111,132,22,0,4.4,2.5,0,0,0,1
111,133,20.5,0,4,5,2,0,0,0
111,134,91,0,6,10,32,1,0,0
111,135,19,1.6,1.6,1.1,4.7,0,0,1
111,152,2,0,0.1,0.2,0.4,0,0,1
111,153,2,0,0.1,0.2,0.4,0,0,1
111,173,4,0,0.2,1.1,0,0.1,0,1
111,174,44,0,1,10,0,0,0,0
111,175,12,0.1,1.8,2.3,0.2,0,0,1
111,176,26,0,3,8,0,0,0,0
111,177,13,0.1,2,2.5,0.2,0,0,1
111,178,15,0.1,2.3,2.9,0.2,0,0,1
111,182,2,0,0.2,0.2,0.3,0,0,1
111,184,10,0,0.9,0.8,1.7,0,0,1
111,190,2,0,0,0.6,0.2,0,0,1
111,200,25,0.7,2.4,4.2,2.7,0.2,0,1
111,201,3,0.1,0.3,0.5,0.3,0,0,1
111,203,2,0.1,0.2,0.3,0.2,0,0,1
112,2,4,0,0.4,0.6,0.7,0,0,1
112,13,49,0,6,10,0,0,0,0
112,14,111,0,4,29,0,2,0,0
112,15,60,0,6,13,0,0,0,0
112,16,114.5,0,10,17,19,0,0,0
112,17,211.5,1,0,63,2,0,0,0
112,18,70,1,2,20,1,0,0,0
112,19,13,0,1.5,3.1,0,0,0,1
112,21,9,0,1.7,1.8,0,0.2,0,1
112,22,11.5,0,2.2,2.3,0,0.2,0,1
112,24,10,0,1.9,2,0,0.2,0,1
112,25,2,0,0.2,0.5,0,0,0,1
112,26,6,0,0.6,1.4,0,0,0,1
112,35,91,0,34,1,0,0,0,0
112,36,105,0,36,4,0,0,0,0
112,37,84,0,29,3,4,0,0,0
112,38,173.5,5,26,36,1,0,22,0
112,39,88.5,3,13,17,0,0,0,0
112,49,2,0.3,0.3,0.2,0.1,0,0,1
112,52,28,1,0.5,6.7,0,0,0,1
112,53,116,0,0,30,0,0,0,0
112,54,128,1,9,63,0,0,18,0
112,55,183,29,43,5,1,0,0,0
112,56,185,7,52,1,29,2,0,0
112,57,150,2,45,5,18,0,0,0
112,58,125.5,2,13,6,24,1,0,0
112,59,98,3,25,9,1,0,0,0
112,60,119.5,0,28,12,0,0,0,0
112,62,11,0.2,1.2,2.3,0.1,0,0,1
112,63,4,0.1,0.5,0.8,0,0,0,1
112,66,3,0.2,0.7,0.2,0,0,0,1
112,67,4,0.2,0.9,0.3,0,0,0,1
112,68,1,0.1,0.2,0.1,0,0,0,1
112,71,3,0,0.8,0.4,0,0,0,1
112,72,1,0,0.3,0.1,0,0,0,1
112,73,4,0,1,0.5,0,0.1,0,1
112,74,34,2,4,6,0,0,0,0
112,75,37,1,4,8,0,0,0,0
112,76,33,0,8,7,0,0,0,0
112,77,28,1,4,6,0,0,0,0
112,78,36,0,6,11,0,0,0,0
112,79,6,0.1,0.8,1.3,0.1,0,0,1
112,80,10,0.1,1.6,1.6,0.2,0,0,1
112,81,33,0.5,5.1,5.3,0.7,0,0,1
112,82,34,1,3,5,2,0,0,0
112,83,89,2,34,1,4,0,0,0
112,84,165,0,56,4,2,0,16,0
112,85,39,8,5,2,2,0,0,0
112,86,273,1,0,87,0,0,66,0
112,87,159.5,0,0,49,0,0,45,0
112,89,4,0.2,0.1,0.8,0.1,0,0.1,1
112,90,153,0,0,95,0,0,0,0
112,92,4,0,0.2,1.2,0,0.1,0,1
112,95,3,0.1,0.3,0.7,0,0,0,1
112,96,14,0.3,1.4,3.2,0.3,0,0,1
112,97,11,0.3,1.1,2.5,0.2,0,0,1
112,98,27,0.6,2.6,6.2,0.6,0,0,1
112,99,4,0.1,0.4,0.9,0.1,0,0,1
112,101,1,0.2,0.1,0.1,0.1,0,0,1
112,102,1,0.2,0.1,0.1,0.1,0,0,1
112,132,7,0,1.4,0.8,0,0,0,1
112,133,54,1,8,9,2,0,0,0
112,134,85.5,4,5,8,26,0,0,0
112,135,157.5,2,2,7,65,1,0,0
112,174,50,0,3,11,0,0,0,0
112,175,76,0,1,11,21,0,0,0
112,176,38,2,0,7,5,0,0,0
112,177,41.5,0,4,10,0,0,0,0
112,178,13,0.1,2,2.5,0.2,0,0,1
112,200,21,0.6,2,3.5,2.2,0.2,0,1
112,201,17,0.4,1.7,2.9,1.8,0.1,0,1
112,202,27.5,0,1,8,3,0,0,0
112,203,19,0.5,1.8,3.2,2,0.2,0,1
112,204,3,0.1,0.3,0.5,0.3,0,0,1
112,238,1,0,0.1,0.3,0,0,0,1
113,13,9,0,1.1,2,0,0.4,0,1
113,14,58.5,0,14,7,0,0,0,0
113,15,34,0,4,7.9,0,0,0,1
113,16,234,5,5,35,56,0,0,0
113,17,128,1,10,11,29,0,0,0
113,18,235,0,0,72,3,1,44,0
113,19,35,0,1,12,0,0,0,0
113,20,56.5,0,20,5,0,0,0,0
113,21,63,0,16,11,0,0,0,0
113,22,5,0,0.9,1,0,0.1,0,1
113,24,15,0,2.9,2.9,0,0.3,0,1
113,25,11,0,1.1,2.5,0,0,0,1
113,35,63,0,19,7,0,0,0,0
113,36,108.5,0,29,12,0,1,0,0
113,37,107,0,33,9,0,0,0,0
113,38,145,0,17,28,5,0,0,0
113,39,83,0,7,24,0,0,0,0
113,46,2.5,0.4,0.4,0.2,0.1,0,0,1
113,52,2,0.1,0,0.5,0,0,0,1
113,53,47,0,0,12,0,0,0,0
113,54,105,1,2,30,0,0,0,0
113,55,120.5,1,51,1,0,0,0,0
113,56,100,0,42,3,0,0,0,0
113,57,102.5,5,42,2,1,3,0,0
113,58,210.5,4,35,46,0,0,38,0
113,59,92,2,25,5,3,0,0,0
113,60,39,5,12,0,0,0,0,0
113,63,23,0.4,2.7,4.7,0.2,0,0,1
113,64,14,0.3,1.6,2.9,0.1,0,0,1
113,71,66,0,0,33,0,0,0,0
113,72,25,0,1,12,0,0,0,0
113,73,16,0.2,4.1,2,0,0.2,0,1
113,74,39.5,0,0,10,2,0,0,0
113,75,23.5,0.2,3,5.1,0.4,0.1,0,1
113,76,47,0,5,16,0,0,0,0
113,77,28,0.3,3.6,6,0.5,0.1,0,1
113,78,39,0,4,10,0,0,0,0
113,79,30,0.3,3.9,6.5,0.5,0.1,0,1
113,80,24,0.4,3.8,3.8,0.5,0,0,1
113,81,28,0.4,4.4,4.5,0.6,0,0,1
113,82,27,0.4,4.2,4.3,0.6,0,0,1
113,83,94,1,39,1,1,0,0,0
113,84,28.5,0.4,4.4,4.6,0.6,0,0,1
113,85,31,6,6,2,1,0,0,0
113,86,31.5,0,0,11,0,0,3,0
113,87,26,1.3,0.4,5.4,0.4,0,0.4,1
113,90,124.5,0,0,61,0,1,0,0
113,91,6,0,0.3,1.8,0,0.1,0,1
113,95,24,0.5,2.3,5.6,0.5,0,0,1
113,96,24,0.5,2.3,5.6,0.5,0,0,1
113,97,25,0.6,2.4,5.8,0.5,0,0,1
113,98,21,0.5,2,4.8,0.5,0,0,1
113,100,5,0.8,0.5,0.5,0.7,0,0,1
113,132,6,0,1.2,0.7,0,0,0,1
113,133,26,0,5,6,0,0,0,0
113,134,32,3,0,1,9,0,0,0
113,135,13,1.1,1.1,0.7,3.2,0,0,1
113,149,3,0,0.1,0.4,0.6,0,0,1
113,166,2,0.1,0.1,0.6,0,0,0,1
113,168,1,0,0.1,0.3,0,0,0,1
113,171,4,0,0.2,1.1,0,0.1,0,1
113,174,20,0,0.9,5.8,0,0.5,0,1
113,175,39,0,3,5,8,2,0,0
113,176,51,0,0,8,14,0,0,0
113,177,32,1,2,10,1,0,0,0
113,178,9,0.1,1.4,1.7,0.1,0,0,1
113,199,6,0,0,1.7,0.7,0,0,1
113,200,5,0.1,0.5,0.8,0.5,0.1,0,1
113,201,6,0.2,0.6,1,0.6,0,0,1
113,202,3,0.1,0.3,0.5,0.3,0,0,1
113,203,1,0,0.1,0.2,0.1,0,0,1
113,221,3,0,0.5,0.1,0.6,0,0,1
113,223,3,0,0.5,0.1,0.6,0,0,1
113,237,26,0,3,8,4,0,0,0
113,238,16,0,1,5.3,0,0,0,1
114,13,4,0,0.5,0.9,0,0.2,0,1
114,14,64,2,16,9,0,0,0,0
114,15,123,0,7,18,26,1,0,0
114,16,360.5,13,16,34,112,0,0,0
114,17,95,2,10,15,11,0,0,0
114,18,61,2,9,13,1,0,0,0
114,19,68,0,5,17,1,0,0,0
114,20,94.5,0,10,22,0,0,0,0
114,21,80,0,15,14,0,2,0,0
114,22,2,0,0.4,0.4,0,0,0,1
114,34,2,0,0.1,0.5,0.1,0,0,1
114,35,5,0.3,0.4,1.3,0.2,0,0,1
114,36,81.5,0,6,24,0,0,0,0
114,37,120,0,10,33,0,0,0,0
114,38,150,1,17,35,0,1,0,0
114,39,70,0,1,23,0,0,0,0
114,43,1,0,0.1,0.2,0,0,0,1
114,46,1,0.1,0.2,0.1,0,0,0,1
114,54,135.5,0,0,76,0,0,28,0
114,55,130.5,0,13,31,0,0,0,0
114,56,151.5,0,26,25,0,0,0,0
114,57,127,0,46,4,0,0,0,0
114,58,132.5,0,50,3,0,0,0,0
114,59,149,2,32,29,0,0,0,0
114,60,88.5,4,0,26,0,0,0,0
114,61,8,0.1,0.9,1.7,0.1,0,0,1
114,63,25,0.4,2.9,5.2,0.2,0,0,1
114,64,7,0.1,0.8,1.4,0.1,0,0,1
114,66,2,0.1,0.4,0.2,0,0,0,1
114,69,2,0.1,0.4,0.2,0,0,0,1
114,70,22,0.3,5.7,2.7,0,0.3,0,1
114,71,248,0,1,97,0,0,38,0
114,72,177.5,0,0,58,0,0,0,0
114,73,32.5,0,1,12,0,0,0,0
114,74,35,0,5,7,0,0,0,0
114,75,19,0.2,2.4,4.1,0.4,0.1,0,1
114,76,24,0.2,3.1,5.2,0.4,0.1,0,1
114,77,42,1,5,12,0,0,0,0
114,78,12,0.1,1.5,2.6,0.2,0.1,0,1
114,79,21,0.2,2.7,4.5,0.4,0.1,0,1
114,81,16,0.2,2.5,2.5,0.4,0,0,1
114,82,54,1,14,12,1,1,0,0
114,83,157,0,70,0,0,0,0,0
114,84,167.5,1,70,3,0,0,0,0
114,85,52.5,2,5,9,1,0,0,0
114,86,162,0,0,92,0,0,0,0
114,89,66,0,0,46,0,0,0,0
114,90,97.5,0,0,41,0,0,0,0
114,91,49,0,0,19,0,0,0,0
114,93,16,0,0.8,4.7,0,0.4,0,1
114,95,14,0.3,1.4,3.2,0.3,0,0,1
114,96,21,0.5,2,4.8,0.5,0,0,1
114,97,18.5,0.4,1.8,4.3,0.4,0,0,1
114,98,2,0,0.2,0.5,0,0,0,1
114,100,2.5,0.4,0.2,0.3,0.3,0,0,1
114,165,2,0.1,0.1,0.6,0,0,0,1
114,166,48,0.8,3,14.3,0.7,0,0,1
114,167,11,0.2,0.7,3.2,0.2,0,0,1
114,174,11.5,0,0.6,3.3,0,0.3,0,1
114,175,27,0,4,7,0,0,0,0
114,176,17,0.1,2.6,3.3,0.3,0,0,1
114,177,19,0.1,2.9,3.7,0.3,0,0,1
114,178,21,0.2,3.2,4.1,0.3,0,0,1
114,192,1,0,0,0.3,0.1,0,0,1
114,200,5,0.1,0.5,0.8,0.5,0.1,0,1
114,201,3,0.1,0.3,0.5,0.3,0,0,1
114,206,2,0.1,0.2,0.3,0.2,0,0,1
114,236,3,0,0.2,1,0,0,0,1
114,237,48.5,1,4,2,23,0,0,0
114,238,31,0,1.8,10.4,0,0,0,1
115,13,49,0,10,7,0,2,0,0
115,14,132,0,37,12,0,0,0,0
115,15,125,6,6,19,25,0,0,0
115,16,76,0,8,18,13,1,0,0
115,17,84,2,22,8,8,0,0,0
115,18,105,2,9,26,3,0,0,0
115,19,96,0,6,22,0,3,0,0
115,20,75,0,7,20,0,0,0,0
115,21,71,0,5,18,0,0,0,0
115,22,4,0,0.4,0.9,0,0,0,1
115,34,3,0,0.2,0.8,0.1,0,0,1
115,35,4,0,0.3,1.1,0.1,0,0,1
115,36,13,0,0.9,3.6,0.3,0,0,1
115,37,17,0,1.2,4.6,0.5,0,0,1
115,38,75,0,6,21,1,0,0,0
115,39,41,1,2,12,0,0,0,0
115,40,6,1,1,0.4,0.3,0,0,1
115,46,2,0.3,0.3,0.2,0.1,0,0,1
115,55,21,0,0,5.5,0.5,0.6,0,1
115,56,74,0,1,25,0,0,0,0
115,57,195.5,0,19,40,1,0,36,0
115,58,95,0,35,3,0,1,0,0
115,59,59,0,6,13,0,0,0,0
115,60,4,0.6,0.8,0.3,0.1,0.1,0,1
115,61,3,0.5,0.5,0.2,0.1,0.1,0,1
115,65,1,0.1,0.2,0.2,0,0,0.1,1
115,66,3,0.3,0.4,0.6,0.1,0,0.2,1
115,71,67,0,1,16,1,0,0,0
115,72,94,0,2,28,0,0,0,0
115,73,84,0,0,30,0,0,0,0
115,74,31,1.2,6.9,2.5,1.9,0,0,1
115,75,32,1,1,10,0,0,0,0
115,76,29,1,7,3,1,0,0,0
115,77,27,0,11,1,0,0,0,0
115,78,28,1,6,4,2,0,0,0
115,79,41,2,8,4,1,0,0,0
115,80,39,0,11,2,2,0,0,0
115,81,46.5,3,8,3,1,0,0,0
115,82,24,0,7,4,2,0,0,0
115,83,59,0,10,10,0,0,9,0
115,84,73.5,2,13,14,4,0,0,0
115,85,28,0.5,4.4,4.4,2.4,0,0,1
115,86,132,0,0,49,0,1,0,0
115,87,90,0,0,34,0,0,0,0
115,88,3,0,0.5,0.5,0.3,0,0,1
115,89,88,0,18,22,0,0,0,0
115,90,78,0,0,30,0,0,0,0
115,91,54,0,4,19,3,0,0,0
115,92,17,0.3,1.8,2.7,0.7,0.1,0,1
115,93,15,0.2,1.6,2.4,0.6,0.1,0,1
115,95,12,0.1,1.8,2.3,0.4,0,0,1
115,96,29,0.2,4.4,5.5,1,0,0,1
115,97,5,0,0.8,0.9,0.2,0,0,1
115,165,33.5,1,2,6,10,0,0,0
115,166,32,1,2,8,0,0,0,0
115,178,2,0,0.1,0.6,0,0,0,1
115,192,10,0,0.5,2.1,2,0,0,1
115,193,17,0,0.8,3.5,3.5,0,0,1
115,222,1,0,0.2,0,0.2,0,0,1
115,237,28,1.5,1.5,5.3,5.3,0,0,1
115,238,1,0,0.1,0.2,0.2,0,0,1
115,239,8,0.4,0.5,1.5,1.5,0,0,1
116,13,7,0,1.1,1.4,0,0,0,1
116,14,51,0,7.8,10.2,0,0,0,1
116,15,52,2,5,9,2,0,0,0
116,16,30,0.2,4.9,4.2,0.6,0.2,0,1
116,17,39,0,9,5,0,0,0,0
116,18,101.5,1,25,7,0,0,0,0
116,19,71.5,0,6,20,0,0,0,0
116,20,74,0,7,17,0,0,0,0
116,21,16,0,1.6,3.6,0,0,0,1
116,31,1,0,0.1,0.3,0,0,0,1
116,34,1,0,0.1,0.3,0,0,0,1
116,35,3,0,0.2,0.8,0.1,0,0,1
116,38,32,0,2,10,0,0,0,0
116,39,19,0,1.3,5.2,0.5,0,0,1
116,43,10,1.6,1.7,0.7,0.5,0,0,1
116,45,3,0.5,0.5,0.2,0.1,0,0,1
116,47,1,0.1,0.2,0.1,0,0,0,1
116,58,6,0,0,1.6,0.1,0.2,0,1
116,59,3,0,0,0.8,0,0.1,0,1
116,60,5,0.8,0.9,0.4,0.1,0.2,0,1
116,61,6,0.9,1.1,0.5,0.2,0.2,0,1
116,62,8,1.3,1.5,0.6,0.2,0.2,0,1
116,64,2,0.3,0.4,0.2,0,0.1,0,1
116,65,4,0.4,0.5,0.8,0.1,0,0.2,1
116,67,4,0.4,0.5,0.8,0.1,0,0.2,1
116,68,5,0.5,0.7,1,0.1,0,0.3,1
116,69,161.5,0,52,7,0,0,1,0
116,70,64,0,7,16,0,0,3,0
116,71,15.5,0.6,3.4,1.3,0.9,0,0,1
116,72,88,0,15,19,0,0,0,0
116,73,174.5,0,0,59,0,0,45,0
116,76,11,0.5,1,1.9,0.3,0,0,1
116,77,51,0,10,8,0,0,0,0
116,78,34.5,0,11,4,0,0,0,0
116,79,31,0,6,5,1,0,0,0
116,80,53,5,5,8,2,0,0,0
116,81,53.5,3,10,8,1,1,0,0
116,82,458,46,182,1,1,0,0,0
116,83,20,2.2,4.4,1,1,0,0,1
116,84,44,3,3,2,8,0,0,0
116,85,38,4,6,2,4,0,0,0
116,86,57,0,5,12,1,0,0,0
116,87,28,2,1,2,7,0,0,0
116,88,37,6,2,5,4,0,0,0
116,89,194.5,0,3,80,1,0,15,0
116,90,181.5,0,1,95,0,0,0,0
116,91,30,0,6,4,2,0,0,0
116,92,54,0,5,13,0,0,0,0
116,93,14,0.2,1.4,2.3,0.6,0.1,0,1
116,94,7,0.1,0.7,1.1,0.3,0.1,0,1
116,95,34,0.3,5.1,6.5,1.1,0,0,1
116,96,22.5,0.2,3.4,4.3,0.7,0,0,1
116,97,21,0.2,3.1,4,0.7,0,0,1
116,99,1,0,0.2,0.2,0,0,0,1
116,101,4,0.7,0.4,0.4,0.5,0,0,1
116,165,30,0,0,11,0,0,0,0
116,166,28,0,3.4,8.3,0.3,0,0,1
116,192,8,0,0.4,1.7,1.6,0,0,1
116,193,35.5,0,2,8,4,0,0,0
116,194,32,0,0,9,1,1,0,0
116,195,4,0.1,0.3,0.9,0.2,0,0,1
116,213,3,0,0.2,0.6,0.5,0,0,1
116,221,2,0,0.3,0.1,0.4,0,0,1
116,222,6,0,1,0.2,1.2,0,0,1
117,3,4,0,0.4,0.6,0.7,0,0,1
117,14,7,0,1.1,1.4,0,0,0,1
117,15,25,0.2,4,3.5,0.5,0.2,0,1
117,16,28,0.2,4.5,3.9,0.6,0.2,0,1
117,17,6,0,1,0.8,0.1,0.1,0,1
117,18,19,0.1,3.1,2.7,0.4,0.1,0,1
117,19,25.5,0.2,4.1,3.6,0.5,0.2,0,1
117,20,2,0,0.2,0.5,0,0,0,1
117,32,2,0,0.1,0.5,0.1,0,0,1
117,34,5,0,0.3,1.4,0.1,0,0,1
117,35,3,0,0.2,0.8,0.1,0,0,1
117,43,5,0.8,0.8,0.4,0.2,0,0,1
117,59,2,0,0,0.5,0,0.1,0,1
117,62,16,2.5,3,1.3,0.4,0.4,0,1
117,68,6,0.6,0.8,1.2,0.1,0,0.3,1
117,69,317,1,121,8,0,1,97,0
117,70,374.5,0,47,120,0,0,80,0
117,71,124,0,41,14,0,0,0,0
117,72,10,0.4,2.2,0.8,0.6,0,0,1
117,73,3,0.1,0.7,0.2,0.2,0,0,1
117,74,7,0.3,1.5,0.6,0.4,0,0,1
117,76,49,2,19,1,0,0,0,0
117,77,103,15,34,4,0,0,0,0
117,78,40,0,9,3,2,0,0,0
117,79,31,1.4,2.9,5.2,1,0,0,1
117,80,26,2.9,5.8,1.2,1.2,0,0,1
117,81,46.5,13,5,1,1,0,0,0
117,82,131,36,14,5,8,0,0,0
117,83,124,0,76,4,0,1,0,0
117,84,23.5,4,1,3,3,0,0,0
117,85,40,3,6,2,6,0,0,0
117,86,26,0,6,6,0,0,0,0
117,87,17,0.3,2.6,2.7,1.5,0,0,1
117,88,16,0.3,2.5,2.5,1.4,0,0,1
117,89,32,0,4,8,2,0,0,0
117,90,38,0,7,7,1,0,0,0
117,91,37,0,10,3,0,0,0,0
117,92,7,0.1,0.7,1.1,0.3,0.1,0,1
117,93,18,0.3,1.9,2.9,0.7,0.1,0,1
117,94,17,0.3,1.8,2.7,0.7,0.1,0,1
117,95,25,0.2,3.8,4.7,0.8,0,0,1
117,96,16,0.2,2.4,3,0.5,0,0,1
117,97,24,0.2,3.6,4.6,0.8,0,0,1
117,98,24,0.2,3.6,4.6,0.8,0,0,1
117,99,11,0.1,1.6,2.1,0.4,0,0,1
117,126,5,0.1,0.2,1.3,0.2,0,0,1
117,165,10,0,1.2,3,0.1,0,0,1
117,166,9,0,1.1,2.7,0.1,0,0,1
117,167,9,0,1.1,2.7,0.1,0,0,1
117,168,10,0,1.2,3,0.1,0,0,1
117,169,5,0,0.6,1.5,0,0,0,1
117,195,4,0.1,0.3,0.9,0.2,0,0,1
117,196,43.5,0,1,10,11,1,0,0
117,197,25,0.7,1.6,5.5,1.6,0.1,0,1
117,198,6,0.2,0.4,1.3,0.4,0,0,1
117,199,5,0.2,0.3,1.1,0.3,0,0,1
117,200,2,0.1,0.2,0.3,0.2,0,0,1
118,18,3,0,0.5,0.4,0.1,0,0,1
118,21,1,0,0.1,0.2,0,0,0,1
118,45,1,0.1,0.2,0.1,0,0,0,1
118,61,2,0.3,0.4,0.2,0,0.1,0,1
118,62,15,2.4,2.8,1.2,0.4,0.4,0,1
118,63,3.5,0.6,0.6,0.3,0.1,0.1,0,1
118,65,5,0.5,0.7,1,0.1,0,0.3,1
118,66,13,1.4,1.8,2.5,0.2,0,0.7,1
118,68,12,1.3,1.7,2.3,0.2,0,0.6,1
118,69,114,0,44,8,0,0,1,0
118,70,268,0,79,17,1,0,59,0
118,71,158,0,20,57,5,0,0,0
118,72,73,1,24,7,2,0,1,0
118,76,45,0,12,4,0,0,0,0
118,77,116,14,27,12,0,0,0,0
118,78,61,0,10,8,1,0,0,0
118,79,43,0,11,0,2,0,0,0
118,80,17,1.9,3.8,0.8,0.8,0,0,1
118,81,44,0,9,5,5,0,0,0
118,82,68,7,18,0,4,0,0,0
118,83,41,9,1,2,6,0,0,0
118,84,42.5,10,2,2,5,0,0,0
118,85,28,3,3,3,6,0,0,0
118,86,24,0,3,5,2,1,0,0
118,87,32,2,6,1,3,0,0,0
118,88,24,0,5,4,2,0,0,0
118,89,18,0.3,2.8,2.8,1.6,0,0,1
118,90,31,0,9,2,0,0,0,0
118,91,35,0.5,3.6,5.7,1.5,0.2,0,1
118,92,16,0.2,1.6,2.6,0.7,0.1,0,1
118,93,12,0.2,1.2,1.9,0.5,0.1,0,1
118,94,9,0.1,0.9,1.5,0.4,0.1,0,1
118,95,26,0.2,3.9,4.9,0.9,0,0,1
118,96,34,1,3,6,1,0,0,0
118,97,17,0.1,2.6,3.2,0.6,0,0,1
118,98,20,0.2,3,3.8,0.6,0,0,1
118,99,25,0.2,3.8,4.7,0.8,0,0,1
118,100,6,1,0.6,0.6,0.8,0,0,1
118,128,1,0,0,0.3,0.1,0,0,1
118,167,4,0,0.5,1.2,0,0,0,1
118,168,28,0,1,15,0,0,0,0
118,169,53,0,0,19,0,0,0,0
118,191,4,0,0.2,0.8,0.8,0,0,1
118,195,4,0.1,0.3,0.9,0.2,0,0,1
118,196,16.5,0.5,1.1,3.6,1,0.1,0,1
118,197,38,0,5,11,0,1,0,0
118,198,36,0,9,7,0,0,0,0
118,199,16,0.5,1,3.5,1,0.1,0,1
118,205,3,0.1,0.3,0.5,0.3,0,0,1
118,206,14,0.3,1.7,2.2,1.6,0,0,1
118,223,7,0,1.2,0.2,1.4,0,0,1
119,16,6,0,1,0.8,0.1,0.1,0,1
119,44,7,1.1,1.2,0.5,0.3,0,0,1
119,46,2,0.3,0.3,0.2,0.1,0,0,1
119,56,6,0,0,1.6,0.1,0.2,0,1
119,60,7,1.1,1.3,0.5,0.2,0.2,0,1
119,64,4,0.6,0.8,0.3,0.1,0.1,0,1
119,65,2,0.2,0.3,0.4,0,0,0.1,1
119,67,2,0.2,0.3,0.4,0,0,0.1,1
119,68,34,5,5,2,4,0,0,0
119,69,110,2,31,14,3,0,0,0
119,70,147,1,16,25,27,0,0,0
119,71,140.5,7,9,16,31,0,0,0
119,72,83.5,1,25,6,1,0,0,0
119,73,22,0.9,4.8,1.8,1.3,0,0,1
119,74,11,0.4,2.4,0.9,0.7,0,0,1
119,75,19,0.9,1.7,3.2,0.6,0,0,1
119,76,60,21,0,0,0,0,0,0
119,77,4,0.2,0.4,0.7,0.1,0,0,1
119,78,615,1,222,3,0,1,222,0
119,79,55,6,8,0,4,0,0,0
119,80,67,4,13,11,4,0,0,0
119,81,74,4,5,10,5,0,0,0
119,82,55.5,10,5,5,9,0,0,0
119,83,63,8,4,3,8,0,0,0
119,84,49,4,4,2,7,0,0,0
119,85,30,2,7,4,3,0,0,0
119,86,21,0.4,3.3,3.3,1.8,0,0,1
119,87,47.5,4,4,4,4,2,0,0
119,88,34,1,6,2,5,0,0,0
119,89,30.5,2,7,1,2,0,0,0
119,90,28,0,8,3,0,0,0,0
119,91,10,0.2,1,1.6,0.4,0.1,0,1
119,94,15,0.2,1.6,2.4,0.6,0.1,0,1
119,95,14,0.1,2.1,2.6,0.5,0,0,1
119,96,48,1,2,12,0,0,0,0
119,97,17,0.1,2.6,3.2,0.6,0,0,1
119,98,4,0,0.6,0.8,0.1,0,0,1
119,99,17,0.1,2.6,3.2,0.6,0,0,1
119,100,9,1.4,0.9,0.9,1.2,0,0,1
119,137,4,0.3,0.4,0.2,1,0,0,1
119,150,2,0,0.1,0.2,0.4,0,0,1
119,166,8,0,1,2.3,0.1,0,0,1
119,167,25.5,0,8,2,1,0,0,0
119,168,15,0,1.8,4.4,0.2,0,0,1
119,169,46.5,0,0,16,0,0,0,0
119,195,3,0.1,0.2,0.6,0.2,0,0,1
119,196,24,0.7,1.5,5.3,1.5,0.2,0,1
119,197,16,0.5,1,3.5,1,0.1,0,1
119,198,18,0.5,1.2,3.9,1.2,0.1,0,1
119,205,3,0.1,0.3,0.5,0.3,0,0,1
119,206,27,0.5,3.2,4.2,3.2,0,0,1
120,21,4,0,1.1,0.4,0.1,0,0,1
120,30,6,0.2,0.2,1.1,0.6,0,0,1
120,45,2,0.3,0.1,0.3,0.3,0,0,1
120,56,9,0,0.4,1.8,0.9,0,0,1
120,60,1,0.1,0.1,0,0.1,0,0,1
120,61,9,0.9,0.8,0.2,0.9,0.2,0,1
120,62,15,1.6,1.3,0.2,1.6,0.3,0,1
120,63,25,2.6,2.2,0.4,2.6,0.5,0,1
120,67,14,2.6,1.7,1,0.9,0.3,0,1
120,68,31,4,0,4,4,0,0,0
120,69,254,44,53,14,18,0,0,0
120,70,387,7,8,82,91,6,60,0
120,71,64,7,13,1,6,0,0,0
120,72,1,0.2,0.2,0.1,0,0,0,1
120,74,33,12,2,1,0,0,0,0
120,75,103,13,23,2,0,0,0,0
120,76,209,62,0,0,0,0,62,0
120,77,1276,164,132,8,109,0,413,0
120,78,455,98,38,0,0,1,134,0
120,79,122.5,0,33,12,0,0,12,0
120,80,135,8,7,32,4,0,25,0
120,81,55,5,6,12,3,0,0,0
120,82,96.5,20,3,9,12,0,0,0
120,83,30,1,4,3,4,0,0,0
120,84,14,0.7,3.3,0.8,1.5,0,0,1
120,85,24,2,3.4,2,3,0,0,1
120,86,39.5,4,4,5,3,0,0,0
120,87,34.5,2,8,3,1,0,0,0
120,88,38,7,4,5,2,0,0,0
120,89,50,7,5,4,5,0,0,0
120,90,23,0.7,4.4,2.5,2,0,0,1
120,93,4,0.1,0.8,0.4,0.4,0,0,1
120,94,6,0.2,1.1,0.7,0.5,0,0,1
120,95,5,0.3,0.7,0.8,0.6,0,0,1
120,96,3,0.1,0.4,0.5,0.4,0,0,1
120,97,14,0.7,2,2.3,1.7,0,0,1
120,98,9,0.4,1.3,1.5,1.1,0,0,1
120,99,3,0.1,0.4,0.5,0.4,0,0,1
120,100,5,0.1,0.1,1.4,0.1,0,0,1
120,123,2,0,0.3,0.3,0.2,0,0,1
120,137,5,0.1,0.6,1.5,0,0,0,1
120,166,25.5,0.5,2.1,5.4,1.6,0.2,0,1
120,167,28,5,3,2,4,0,0,0
120,168,34,1,8,7,0,0,0,0
120,169,30,0.6,2.5,6.3,1.9,0.2,0,1
120,170,4,0,0.4,1.1,0.1,0,0,1
120,194,8,0.8,0.9,1.4,0,0,0,1
120,195,27.5,0,4.5,5.2,0.7,0,0,1
120,202,3,0.1,0.4,0.7,0.1,0,0.1,1
120,205,4,0.1,0.5,1,0.2,0,0.2,1
121,21,40,0,12,4,0,0,0,0
121,22,77.5,0,20,10,0,0,0,0
121,30,20,1,0,9,1,0,0,0
121,42,5,0.7,0.5,0.7,0.7,0,0,1
121,43,6,0.9,0.5,0.9,0.8,0,0,1
121,56,5,0,0.2,1,0.5,0,0,1
121,66,1,0.2,0.1,0.1,0.1,0,0,1
121,67,5,0.9,0.6,0.4,0.3,0.1,0,1
121,68,17,3.2,2,1.3,1.1,0.3,0,1
121,69,60,11,2,1,7,0,0,0
121,70,35,1,6,5,2,0,0,0
121,71,18.5,3,3,2.5,0.4,0,0,1
121,73,312,95,0,0,0,0,94,0
121,74,599,184,3,0,0,0,182,0
121,75,226.5,3,90,1,0,0,0,0
121,76,19,0.9,4.2,1.6,0.7,0,0,1
121,77,111,26,0,0,0,0,25,0
121,78,539.5,0,112,41,0,0,151,0
121,79,98.5,0,0,26,1,0,26,0
121,80,35,1,2,6,7,0,0,0
121,81,96,8,4,10,15,0,1,0
121,82,68,12,2,1,14,0,0,0
121,83,24,1.2,5.7,1.3,2.5,0,0,1
121,84,30,2,4,2,5,0,0,0
121,85,21,1.8,2.9,1.8,2.6,0,0,1
121,86,39,2,7,5,2,0,0,0
121,87,21,1.8,2.9,1.8,2.6,0,0,1
121,88,30,5,6,0,4,0,0,0
121,89,48,3,4,6,3,0,0,0
121,93,17,0.5,3.2,1.9,1.5,0,0,1
121,94,5,0.2,0.9,0.6,0.4,0,0,1
121,96,4,0.2,0.6,0.6,0.5,0,0,1
121,97,14,0.7,2,2.3,1.7,0,0,1
121,98,3,0.1,0.4,0.5,0.4,0,0,1
121,99,11,0.5,1.6,1.8,1.4,0,0,1
121,125,2,0,0.3,0.3,0.2,0,0,1
121,133,2,0,0.2,0.5,0,0,0,1
121,136,39.5,2,1,9,8,0,0,0
121,137,9,0.2,1.1,2.7,0,0,0,1
121,138,5,0.1,0.6,1.5,0,0,0,1
121,144,2,0,0.2,0.5,0.1,0,0,1
121,166,31,0.6,2.6,6.5,2,0.2,0,1
121,167,19,0.4,1.6,4,1.2,0.1,0,1
121,168,22,2,0,5,4,0,0,0
121,169,24,0.5,2,5.1,1.5,0.1,0,1
121,170,6.5,0,0.6,1.9,0.1,0,0,1
121,194,4.5,0.5,0.5,0.8,0,0,0,1
121,195,15,0,2.5,2.8,0.3,0,0,1
121,213,18,0,3,2,3,0,0,1
121,214,10,0,1.7,1.1,1.6,0,0,1
121,230,1,0,0.2,0.1,0.2,0,0,1
122,19,6,0,0.2,2,0,0,0,1
122,20,12,0,3.1,1.3,0.3,0,0,1
122,21,101,1,30,6,1,0,0,0
122,22,70,0,24,3,0,0,0,0
122,25,2,0.1,0.4,0.1,0.2,0,0,1
122,27,2,0.1,0.4,0.1,0.2,0,0,1
122,50,3,0,0.1,0.6,0.3,0,0,1
122,51,8,0,0.4,1.5,0.8,0,0,1
122,55,8,0,0.4,1.5,0.8,0,0,1
122,67,11,2.1,1.3,0.8,0.7,0.2,0,1
122,68,13.5,2.5,1.6,1,0.9,0.3,0,1
122,69,4,0.7,0.5,0.3,0.3,0.1,0,1
122,70,134.5,68,7,1,1,0,0,0
122,71,57,11,15,0,0,0,0,0
122,72,565,190,1,0,0,0,89,0
122,73,1071,247,78,0,0,0,324,0
122,75,8,0.4,1.7,0.7,0.3,0,0,1
122,76,6,0.3,1.3,0.5,0.2,0,0,1
122,77,103,0,0,34,0,0,34,0
122,78,790.5,0,206,0,0,0,206,0
122,79,15.5,0.7,3.4,1.3,0.6,0,0,1
122,80,59,8,3,3,9,0,0,0
122,81,76.5,9,7,9,6,0,0,0
122,82,80,18,5,3,8,0,0,0
122,83,41,3,9,5,1,0,0,0
122,84,40,5,7,3,4,0,0,0
122,85,44,3,3,3,7,0,0,0
122,86,34.5,3,4,4,4,0,0,0
122,87,30,4,6,2,2,0,0,0
122,88,48,2,9,5,5,0,0,0
122,89,22,1.9,3.1,1.9,2.7,0,0,1
122,93,36,1,7,2,2,0,0,0
122,94,5,0.2,0.9,0.6,0.4,0,0,1
122,97,20,0.9,2.9,3.3,2.5,0,0,1
122,98,1,0.1,0.1,0.2,0.1,0,0,1
122,99,12,0.6,1.7,2,1.5,0,0,1
122,128,8,0,1,1,0.9,0.2,0,1
122,135,60,2,3,3,17,0,0,0
122,136,133.5,5,3,3,53,1,0,0
122,137,51,5,6,6,2,0,0,0
122,138,74,2,8,14,0,0,0,0
122,139,1,0,0.1,0.3,0,0,0,1
122,167,4,0.1,0.3,0.8,0.3,0,0,1
122,168,56,1,2,2,20,0,0,0
122,169,19,0.4,1.6,4,1.2,0.1,0,1
122,176,4,0,0.4,1.1,0.1,0,0,1
122,213,2,0,0.4,0.2,0.3,0,0,1
122,214,5,0,0.8,0.6,0.8,0,0,1
123,8,1,0,0.1,0.2,0.1,0,0,1
123,19,71,0,0,19,0,0,0,0
123,20,179,0,12,85,0,0,4,0
123,21,91,0,20,15,4,0,3,0
123,22,54,0,8,9,2,0,0,0
123,23,28,0,7.3,3.1,0.6,0,0,1
123,24,2,0,0.5,0.2,0.1,0,0,1
123,25,3,0.2,0.5,0.2,0.2,0.1,0,1
123,26,12,0.7,2.1,0.7,0.9,0.2,0,1
123,27,7,0.4,1.2,0.5,0.5,0.1,0,1
123,28,18,1.1,3.2,1.1,1.4,0.2,0,1
123,29,8,0.5,1.4,0.5,0.6,0.1,0,1
123,30,5,0.2,0.2,0.9,0.4,0,0,1
123,32,3,0.1,0.1,0.5,0.3,0,0,1
123,33,8,0.3,0.3,1.5,0.7,0,0,1
123,34,2,0.1,0.1,0.3,0.2,0,0,1
123,35,3,0.1,0.1,0.5,0.3,0,0,1
123,53,8,0,0.4,1.5,0.8,0,0,1
123,63,7,0.8,0.6,0.1,0.7,0.1,0,1
123,66,2,0.4,0.2,0.2,0.1,0,0,1
123,67,24,4.5,2.9,1.8,1.6,0.4,0,1
123,69,11,2.1,1.3,0.8,0.7,0.2,0,1
123,70,23,3.7,3.7,3.2,0.5,0,0,1
123,71,197.5,70,15,0,1,0,0,0
123,72,347,4,100,0,0,0,1,0
123,73,445,69,90,0,0,0,159,0
123,74,2250,454,229,0,0,0,0,0
123,75,2,0.1,0.4,0.2,0.1,0,0,1
123,76,10,0.5,2.2,0.8,0.4,0,0,1
123,77,54,0,20,0,1,0,0,0
123,78,119.5,1,18,30,0,0,0,0
123,79,2,0.1,0.4,0.2,0.1,0,0,1
123,80,128.5,50,7,1,5,0,0,0
123,81,103.5,11,6,10,18,1,0,0
123,82,99.5,10,13,6,9,0,0,0
123,83,48,9,9,0,4,0,0,0
123,84,41,4,10,3,1,0,0,0
123,85,41,1,6,7,1,0,0,0
123,86,38,2,3,1,8,0,0,0
123,87,32,4,4,2,5,0,0,0
123,88,46,5,10,0,3,0,0,0
123,89,16,1.3,2.2,1.4,2,0,0,1
123,91,1,0,0.2,0.1,0.1,0,0,1
123,92,12,0.4,2.3,1.3,1,0,0,1
123,93,43,2,6,5,6,0,0,0
123,94,29,2,2,3,3,1,0,0
123,95,19,0.9,2.7,3.1,2.4,0,0,1
123,96,19,0.9,2.7,3.1,2.4,0,0,1
123,124,2,0,0.3,0.3,0.2,0,0,1
123,135,24,0,4,5,2,0,0,0
123,136,38.5,0,3,5,9,0,0,0
123,137,43,4,6,6,4,0,0,0
123,138,40.5,3,5,7,1,0,0,0
123,139,66.5,0,5,17,0,0,0,0
123,140,12,0.3,1,2.8,0.6,0,0,1
123,167,2,0.1,0.2,0.4,0.1,0,0,1
123,168,2,0.1,0.2,0.4,0.1,0,0,1
123,174,3,0,0.3,0.8,0.1,0,0,1
123,175,3,0,0.3,0.8,0.1,0,0,1
123,254,2,0,0.1,0.4,0.5,0,0,1
124,17,4,0,0.1,1.3,0,0,0,1
124,18,24,0,0.7,8,0,0,0,1
124,19,64,0,3,18,0,0,0,0
124,20,195.5,6,2,26,47,1,5,0
124,21,238,4,3,25,77,1,0,0
124,22,112.5,1,17,18,6,0,0,0
124,23,118,0,24,17,1,0,0,0
124,24,81,2,21,10,0,0,0,0
124,25,19,1.2,3.3,1.2,1.4,0.3,0,1
124,26,6,0.4,1,0.4,0.4,0.1,0,1
124,29,3,0.2,0.5,0.2,0.2,0.1,0,1
124,30,12,0.4,0.4,2.2,1.1,0,0,1
124,34,3,0.1,0.1,0.5,0.3,0,0,1
124,61,33,0,13,0,0,0,0,0
124,68,5,0.9,0.6,0.4,0.3,0.1,0,1
124,70,1,0.2,0.2,0.1,0,0,0,1
124,71,709.5,193,54,0,3,0,0,0
124,72,361,108,0,0,0,0,0,0
124,73,637.5,0,207,0,0,0,206,0
124,74,889,98,273,0,0,0,371,0
124,75,20,1,4.4,1.7,0.7,0,0,1
124,76,193,5,2,52,0,0,47,0
124,77,56,23,0,0,0,0,0,0
124,78,94.5,1,24,24,1,0,0,0
124,79,72,3,2,21,2,0,0,0
124,80,88.5,15,1,28,8,0,0,0
124,81,143.5,20,0,32,9,0,22,0
124,82,75,3,13,11,4,0,0,0
124,83,49,7,6,1,4,0,0,0
124,84,48,17,4,2,1,0,0,0
124,85,13,1.1,1.8,1.1,1.6,0,0,1
124,86,43,1,9,4,5,0,0,0
124,87,34,3,4,2,5,0,0,0
124,88,36.5,2,6,2,8,0,0,0
124,89,12,1,1.7,1,1.5,0,0,1
124,91,8,0.2,1.5,0.9,0.7,0,0,1
124,92,24,0.8,4.5,2.6,2.1,0,0,1
124,93,42.5,7,8,0,4,0,0,0
124,94,22,0.7,4.2,2.4,1.9,0,0,1
124,95,34,0,8,3,5,0,0,0
124,96,6,0.3,0.9,1,0.7,0,0,1
124,99,3,0.1,0.4,0.5,0.4,0,0,1
124,135,23,0.5,2.7,7,0,0,0,1
124,136,29,0,3,8,0,0,0,0
124,137,40,0,8,10,0,1,0,0
124,138,64.5,0,17,7,0,0,0,0
124,139,54,0,5,14,0,0,0,0
124,140,22,0.6,1.7,5.2,1.2,0,0,1
124,141,1,0,0.1,0.2,0.1,0,0,1
124,146,1,0,0.1,0.2,0.1,0,0,1
124,175,18,0,1.7,5.2,0.3,0,0,1
124,254,4,0,0.2,0.8,1.1,0,0,1
124,255,2,0,0.1,0.4,0.5,0,0,1
125,4,1,0,0.1,0.2,0.1,0,0,1
125,15,5,0.2,1.2,0.8,0.1,0,0,1
125,16,2,0.1,0.5,0.3,0,0,0,1
125,17,6,0.2,1.5,0.9,0.2,0,0,1
125,18,41.5,0,7,9,0,0,0,0
125,19,197,3,39,16,23,0,0,0
125,20,282.5,5,7,28,92,2,0,0
125,21,274.5,3,4,52,70,0,2,0
125,22,171,1,9,35,17,0,0,0
125,23,110,0,8,28,0,1,0,0
125,24,69,0,9,16,0,0,0,0
125,25,22.5,0.6,0.6,4.8,1.2,0,0,1
125,36,7,0.2,0.3,1.3,0.6,0,0,1
125,41,3,0.4,0.3,0.4,0.4,0,0,1
125,48,5,0,0.1,0.1,1.5,0.2,0,1
125,59,10,1.6,0.3,0.6,1.5,0.3,0,1
125,66,6,2.2,0.2,0.3,0.4,0,0,1
125,67,14,5.2,0.6,0.6,0.8,0,0,1
125,71,1,0.1,0.1,0.1,0.3,0,0,1
125,72,518,78,112,0,1,0,112,0
125,73,751,144,87,0,1,0,85,0
125,74,594,80,143,2,0,0,105,0
125,75,120,17,22,6,3,0,0,0
125,76,375.5,1,184,3,2,1,20,0
125,77,20,0,3,5,3,0,0,0
125,78,132,5,37,13,1,0,0,0
125,79,78,16,10,6,3,0,0,0
125,80,225.5,7,115,6,4,0,0,0
125,81,161,25,18,29,21,0,0,0
125,82,89,30,5,0,6,0,0,0
125,83,60,1,2,23,1,0,0,0
125,84,124,16,55,1,1,0,0,0
125,85,86.5,2,3,43,4,0,0,0
125,86,35,7,1,2,5,0,0,0
125,87,51,8,3,1,7,0,0,0
125,88,23,3,4,3,1,0,0,0
125,89,7,0.9,0.3,0.4,1.5,0,0,1
125,90,8,0.2,0.9,1.3,1.1,0,0,1
125,91,33.5,3,3,1,5,0,0,0
125,92,42,5,5,1,6,0,0,0
125,93,52.5,2,7,2,6,0,0,0
125,94,51.5,1,4,3,26,0,19,0
125,95,40,3,3,7,3,0,0,0
125,96,14,0.7,1.9,3,0.6,0,0,1
125,97,8.5,0.4,1.1,1.8,0.4,0,0,1
125,136,63,0,0,22,0,0,0,0
125,137,44,0,0,15,0,0,0,0
125,138,32,0,3,9,0,0,0,0
125,139,55,0,8,12,0,0,0,0
125,140,33.5,0,3,11,0,0,0,0
125,153,2,0,0,0.2,0.3,0.1,0,1
125,255,5,0,0.2,1,1.4,0,0,1
126,16,5,0.2,1.2,0.8,0.1,0,0,1
126,17,54,0,4,14,0,0,0,0
126,18,39.5,0,9,4,3,1,0,0
126,19,87,2,8,20,1,0,0,0
126,20,114,1,12,29,5,0,0,0
126,21,222.5,1,23,20,51,0,0,0
126,22,137,2,23,16,15,2,0,0
126,23,76.5,1,14,17,0,1,0,0
126,24,11,0.5,1,2.5,0,0.3,0,1
126,40,13,1.9,1.1,1.9,1.8,0,0,1
126,41,2,0.3,0.1,0.3,0.3,0,0,1
126,47,6,0,0.1,0.2,1.8,0.2,0,1
126,49,22,0,0.6,0.6,6.5,0.6,0,1
126,53,1,0,0.2,0.1,0.1,0,0,1
126,59,2,0.3,0.1,0.1,0.3,0.1,0,1
126,60,1,0.1,0.1,0.1,0,0,0,1
126,61,2,0.2,0.2,0.2,0.1,0,0,1
126,66,4,1.5,0.2,0.2,0.2,0,0,1
126,67,9.5,3.5,0.4,0.4,0.6,0,0,1
126,71,60,0,18,1,12,0,16,0
126,72,1,0.1,0.1,0.1,0.3,0,0,1
126,74,159.5,36,23,4,1,0,0,0
126,75,85,10,17,3,6,0,0,0
126,76,52,5,10,3,0,0,0,0
126,77,51.5,4,7,9,1,0,0,0
126,78,149.5,4,37,43,3,0,0,0
126,79,148,29,24,12,6,0,0,0
126,80,6,0.5,1.1,0.5,0.3,0,0,1
126,81,89,9,2,15,18,0,0,0
126,83,89,1,63,0,4,0,0,0
126,84,69.5,14,17,1,3,0,0,0
126,85,13,1.6,0.6,0.6,2.9,0,0,1
126,86,38.5,0,6,7,3,0,0,0
126,87,80,4,8,7,7,0,0,0
126,88,2,0.3,0.1,0.1,0.4,0,0,1
126,89,8,1,0.4,0.4,1.7,0,0,1
126,90,35.5,1,4,4,5,0,0,0
126,91,45,5,3,2,6,0,0,0
126,92,42,3,7,0,4,0,0,0
126,93,40,1,9,1,5,0,0,0
126,94,7,0.2,0.8,1.1,0.9,0,0,1
126,95,6,0.3,0.8,1.2,0.3,0,0,1
126,96,2,0.1,0.3,0.4,0.1,0,0,1
126,136,3,0,0.3,0.7,0,0,0,1
126,137,14,0,1.5,3.2,0,0,0,1
126,138,14,0,1.5,3.2,0,0,0,1
126,139,34,0,1,11,0,0,0,0
126,140,83,3,5,8,13,4,0,0
126,141,35.5,0,3.5,9.2,0,0,0,1
126,163,10,0.2,1.1,1.8,0.6,0.1,0,1
126,164,19,0.3,2.2,3.4,1.1,0.2,0,1
126,175,33,2,1,0,11,0,0,0
126,176,12.5,0.4,1.6,3,1.1,0.1,0,1
126,177,14,0.5,1.8,3.4,1.2,0.1,0,1
126,178,13,0.4,1.7,3.2,1.1,0.1,0,1
126,201,5,0.1,0.7,1.2,0.2,0,0.2,1
126,203,4,0.1,0.5,1,0.2,0,0.2,1
126,204,11,0.3,1.5,2.6,0.6,0,0.6,1
126,205,5,0.1,0.7,1.2,0.2,0,0.2,1
126,228,1,0,0.2,0.1,0.2,0,0,1
126,244,5,0.1,0.4,1,0.6,0,0,1
127,15,3,0.1,0.7,0.5,0.1,0,0,1
127,16,4,0.2,1,0.6,0.1,0,0,1
127,17,6,0.2,1.5,0.9,0.2,0,0,1
127,18,12,0.4,2.9,1.9,0.4,0,0,1
127,19,51,0,5,13,0,0,0,0
127,20,93,1,21,13,0,0,0,0
127,21,98.5,2,10,17,4,0,0,0
127,22,14,0.7,1.3,3.2,0,0.3,0,1
127,23,28,1,8,5,0,0,0,0
127,25,4,0.1,0.1,0.9,0.2,0,0,1
127,40,2,0.3,0.1,0.3,0.3,0,0,1
127,42,2,0.3,0.1,0.3,0.3,0,0,1
127,63,11,0.9,0.9,1,0.9,0,0,1
127,68,1,0.4,0,0,0.1,0,0,1
127,69,12,0,0,12,0,0,0,0
127,71,306,37,96,4,7,0,0,0
127,72,12,1.8,1.1,0.7,3.3,0,0,1
127,73,13,2,1.2,0.8,3.5,0,0,1
127,74,111,15,28,8,9,0,0,0
127,75,40,2,8,7,1,0,0,0
127,76,104.5,13,7,26,8,0,0,0
127,77,209,8,43,74,0,0,0,0
127,78,159,10,33,29,4,0,0,0
127,79,253.5,57,33,36,9,0,0,0
127,80,236.5,16,63,43,7,0,27,0
127,81,369.5,59,130,5,53,0,1,0
127,82,125,3,40,2,32,0,0,0
127,83,52,2,15,2,10,0,0,0
127,84,102,0,3,49,7,0,0,0
127,85,40.5,2,8,1,5,0,0,0
127,86,56.5,8,5,1,6,0,0,0
127,87,36,4,4,2,3,0,0,0
127,89,11,1.4,0.5,0.5,2.4,0,0,1
127,90,27,8,1,2,0,0,0,0
127,91,52,5,9,1,5,0,0,0
127,92,32.5,2,3,4,6,0,0,0
127,93,12,0.3,1.4,1.9,1.6,0,0,1
127,99,5,0.2,0.7,1.1,0.2,0,0,1
127,100,1,0,0,0.3,0,0,0,1
127,101,5,0.1,0.1,1.4,0.1,0,0,1
127,102,25,0.3,0.7,7.1,0.3,0,0,1
127,138,6,0,0.6,1.4,0,0,0,1
127,139,56.5,1,5,12,3,0,0,0
127,140,55,1,4,9,16,0,0,0
127,141,28.5,0,3,3,6,0,0,0
127,150,3,0.1,0.1,0.2,0.4,0.1,0,1
127,161,6,0.1,0.7,1.1,0.3,0.1,0,1
127,162,54,1,1,5,19,0,0,0
127,163,30,3,6,3,0,0,0,0
127,164,8,0.1,0.9,1.4,0.5,0.1,0,1
127,175,17.5,0.6,2.3,4.2,1.5,0.1,0,1
127,176,17,0.6,2.2,4.1,1.4,0.1,0,1
127,177,21,0.7,2.7,5.1,1.8,0.1,0,1
127,178,16,0.5,2.1,3.9,1.3,0.1,0,1
127,192,6,0.6,0.7,1.1,0,0,0,1
127,195,1,0,0.1,0.2,0.1,0,0,1
127,196,10,0.3,0.7,1.5,1.3,0,0,1
127,197,24.5,0.8,1.6,3.7,3.1,0,0,1
127,199,31,1,2.1,4.6,3.9,0,0,1
127,200,6,0.2,0.8,1.4,0.3,0,0.3,1
127,201,18,0.4,2.5,4.3,0.9,0,0.9,1
127,203,2,0,0.3,0.5,0.1,0,0.1,1
127,204,17,0.4,2.3,4,0.9,0,0.8,1
128,5,2,0,0.1,0.5,0.3,0,0,1
128,14,2,0,0,0.7,0,0,0,1
128,17,1,0,0.3,0.2,0,0,0,1
128,18,3,0.1,0.7,0.5,0.1,0,0,1
128,19,7,0.3,1.7,1.1,0.2,0,0,1
128,20,10.5,0.5,1,2.4,0,0.2,0,1
128,21,70.5,3,3,21,2,0,0,0
128,29,11,0.3,0.3,2.3,0.6,0,0,1
128,30,3,0.1,0.1,0.5,0.3,0,0,1
128,48,2,0,0,0.1,0.6,0.1,0,1
128,50,5,0.1,1,0.3,0.5,0,0,1
128,51,1,0,0.2,0.1,0.1,0,0,1
128,52,5,0.1,1,0.3,0.5,0,0,1
128,53,2,0.1,0.4,0.1,0.2,0,0,1
128,55,3,0.5,0.1,0.2,0.4,0.1,0,1
128,59,3,0.5,0.1,0.2,0.4,0.1,0,1
128,60,4,0.3,0.4,0.4,0.3,0,0,1
128,62,6,0.5,0.5,0.5,0.5,0,0,1
128,63,2,0.2,0.2,0.2,0.1,0,0,1
128,68,2,0.7,0.1,0.1,0.1,0,0,1
128,71,6,0.9,0.6,0.4,1.6,0,0,1
128,72,220.5,22,34,72,10,0,34,0
128,73,76.5,16,7,3,7,0,0,0
128,74,149,28,20,10,15,0,0,0
128,75,121.5,12,6,16,20,0,0,0
128,76,204.5,17,47,42,11,0,0,0
128,77,434.5,148,37,23,8,0,31,0
128,78,274.5,20,0,76,5,0,76,0
128,79,200.5,14,8,3,78,0,0,0
128,80,363.5,79,41,26,45,0,39,0
128,81,641,86,81,62,146,0,77,0
128,82,200,4,21,48,33,2,1,0
128,83,36,6,6,0,1,0,0,0
128,84,33,2.9,5.9,2.9,1.5,0,0,1
128,85,60,10,3,0,12,1,0,0
128,86,157,69,1,3,8,0,0,0
128,87,51,10,4,8,6,0,0,0
128,88,53,7,5,2,7,0,0,0
128,89,82,16,7,1,8,0,0,0
128,90,30,5,4,1,6,0,0,0
128,91,29,5,1,2,7,0,0,0
128,92,26,1,5,2,4,0,0,0
128,93,17,0.4,1.9,2.7,2.3,0,0,1
128,99,9,0.4,1.3,1.9,0.4,0,0,1
128,100,19,0.3,0.5,5.4,0.2,0,0,1
128,101,17,0.2,0.5,4.8,0.2,0,0,1
128,102,13,0.2,0.3,3.7,0.1,0,0,1
128,103,13,0.2,0.3,3.7,0.1,0,0,1
128,138,2.5,0,0.2,0.6,0,0,0,1
128,139,22,0,2.4,5,0,0,0,1
128,140,15,0,1.5,3.8,0,0,0,1
128,161,7,0.1,0.8,1.3,0.4,0.1,0,1
128,162,56,0,4,4,15,0,0,0
128,163,12.5,0.2,1.4,2.3,0.7,0.1,0,1
128,164,7,0.1,0.8,1.3,0.4,0.1,0,1
128,174,14,0,1.3,4,0.3,0,0,1
128,175,22,0.7,2.9,5.3,1.9,0.1,0,1
128,176,2,0.1,0.2,0.5,0.2,0,0,1
128,177,1,0,0.1,0.3,0.1,0,0,1
128,178,11,0.4,1.4,2.7,0.9,0.1,0,1
128,179,3,0.1,0.4,0.7,0.3,0,0,1
128,180,1,0,0.1,0.2,0.1,0,0,1
128,194,4,0.4,0.5,0.7,0,0,0,1
128,195,12,0.4,0.8,1.8,1.5,0,0,1
128,196,4.5,0.1,0.3,0.7,0.6,0,0,1
128,197,7,0.2,0.5,1,0.9,0,0,1
128,199,23,0.8,1.5,3.4,2.9,0,0,1
128,200,1,0,0.1,0.2,0.1,0,0,1
129,17,2,0.1,0.5,0.3,0,0,0,1
129,18,2,0.1,0.5,0.3,0,0,0,1
129,21,8,0.4,0.7,1.8,0,0.2,0,1
129,33,3,0.1,0.1,0.5,0.3,0,0,1
129,46,2,0,0,0.1,0.6,0.1,0,1
129,50,10,0.3,1.9,0.6,1.1,0,0,1
129,53,8,0.2,1.6,0.4,0.9,0,0,1
129,54,4,0.1,0.8,0.2,0.5,0,0,1
129,57,13.5,2.1,0.4,0.8,2.1,0.4,0,1
129,58,1,0.2,0,0.1,0.1,0,0,1
129,61,8,0.7,0.7,0.7,0.6,0,0,1
129,63,13,1.1,1.1,1.1,1.1,0,0,1
129,65,3,1.1,0.1,0.1,0.2,0,0,1
129,68,9,3.3,0.4,0.4,0.5,0,0,1
129,69,38,1,2,3,8,0,0,0
129,71,41.5,3,1,7,4,0,0,0
129,72,222,8,93,11,14,0,0,0
129,73,331,16,80,55,11,1,104,0
129,74,289,28,93,50,11,0,0,0
129,75,305,57,85,11,18,0,0,0
129,76,362,91,18,62,35,0,28,0
129,77,202,9,3,32,60,1,0,0
129,78,521,160,34,83,14,1,112,0
129,79,487.5,35,13,130,92,0,78,0
129,80,461.5,17,63,10,190,1,0,0
129,81,284,21,86,32,49,0,35,0
129,82,162,27,1,70,5,0,0,0
129,83,6,0.5,1.1,0.5,0.3,0,0,1
129,84,44,5,5,0,9,0,0,0
129,85,80,5,7,23,5,2,0,0
129,86,68,4,8,17,6,0,0,0
129,87,42,7,4,2,4,0,0,0
129,88,55,11,6,2,5,0,0,0
129,89,52,2,6,3,11,0,0,0
129,90,35,0,9,4,4,0,0,0
129,91,42,2,7,0,4,0,1,0
129,92,46,9,4,1,5,0,0,0
129,93,35,2,7,2,5,0,0,0
129,94,28.5,1,3,4,6,0,0,0
129,95,12,0.6,1.7,2.5,0.5,0,0,1
129,96,17,0.8,2.3,3.6,0.8,0,0,1
129,97,18.5,0.9,2.5,3.9,0.8,0,0,1
129,98,17,0.8,2.3,3.6,0.8,0,0,1
129,99,29,0,7,6,2,0,0,0
129,100,12,0.2,0.3,3.4,0.1,0,0,1
129,101,15.5,0.2,0.4,4.4,0.2,0,0,1
129,102,26,0.3,0.7,7.4,0.3,0,0,1
129,103,4,0.1,0.1,1.1,0,0,0,1
129,139,2,0,0.2,0.5,0,0,0,1
129,152,5,0.1,0.1,0.4,0.7,0.1,0,1
129,153,10,0.2,0.2,0.9,1.4,0.2,0,1
129,161,15,0.3,1.7,2.7,0.9,0.1,0,1
129,162,28,1,3,6,2,0,0,0
129,163,27,0.4,3.1,4.9,1.6,0.2,0,1
129,164,7,0.1,0.8,1.3,0.4,0.1,0,1
129,169,3,0.1,0.3,0.5,0.2,0,0,1
129,175,3,0.1,0.4,0.7,0.3,0,0,1
129,192,2,0.2,0.2,0.4,0,0,0,1
129,193,3.5,0.4,0.4,0.6,0,0,0,1
129,199,7,0.2,0.5,1,0.9,0,0,1
129,202,4,0.1,0.5,1,0.2,0,0.2,1
129,243,7,0.1,0.6,1.3,0.9,0,0,1
129,249,2,0,0.2,0.4,0.2,0,0,1
129,254,1,0,0,0.2,0.3,0,0,1
130,7,2,0,0.1,0.5,0.3,0,0,1
130,28,3,0,0.1,0.2,0.6,0.2,0,1
130,29,4,0,0.2,0.2,0.8,0.2,0,1
130,42,9,1.2,0.6,1.3,1.2,0,0,1
130,43,9,1.2,0.6,1.3,1.2,0,0,1
130,62,8,0.6,0.1,1.1,0.6,0,0,1
130,63,30,2.1,0.5,4.2,2.1,0,0,1
130,65,5,0.7,0.3,0.3,0.7,0,0,1
130,69,154,22.3,9.7,10.7,20.3,0,0,1
130,70,181.5,15,0,29,5,35,35,0
130,71,171.5,44,19,22,6,0,48,0
130,72,260.5,81,14,16,13,0,63,0
130,73,55,7,0,17,12,0,0,0
130,74,528,78,0,171,1,0,103,0
130,75,577,4,60,226,20,0,165,0
130,76,366,35,52,128,21,0,17,0
130,77,263.5,21,20,88,40,0,19,0
130,78,361.5,59,74,42,61,0,0,0
130,79,319,3,18,24,150,3,0,0
130,80,315,3,23,18,148,0,4,0
130,81,252.5,5,16,67,56,0,0,0
130,82,91,1,1,1,43,0,0,0
130,83,24,2.9,2.4,0.4,3.7,0,0,1
130,84,35,4.1,3.6,0.6,5.3,0,0,1
130,85,72,10,2,2,13,0,0,0
130,86,79,8,6,10,5,0,0,0
130,87,71,8,9,9,6,0,0,0
130,88,55,3,8,7,2,0,0,0
130,89,38,2,7,4,2,0,0,0
130,90,30.5,3,4,4,6,0,0,0
130,91,51.5,8,2,1,9,0,0,0
130,92,36,2,8,3,2,0,0,0
130,93,38.5,2,5,2,7,0,0,0
130,94,36.5,2,8,2,4,0,0,0
130,95,33,3,4,4,1,0,0,0
130,96,24,0,5,3,3,0,0,0
130,97,23.5,0.5,5.1,2.1,1.4,0,0,1
130,98,25.5,0.6,5.6,2.2,1.5,0,0,1
130,99,25,0.5,5.5,2.2,1.5,0,0,1
130,100,17,0.2,1.7,4,1,0,0,1
130,101,16,0.2,1.6,3.7,1,0,0,1
130,102,13,0.1,1.3,3,0.8,0,0,1
130,103,5,0,0.5,1.2,0.3,0,0,1
130,104,9,0.1,0.9,2.1,0.5,0,0,1
130,162,17,0,0.5,4.6,0,0,0,1
130,163,26,0,0.7,7.1,0,0,0,1
130,164,23,0,0.7,6.2,0,0,0,1
130,173,1,0,0,0.2,0.1,0,0,1
130,174,5,0.2,0.3,0.9,0.3,0,0,1
130,199,30.5,1,4,7,0,0,0,0
130,200,9,0,1,2.3,0.2,0,0,1
131,14,5,0,0.3,1.3,0.5,0,0,1
131,30,1,0.3,0,0,0.2,0,0,1
131,43,3,0.4,0.2,0.4,0.4,0,0,1
131,69,180,0,0,141,0,0,0,0
131,70,686,0,0,348,0,0,176,0
131,71,92.5,15,5,16,0,0,16,0
131,72,572.5,65,1,211,29,0,87,0
131,73,250.5,59,14,57,13,1,0,0
131,74,397,162,0,56,13,0,0,0
131,75,645.5,49,71,224,43,0,147,0
131,76,513,71,88,88,69,1,30,0
131,77,676.5,6,60,137,201,2,79,0
131,78,450,60,13,6,170,3,2,0
131,79,647.5,16,1,67,311,0,8,0
131,80,591,0,68,48,260,1,4,0
131,81,261,6,49,39,81,0,8,0
131,82,351.5,8,17,5,159,0,0,0
131,83,312,3,80,40,78,0,0,0
131,84,67.5,4,2,0,24,1,0,0
131,85,47,10,0,6,7,0,3,0
131,86,74,10,1,5,10,0,0,0
131,87,53,5,9,4,5,0,0,0
131,88,47,5,7,3,6,0,0,0
131,89,22,0,4.7,1.1,3.1,0,0,1
131,90,36,3,3,3,5,0,0,0
131,91,40,4,4,4,3,0,0,0
131,92,38,4,9,2,3,0,0,0
131,93,45,1,6,5,4,0,0,0
131,94,33,1.5,2.6,6.4,3.4,0,0,1
131,95,24,1,7,2,1,0,0,0
131,96,12,0.3,2.6,1.1,0.7,0,0,1
131,97,23,0.5,5,2,1.4,0,0,1
131,98,24,2,1,3,5,0,0,0
131,99,19,0.4,4.2,1.7,1.1,0,0,1
131,100,24,0.2,2.4,5.6,1.5,0,0,1
131,101,14,0.1,1.4,3.2,0.9,0,0,1
131,102,27.5,2,4,4,1,1,0,0
131,103,1,0,0.1,0.2,0.1,0,0,1
131,164,4,0,0.1,1.1,0,0,0,1
131,173,11,0.4,0.6,1.9,0.8,0,0,1
131,174,6,0.2,0.4,1,0.4,0,0,1
131,186,4,0,0.3,0.9,0.3,0,0,1
131,199,8,0,0.4,2.5,0.4,0,0,1
131,200,13.5,0,1.6,3.4,0.3,0,0,1
131,201,3,0,0.3,0.8,0.1,0,0,1
132,9,5,0,0.3,1.3,0.5,0,0,1
132,25,3,0,0.1,0.2,0.6,0.2,0,1
132,33,5,1.2,0,0.2,0.9,0,0,1
132,37,9,2.3,0,0.3,1.6,0,0,1
132,40,19,2.5,1.2,2.9,2.5,0,0,1
132,43,6,0.8,0.4,0.9,0.8,0,0,1
132,46,7,1.5,0.2,0.8,0,0,0,1
132,59,1,0.1,0,0.2,0.1,0,0,1
132,60,3,0.2,0.1,0.4,0.2,0,0,1
132,62,10,0.7,0.2,1.4,0.7,0,0,1
132,71,392,0,0,165,0,0,165,0
132,72,339.5,0,129,64,1,0,48,0
132,73,407,55,137,35,0,0,71,0
132,74,95,36,0,0,2,0,0,0
132,75,111,1,0,47,18,0,0,0
132,76,474,21,90,90,67,1,54,0
132,77,553,8,14,60,247,3,0,0
132,78,530,43,97,99,78,0,19,0
132,79,390.5,0,62,34,149,1,0,0
132,80,368,0,11,27,180,4,1,0
132,81,331,7,10,14,172,3,0,0
132,82,403,1,2,20,225,0,2,0
132,83,429,9,133,23,106,2,5,0
132,84,236.5,9,17,4,84,0,7,0
132,85,121,10,5,4,32,0,0,0
132,86,106,9,4,11,18,2,0,0
132,87,77,9,14,3,10,0,0,0
132,88,72,13,15,2,3,0,0,0
132,89,20,0,4.3,0.9,2.9,0,0,1
132,90,21,0.9,1.7,4.1,2.1,0,0,1
132,91,26,4,2,2,4,0,0,0
132,92,29,4,2,5,1,0,0,0
132,93,16,0.7,1.3,3.1,1.6,0,0,1
132,94,36,1,3,4,6,0,0,0
132,95,16,0.4,3.5,1.4,0.9,0,0,1
132,96,26,0,6,4,1,0,0,0
132,97,13,0.3,2.8,1.2,0.8,0,0,1
132,98,27,0.6,5.9,2.4,1.6,0,0,1
132,99,18,0.4,3.9,1.6,1.1,0,0,1
132,100,20,0.2,2,4.7,1.2,0,0,1
132,101,21,0.2,2.1,4.9,1.3,0,0,1
132,102,20,0.2,2,4.7,1.2,0,0,1
132,144,3,0.1,0.1,0.2,0.4,0.1,0,1
132,173,16,0.6,0.9,2.8,1.1,0,0,1
132,174,17,0.6,1,2.9,1.2,0,0,1
132,199,9,0,0.5,2.8,0.4,0,0,1
132,200,12.5,0,1.5,3.2,0.2,0,0,1
133,0,4,0,0.2,1,0.5,0,0,1
133,51,2,0.1,0.1,0.4,0.2,0,0,1
133,70,159,36,0,36,0,0,0,0
133,71,26,10.3,4,0,0,0,0,1
133,72,303,7,38,110,0,1,45,0
133,73,366,62,149,1,2,0,51,0
133,74,349.5,140,0,18,2,2,18,0
133,75,433.5,188,0,6,17,1,163,0
133,76,524,54,19,178,28,0,64,0
133,77,700,100,70,136,130,1,5,0
133,78,270.5,20,0,48,98,0,14,0
133,79,112.5,16,0,6,42,4,0,0
133,80,617,7,12,8,379,0,1,0
133,81,658.5,18,17,64,309,4,6,0
133,82,416,12,61,33,164,1,26,0
133,83,463,14,8,14,233,0,10,0
133,84,330.5,11,17,39,122,2,23,0
133,85,194,25,3,23,35,0,0,0
133,86,96,14,9,6,13,0,0,0
133,87,83,11,10,5,8,0,0,0
133,88,46,2,12,4,5,0,0,0
133,89,46,4,8,0,6,0,0,0
133,90,30,1,5,2,5,0,0,0
133,91,38,1,3,5,7,0,0,0
133,92,30,2,4,6,3,0,0,0
133,93,21,0,7,2,2,0,0,0
133,94,34.5,2,3,1,8,0,0,0
133,95,17,0.4,3.7,1.5,1,0,0,1
133,96,38.5,5,5,2,2,0,0,0
133,97,28,0,6,2,3,0,0,0
133,98,6,0.1,1.3,0.5,0.4,0,0,1
133,99,9,0.2,2,0.8,0.5,0,0,1
133,100,19,0.2,1.9,4.4,1.2,0,0,1
133,101,13,0.1,1.3,3,0.8,0,0,1
133,102,20,0.2,2,4.7,1.2,0,0,1
133,103,10,0.1,1,2.3,0.6,0,0,1
133,138,13,0,1.5,2.7,1.2,0,0,1
133,172,7,0.3,0.4,1.2,0.5,0,0,1
133,173,22,0.8,1.3,3.8,1.5,0,0,1
133,199,3,0,0.2,0.9,0.1,0,0,1
133,200,8,0,0.9,2,0.2,0,0,1
133,245,3,0,0.2,0.6,0.4,0,0,1
134,17,2,0,0.1,0.5,0.3,0,0,1
134,27,5,0,0.2,0.3,1,0.3,0,1
134,31,1,0.3,0,0,0.2,0,0,1
134,45,6,1.2,0.2,0.7,0,0,0,1
134,46,11,2.3,0.3,1.3,0,0,0,1
134,51,2,0.1,0.1,0.4,0.2,0,0,1
134,64,6,0.4,0.1,0.9,0.4,0,0,1
134,70,168,34,0,50,0,0,0,0
134,71,32,12.7,5,0,0,0,0,1
134,72,237.5,1,10,102,4,0,55,0
134,73,208.5,0,0,101,2,0,60,0
134,74,240,102,4,17,3,0,0,0
134,75,237,112,0,0,9,0,32,0
134,76,432,1,40,126,11,0,115,0
134,77,451,60,72,29,99,1,0,0
134,78,288.5,6,58,3,96,2,0,0
134,79,15.5,3,1,0,7,0,0,0
134,80,498.5,8,13,9,262,12,0,0
134,81,464.5,0,14,29,235,6,36,0
134,82,707,3,52,48,323,1,80,0
134,83,813.5,10,24,161,270,0,129,0
134,84,357.5,17,1,17,179,0,1,0
134,85,179,6,4,3,81,0,0,0
134,86,95.5,5,6,3,36,0,0,0
134,87,104.5,6,8,14,9,0,7,0
134,88,73,8,12,1,11,1,0,0
134,89,54.5,9,3,5,9,0,0,0
134,90,32,2,5,3,5,0,0,0
134,91,30,4,4,2,6,0,0,0
134,92,41,7,2,4,5,0,0,0
134,93,28,1,6,3,2,0,0,0
134,94,18,0.8,1.4,3.5,1.9,0,0,1
134,95,26,1,4,1,5,0,0,0
134,96,24,1,2,7,2,0,0,0
134,97,31,0.7,6.8,2.8,1.8,0,0,1
134,98,3,0.1,0.6,0.3,0.2,0,0,1
134,99,2,0.1,0.4,0.2,0.1,0,0,1
134,100,15.5,0.2,1.6,3.6,0.9,0,0,1
134,101,21,0.2,2.1,4.9,1.3,0,0,1
134,102,16,0.2,1.6,3.7,1,0,0,1
134,103,23,0.2,2.3,5.4,1.4,0,0,1
134,137,20,0,2.3,4.2,1.9,0,0,1
134,138,63,1,2,9,15,0,0,0
134,139,10,0,1.2,2.1,0.9,0,0,1
134,188,7,0,0.5,1.6,0.5,0,0,1
134,189,2,0,0.1,0.5,0.1,0,0,1
134,199,3,0,0.2,0.9,0.1,0,0,1
134,200,1,0,0.1,0.3,0,0,0,1
134,201,1,0,0.1,0.3,0,0,0,1
134,202,3,0,0.3,0.8,0.1,0,0,1
134,250,2,0,0.2,0.4,0.2,0,0,1
135,25,5,0,0.2,0.3,1,0.3,0,1
135,54,7,0.5,0.2,1.3,0.8,0,0,1
135,70,96,15,66,0,0,0,0,0
135,71,296,20,7,135,0,2,12,0
135,72,1,0,0,0.1,0.3,0.1,0,1
135,73,443,0,245,0,3,0,48,0
135,74,264.5,8,29,69,3,0,69,0
135,75,439,120,63,48,16,0,99,0
135,76,391,32,17,104,32,0,84,0
135,77,142,36,1,34,18,0,0,0
135,78,204,15,3,2,88,0,0,0
135,79,217.5,10,4,57,51,1,0,0
135,80,468.5,52,23,90,132,1,0,0
135,81,374.5,48,0,7,168,0,0,0
135,82,272,0,5,20,133,1,23,0
135,83,547,9,0,38,275,0,23,0
135,84,240.5,5,25,20,104,0,18,0
135,85,98.5,3,4,0,42,0,0,0
135,86,263.5,37,5,10,73,0,19,0
135,87,236.5,105,2,8,12,0,0,0
135,88,109,8,41,3,6,1,0,0
135,89,65,5,4,6,12,0,0,0
135,90,33,1,5,4,3,0,0,0
135,91,33,3,4,2,6,0,0,0
135,92,50.5,4,7,3,3,0,0,0
135,93,29,2,6,3,1,0,0,0
135,94,31,3,7,2,0,0,0,0
135,95,16,0.7,2.9,1.8,0.6,0,0,1
135,96,20,0,8,1,2,0,0,0
135,97,4,0.2,0.7,0.5,0.1,0,0,1
135,99,15,0.7,2.7,1.7,0.6,0,0,1
135,100,17.5,0.3,2.3,3.3,0.5,0,0,1
135,101,24,0.4,3.2,4.4,0.7,0,0,1
135,102,25,0.5,3.3,4.6,0.7,0,0,1
135,103,10,0.2,1.3,1.8,0.3,0,0,1
135,104,4,0.1,0.5,0.8,0.1,0,0,1
135,138,20.5,0,2.6,2.7,2.2,0.4,0,1
135,139,27,0,5,6,1,0,0,0
135,140,4,0.1,0.1,0.4,0.5,0.1,0,1
135,146,5,0.1,0.1,0.4,0.7,0.1,0,1
135,189,4,0,0.3,0.9,0.3,0,0,1
135,191,2,0,0.1,0.5,0.1,0,0,1
135,201,8,0,0.6,2.5,1.2,0,0,1
135,246,4,0.1,0.3,0.8,0.5,0,0,1
135,248,12,0.2,1,2.3,1.5,0,0,1
135,249,7,0.1,0.6,1.3,0.9,0,0,1
135,250,3,0,0.2,0.6,0.4,0,0,1
136,5,3,0,0.2,0.8,0.3,0,0,1
136,34,8,2,0,0.3,1.4,0,0,1
136,55,10,0.7,0.3,1.9,1.2,0,0,1
136,62,2,0,0.4,0.1,0.3,0,0,1
136,69,11,1.6,0.9,0.3,1.5,0.6,0,1
136,72,42,0,0,38,0,0,38,0
136,73,6,0.2,0,0.7,1.6,0.3,0,1
136,74,151,61,6,5,11,0,0,0
136,75,379,80,13,84,17,0,15,0
136,76,291.5,29,9,46,60,1,0,0
136,77,209,0,0,101,8,1,58,0
136,78,194.5,23,0,11,63,0,0,0
136,79,339.5,25,11,27,123,0,1,0
136,80,596.5,124,19,76,141,4,57,0
136,81,596,44,23,90,185,0,12,0
136,82,387,25,33,7,171,1,11,0
136,83,209.5,14,14,72,30,0,27,0
136,84,19,8,0,0,4,1,0,0
136,85,135,33,4,19,13,0,0,0
136,86,359.5,70,16,17,85,3,13,0
136,87,348.5,76,29,38,5,0,51,0
136,88,87,23,6,4,5,0,0,0
136,89,61,5,4,9,3,0,0,0
136,90,39,2,4,1,7,0,0,0
136,91,24.5,0,4,4,5,0,0,0
136,92,23,0,4,2,6,0,0,0
136,93,32,1,6,0,4,0,0,0
136,94,21,1.2,3.5,3.6,0.6,0,0,1
136,95,31,1,5,3,3,0,0,0
136,96,13,0.6,2.3,1.5,0.5,0,0,1
136,99,22,1,3.9,2.5,0.9,0,0,1
136,100,18,0.3,2.4,3.3,0.5,0,0,1
136,101,25.5,0.5,3.4,4.7,0.7,0,0,1
136,102,18,0.3,2.4,3.3,0.5,0,0,1
136,103,6,0.1,0.8,1.1,0.2,0,0,1
136,139,12,0,1.5,1.5,1.3,0.3,0,1
136,189,1,0,0.1,0.2,0.1,0,0,1
136,190,11,0.2,0.6,2.8,0.4,0.1,0,1
136,191,2,0,0.1,0.5,0.1,0,0,1
136,193,8,0.2,0.4,2,0.3,0.1,0,1
136,194,10,0.2,0.5,2.5,0.4,0.1,0,1
136,199,2,0,0.1,0.6,0.1,0,0,1
137,6,2,0,0.1,0.5,0.3,0,0,1
137,17,3,0,0.2,0.8,0.3,0,0,1
137,27,9,0,0.4,0.5,1.9,0.5,0,1
137,55,14,0.9,0.5,2.6,1.7,0,0,1
137,56,9,0.6,0.3,1.7,1.1,0,0,1
137,57,9,0.6,0.3,1.7,1.1,0,0,1
137,58,65,6,20,0,0,0,0,0
137,59,2,0.1,0.1,0.4,0.2,0,0,1
137,62,2,0,0.4,0.1,0.3,0,0,1
137,67,6,0.8,0.5,0.2,0.8,0.4,0,1
137,68,2,0.3,0.2,0,0.3,0.1,0,1
137,71,4,0.1,0,0.5,1.1,0.1,0,1
137,73,5,0.2,0,0.6,1.3,0.2,0,1
137,74,267,11,49,73,27,0,0,0
137,75,227,7,48,55,9,0,0,0
137,76,156.5,55,1,1,20,0,47,0
137,77,365,7,0,174,21,1,0,0
137,78,253,12,27,73,7,0,65,0
137,79,387.5,17,0,73,113,2,0,0
137,80,497,75,20,111,61,1,78,0
137,81,564,4,80,136,141,3,0,0
137,82,619.5,21,56,41,287,2,44,0
137,83,508.5,11,9,20,269,5,21,0
137,84,302.5,11,10,11,142,0,0,0
137,85,47,7,1,1,10,0,0,0
137,86,97,3,3,4,35,0,0,0
137,87,157,23,1,8,41,0,0,0
137,88,44.5,9,4,5,6,0,0,0
137,89,61,5,7,1,11,0,0,0
137,90,47,3,1,7,10,0,0,0
137,91,46,4,4,5,6,0,0,0
137,92,32,4,4,0,6,0,0,0
137,93,31,6,3,2,5,0,0,0
137,94,35,6,8,1,2,0,0,0
137,95,25,1.1,4.5,2.9,0.9,0,0,1
137,99,14,0.6,2.5,1.6,0.6,0,0,1
137,100,34.5,4,3,5,0,0,0,0
137,101,11,0.2,1.5,2,0.3,0,0,1
137,102,21,0.3,2.8,3.9,0.6,0,0,1
137,103,13,0.2,1.7,2.4,0.4,0,0,1
137,159,1,0,0,0.1,0.2,0,0,1
137,190,34.5,0.8,1.7,8.7,1.3,0.4,0,1
137,191,1,0,0.1,0.3,0,0,0,1
137,192,4,0.1,0.2,1,0.2,0,0,1
137,193,9,0.2,0.4,2.3,0.4,0.1,0,1
137,194,9,0.2,0.4,2.3,0.4,0.1,0,1
137,199,6,0,0.3,1.9,0.3,0,0,1
137,200,6,0,0.5,1.8,0.9,0,0,1
137,219,1,0,0.2,0.1,0.1,0,0,1
138,29,2,0,0.1,0.1,0.4,0.1,0,1
138,55,145,0,0,42,0,0,15,0
138,56,30,1,0,9,1,0,0,0
138,57,74,18,22,0,0,0,0,0
138,58,197,0,86,1,0,0,0,0
138,59,93,0,43,0,0,0,2,0
138,60,11,0,2.5,0.4,1.6,0,0,1
138,64,12,0,2.7,0.4,1.8,0,0,1
138,66,4,0.6,0.3,0.1,0.6,0.2,0,1
138,68,6,0.8,0.5,0.2,0.8,0.4,0,1
138,72,8,0.3,0,0.9,2.2,0.3,0,1
138,73,2,0.1,0,0.2,0.5,0.1,0,1
138,74,750,248,0,0,1,0,1,0
138,75,573.5,99,81,97,5,0,101,0
138,76,169.5,12,14,3,55,0,0,0
138,77,208.5,47,25,2,30,1,0,0
138,78,252.5,3,1,56,59,0,63,0
138,79,3,0.3,0.1,0.2,0.8,0,0,1
138,80,591,149,72,69,49,0,79,0
138,81,476,46,28,67,119,0,20,0
138,82,653,75,18,85,198,0,61,0
138,83,311.5,20,78,10,72,0,62,0
138,84,231.5,3,40,20,66,0,65,0
138,87,52,0,1,31,2,0,29,0
138,88,56,6,6,4,9,0,0,0
138,89,54,4,4,7,5,0,0,0
138,90,28,2,9,1,0,0,0,0
138,91,34,2,4,8,1,0,0,0
138,92,25,1.4,4.2,4.3,0.7,0,0,1
138,93,24,4,6,0,2,0,0,0
138,94,25,1.4,4.2,4.3,0.7,0,0,1
138,95,16,0.7,2.9,1.8,0.6,0,0,1
138,96,8,0.4,1.4,0.9,0.3,0,0,1
138,99,14.5,0.6,2.6,1.7,0.6,0,0,1
138,100,35,0,5,6,0,0,0,0
138,101,21,0.3,2.8,3.9,0.6,0,0,1
138,102,10,0.2,1.3,1.8,0.3,0,0,1
138,170,6,0.3,0.3,1.7,0.8,0.3,0,1
138,171,9,0.4,0.4,2.6,1.3,0.4,0,1
138,172,2,0.1,0.1,0.5,0.3,0.1,0,1
138,173,2,0.1,0.1,0.5,0.3,0.1,0,1
138,183,4,0,0.3,0.9,0.3,0,0,1
138,188,3,0,0.2,0.7,0.2,0,0,1
138,189,1,0,0.1,0.2,0.1,0,0,1
138,190,23,0.5,1.1,5.8,0.9,0.3,0,1
138,191,28,0,3,3,6,0,0,0
138,193,25,0.5,1.2,6.3,1,0.3,0,1
138,194,18,0.4,0.9,4.5,0.7,0.2,0,1
138,199,4,0,0.2,1.2,0.2,0,0,1
138,200,11,0,0.8,3.4,1.7,0,0,1
138,221,2,0,0.3,0.2,0.5,0,0,1
138,252,3,0,0.2,0.6,0.4,0,0,1
139,19,5,0,0.3,1.3,0.5,0,0,1
139,20,11.5,0,0.4,0.7,2.4,0.7,0,1
139,25,8,0,0.3,0.4,1.7,0.5,0,1
139,26,2,0,0.1,0.1,0.4,0.1,0,1
139,35,4,1,0,0.2,0.7,0,0,1
139,40,28,12,0,0,0,0,0,0
139,41,10,2,0.3,1.2,0,0,0,1
139,53,1,0.1,0,0.2,0.1,0,0,1
139,54,2,0.1,0.1,0.4,0.2,0,0,1
139,55,216,3,7,100,0,0,93,0
139,56,90,15,9,11,5,0,4,0
139,57,108,4,12,14,27,0,0,0
139,58,126,3,46,1,2,0,0,0
139,59,109.5,0,46,6,0,0,0,0
139,65,2,0.3,0.2,0,0.3,0.1,0,1
139,67,5,0.7,0.4,0.1,0.7,0.3,0,1
139,68,30,5,4,1,1,0,0,0
139,69,49,9,2,4,4,0,0,0
139,70,36,3,6,2,0,0,0,0
139,73,29,7,1,1,5,0,0,0
139,74,96,7,11,5,16,0,0,0
139,75,222,6,20,3,71,1,16,0
139,76,207,29,22,3,41,0,0,0
139,77,206.5,5,10,20,68,0,0,0
139,78,110.5,10.7,3.9,8.8,28.2,0,0,1
139,79,235.5,14,2,55,59,0,0,0
139,80,626.5,78,4,257,15,0,74,0
139,81,353.5,68,82,1,54,0,30,0
139,82,285,12,74,1,34,0,70,0
139,84,183.5,2,76,0,6,1,76,0
139,85,1,0.2,0.1,0,0.2,0,0,1
139,86,103,29,0,0,31,0,22,0
139,87,7,1.2,1.1,0,1.2,0,0,1
139,88,297,9,161,2,4,0,0,0
139,89,32,5.6,4.8,0,5.6,0,0,1
139,90,67,10,6,2,10,0,0,0
139,91,31,0,5,1,7,0,0,0
139,92,35,3,6,2,5,0,0,0
139,93,50,4,2,8,4,1,0,0
139,94,39.5,1,3,8,1,0,0,0
139,95,42,6,3,6,1,0,0,0
139,96,4,0.2,0.7,0.5,0.1,0,0,1
139,99,5,0.2,0.9,0.6,0.2,0,0,1
139,100,20,0.3,2.7,3.7,0.6,0,0,1
139,101,22,1,5,2,5,0,0,0
139,102,41,0.7,5.5,7.6,1.1,0,0,1
139,103,1,0,0.2,0.2,0,0,0,1
139,159,12,0.3,0.3,1,1.6,0.3,0,1
139,170,25,0,5,6,0,0,0,0
139,171,33,1,0,10,4,0,0,0
139,174,2,0.1,0.1,0.5,0.3,0.1,0,1
139,177,1,0,0,0.2,0.1,0,0,1
139,189,3,0,0.2,0.7,0.2,0,0,1
139,190,41,0,9,9,0,0,0,0
139,191,20.5,0,2,3,7,0,0,0
139,192,6,0.1,0.3,1.5,0.2,0.1,0,1
139,193,44.5,0,4,15,0,0,0,0
139,194,20,0.4,1,5.1,0.8,0.2,0,1
139,195,4,0,0.2,1.2,0.2,0,0,1
139,201,1,0,0.1,0.3,0.1,0,0,1
139,221,3,0,0.5,0.3,0.7,0,0,1
140,6,5,0.3,0.4,0.2,0.8,0,0,1
140,17,6,0,0.5,1,1.9,0,0,1
140,38,4,0.3,0.3,0.8,1.1,0,0,1
140,54,62,3,13,10,2,0,0,0
140,55,124,1,12,27,15,0,0,0
140,56,227,10,19,49,38,1,25,0
140,57,89.5,14,13,4,14,0,0,0
140,58,31,1.9,5.8,3.4,1.4,0,0,1
140,59,36,0,7,7,0,0,0,0
140,66,14.5,2.1,2,1.7,0.8,0,0,1
140,67,45.5,7,6,3,3,0,0,0
140,68,56,14,1,7,5,1,0,0
140,69,47.5,12,5,6,1,0,0,0
140,70,30.5,7,7,1,1,0,0,0
140,72,9,2.5,0.6,1,0.5,0,0,1
140,73,71,5,14,0,15,0,0,0
140,74,268.5,57,0,42,8,0,10,0
140,75,550,150,1,6,4,1,2,0
140,76,195.5,37,32,4,18,0,0,0
140,77,194.5,61,4,5,24,0,0,0
140,78,136,57,1,2,4,2,0,0
140,79,158.5,5,1,5,63,1,0,0
140,80,402.5,108,3,82,30,0,65,0
140,81,499,13,50,85,96,1,65,0
140,82,348,13,52,39,77,0,18,0
140,84,31.5,0.6,11,0.6,4.3,0,0,1
140,85,35,6.2,0.7,0.7,6.8,0,0,1
140,86,135,46,28,3,2,0,0,0
140,87,173,26,34,6,20,0,34,0
140,88,242.5,41,51,30,19,0,30,0
140,89,55,2,7,7,5,0,0,0
140,90,50,8,1,4,6,0,0,0
140,91,47,4,5,1,6,0,0,0
140,92,29,5,8,1,1,0,0,0
140,93,32,2,7,4,1,0,0,0
140,94,50,5,4,7,1,0,0,0
140,95,46,1,2,10,0,0,0,0
140,99,1,0,0.2,0.1,0.1,0,0,1
140,100,7,0,1,1.2,0.6,0,0,1
140,101,29,0.1,3.9,4.9,2.4,0.1,0,1
140,102,19,0.1,2.6,3.2,1.5,0.1,0,1
140,103,7.5,0,1,1.3,0.6,0.1,0,1
140,104,13,0,1.8,2.2,1,0.1,0,1
140,144,6,0.3,0.7,0.2,1.1,0,0,1
140,146,11.5,0,1.5,2.8,0.1,0,0,1
140,147,14,0,1.8,3.4,0.2,0,0,1
140,148,11,0,1.4,2.7,0.1,0,0,1
140,150,37.5,0,5,6,2,0,0,0
140,151,22,0.4,2,6.4,0.3,0,0,1
140,152,30,0,3,10,0,1,3,0
140,153,12.5,0.2,1.2,3.6,0.2,0,0,1
140,159,2,0.1,0.6,0.2,0.2,0,0,1
140,161,2,0,0.2,0.5,0.2,0,0,1
140,166,4,0,0.6,0.8,0.1,0,0,1
140,167,5,0,0.7,1,0.1,0,0,1
140,190,10,0.1,1.1,2,0.4,0,0,1
140,191,45,0,9,5,4,0,0,0
140,192,28.5,0,2,1,9,1,0,0
140,193,14,0.1,1.6,2.8,0.6,0,0,1
140,194,18,0.1,2.1,3.6,0.7,0,0,1
140,205,2,0,0.5,0.1,0.4,0,0,1
140,220,5,0,0.8,1.2,0.4,0,0,1
140,243,6,0.1,0.4,0.9,1,0,0,1
140,252,5,0.2,0.2,0.9,0.7,0,0,1
141,11,3,0,0.2,0.5,1,0,0,1
141,22,2,0.1,0.1,0.2,0.3,0,0,1
141,23,5,0.2,0.3,0.6,0.7,0,0.1,1
141,29,4,0.2,0.2,0.5,0.5,0,0.1,1
141,30,17,0.4,4.7,0.8,1.3,0.9,0,1
141,38,69.5,0,54,0,0,0,0,0
141,39,8,0.6,0.6,1.5,2.2,0,0,1
141,40,9,0,2.5,0.2,1.1,0,0,1
141,45,14,2,2.5,0.1,1,0.2,0,1
141,50,28,0.7,0.7,6.5,0,0,0,1
141,51,41,0,0,13,0,0,0,0
141,52,4,0.1,0.1,0.9,0,0,0,1
141,53,44,0,20,1,0,0,0,0
141,54,72,2,31,3,0,0,0,0
141,55,74,6,20,7,0,0,0,0
141,56,141,16,29,9,0,1,0,0
141,57,65,0,24,4,0,1,0,0
141,58,4,0.3,0.7,0.4,0.2,0,0,1
141,60,2,0.4,0.1,0.1,0.2,0,0,1
141,61,5,0.9,0.3,0.1,0.6,0,0,1
141,63,1,0.2,0.1,0,0.1,0,0,1
141,65,58,5,5,2,1,2,0,0
141,66,11,1.6,1.5,1.3,0.6,0,0,1
141,67,16,2.4,2.2,1.8,0.9,0,0,1
141,68,33,0,6,4,3,0,0,0
141,73,230.5,2,0,101,0,0,61,0
141,74,261.5,1,0,72,1,0,0,0
141,75,159,1,0,43,0,0,0,0
141,76,201.5,36,21,7,0,0,0,0
141,77,301.5,38,89,8,21,0,82,0
141,78,291.5,80,0,32,14,0,0,0
141,79,261.5,74,31,13,27,0,0,0
141,80,514,4,39,177,24,0,181,0
141,81,668.5,185,27,56,40,1,31,0
141,82,364.5,16,60,71,48,0,89,0
141,83,8,0.1,2.8,0.2,1.1,0,0,1
141,84,12,0.2,4.2,0.3,1.6,0,0,1
141,85,80.5,8,3,16,16,0,0,0
141,86,16,2.8,0.3,0.3,3.2,0,0,1
141,87,38.5,0,16,0,1,0,0,0
141,88,130.5,9,5,2,45,0,0,0
141,89,286,129,20,3,12,0,90,0
141,90,139,3,0,90,1,0,0,0
141,91,107.5,2,1,26,6,0,0,0
141,92,35,1,4,3,5,0,0,0
141,93,39,1,1,7,3,0,0,0
141,94,35,3,1,6,3,0,0,0
141,95,9,0.5,1.5,1,0.8,0,0,1
141,97,3,0.2,0.5,0.3,0.3,0,0,1
141,99,2,0.1,0.3,0.2,0.2,0,0,1
141,100,19,0.1,2.6,3.2,1.5,0.1,0,1
141,101,19,1,3,2,5,0,0,0
141,102,17,0.1,2.3,2.8,1.4,0.1,0,1
141,103,1,0,0.1,0.2,0.1,0,0,1
141,140,15,0.8,1.8,0.5,2.5,0,0,1
141,144,6,0.3,0.7,0.2,1.1,0,0,1
141,146,44,0,1,15,0,0,0,0
141,147,75,0,1,23,0,0,0,0
141,148,63,0,0,21,0,0,0,0
141,149,42.5,0,1,16,0,0,0,0
141,150,61.5,0,7,15,3,1,5,0
141,151,59,1,7,12,0,1,0,0
141,152,51,0,4,13,0,0,0,0
141,153,30,0,1,10,0,0,0,0
141,157,7,0.2,2,0.9,0.7,0,0,1
141,166,4,0,0.6,0.8,0.1,0,0,1
141,167,6,0,0.8,1.3,0.1,0,0,1
141,175,1,0,0.1,0.2,0.1,0,0,1
141,191,8,0.1,0.9,1.6,0.3,0,0,1
141,192,14,0.1,1.6,2.8,0.6,0,0,1
141,199,2,0,0.2,0.4,0.3,0,0,1
141,219,18,1.6,2.5,1.6,3.3,0,0,1
141,220,8,0,1.3,1.9,0.6,0,0,1
141,242,2,0.1,0.1,0.3,0.3,0,0,1
141,243,3,0.1,0.2,0.4,0.5,0,0,1
141,244,9,0.2,0.5,1.3,1.5,0,0,1
142,8,7,0.4,0.6,0.3,1.1,0,0,1
142,15,3,0,0.2,0.5,1,0,0,1
142,19,2,0,0.2,0.3,0.6,0,0,1
142,22,6,0.3,0.3,0.7,0.8,0,0.1,1
142,25,4,0.2,0.2,0.5,0.5,0,0.1,1
142,31,4,0.1,1.1,0.2,0.3,0.2,0,1
142,38,14,1.1,1.1,2.7,3.7,0,0,1
142,49,3,0.4,0.5,0,0.2,0.1,0,1
142,50,91,0,0,31,0,0,0,0
142,51,127.5,0,0,44,0,0,0,0
142,52,129.5,0,0,45,0,0,9,0
142,53,132.5,0,30,18,0,0,0,0
142,54,74.5,0,34,0,0,0,0,0
142,55,52,6,11,5,0,0,0,0
142,58,1,0.1,0.2,0.1,0,0,0,1
142,63,11,2,0.7,0.3,1.2,0,0,1
142,64,16,2.9,1.1,0.4,1.8,0,0,1
142,65,10,1.5,1.4,1.1,0.6,0,0,1
142,66,16,2.4,2.2,1.8,0.9,0,0,1
142,67,39,3,7,5,1,0,0,0
142,68,8,1.2,1.1,0.9,0.5,0,0,1
142,70,11,3,0.8,1.2,0.6,0,0,1
142,72,59,6,3,2,10,0,0,0
142,73,49,2,0,13,1,0,0,0
142,74,321,0,0,161,0,0,38,0
142,75,170,1,0,49,2,0,0,0
142,76,24,1.3,6.6,0.4,0.9,0,0,1
142,77,270,116,0,0,0,0,0,0
142,78,434.5,178,0,0,1,0,47,0
142,79,190.5,45,18,14,14,0,0,0
142,80,185,22,24,23,26,0,0,0
142,81,202.5,16,5,25,60,0,0,0
142,82,305.5,18,19,38,46,1,53,0
142,83,56,8,0,9,10,0,0,0
142,84,49,1,0,30,1,0,0,0
142,85,246.5,11,1,113,4,0,16,0
142,86,40.5,5,8,3,2,0,0,0
142,87,39,3,10,2,2,0,0,0
142,88,158,8,12,26,23,0,24,0
142,89,129,11,2,8,26,0,0,0
142,90,160.5,6,0,63,9,0,0,0
142,91,51,5,3,3,7,0,0,0
142,92,52,4,5,4,11,0,0,0
142,93,40,5,5,1,4,0,0,0
142,94,19,0.6,2.8,2.4,1.9,0,0,1
142,95,19,1,3.1,2.1,1.7,0.1,0,1
142,96,2,0.1,0.3,0.2,0.2,0,0,1
142,99,6,0.3,1,0.7,0.5,0,0,1
142,100,13.5,0.1,1.8,2.2,1.1,0.1,0,1
142,101,23.5,0.1,3.2,4,1.9,0.1,0,1
142,102,8,0,1.1,1.3,0.7,0,0,1
142,145,3,0,0.4,0.7,0,0,0,1
142,146,27,0,9,4,0,0,0,0
142,147,26,1,4,6,1,0,0,0
142,148,37,2,2,4,8,0,0,0
142,149,73,3,5,14,13,0,0,0
142,150,59,0,2,7,16,2,0,0
142,151,55,1,7,6,13,1,0,0
142,152,12,0.2,1.1,3.4,0.2,0,0,1
142,160,1,0,0.1,0.2,0.1,0,0,1
142,161,14,0,1.5,3.5,1,0,0,1
142,191,23,0.2,2.7,4.6,0.9,0,0,1
142,192,33,0.3,3.8,6.5,1.4,0,0,1
142,199,2,0,0.2,0.4,0.3,0,0,1
142,200,3,0.1,0.6,0.2,0.6,0,0,1
142,201,19,0.4,4.2,1.1,3.8,0,0,1
142,219,11,1,1.5,1,2,0,0,1
142,220,12,0,1.9,2.9,1,0,0,1
142,242,20,0.4,1.2,2.9,3.3,0,0,1
142,243,31,1,1,1,11,0,0,0
142,244,9,0.2,0.5,1.3,1.5,0,0,1
143,25,8,0.4,0.4,0.9,1.1,0,0.1,1
143,41,2,0,0.5,0.1,0.2,0,0,1
143,42,7,0,1.9,0.2,0.9,0,0,1
143,43,10,0,2.7,0.3,1.2,0,0,1
143,49,2,0.3,0.4,0,0.1,0,0,1
143,50,36,0,0,14,0,0,0,0
143,51,135.5,0,0,44,0,0,0,0
143,52,207.5,0,6,65,0,0,34,0
143,53,153.5,0,40,17,0,0,0,0
143,54,76.5,2,18,10,0,0,0,0
143,55,17,1.1,3.2,1.8,0.8,0,0,1
143,56,1.5,0.1,0.3,0.1,0.1,0,0,1
143,60,1,0.2,0.1,0,0.1,0,0,1
143,71,38,8,5,1,1,1,0,0
143,72,15,4.1,1.1,1.6,0.8,0,0,1
143,73,16,4.3,1.2,1.7,0.9,0,0,1
143,74,113.5,0,0,38,0,0,0,0
143,75,92,0,3,52,0,0,0,0
143,76,72,0,2,25,0,0,8,0
143,77,162.5,67,0,0,0,0,0,0
143,78,86,35,0,1,0,0,1,0
143,79,211.5,56,13,9,6,0,21,0
143,80,218.5,54,25,3,16,1,39,0
143,81,119.5,14,5,30,13,0,0,0
143,82,452.5,4,72,184,0,0,46,0
143,83,648,247,0,54,8,0,187,0
143,84,328,88,1,17,17,0,84,0
143,85,135.5,2,11,45,0,1,0,0
143,86,103,1,37,6,0,0,2,0
143,87,71,0,17,8,6,0,0,0
143,88,55,4,9,6,7,0,0,0
143,89,90,9,6,14,8,0,0,0
143,90,57.5,7,5,3,7,0,0,0
143,91,40,6,1,6,3,0,0,0
143,92,38,5,3,6,2,0,0,0
143,93,35,2,6,4,3,0,0,0
143,94,26,0.9,3.8,3.2,2.6,0,0,1
143,95,34.5,5,5,4,2,0,0,0
143,96,26,1.3,4.3,2.9,2.3,0.1,0,1
143,97,30,1.5,5,3.3,2.7,0.1,0,1
143,98,12.5,0.6,2.1,1.4,1.1,0.1,0,1
143,99,16,0.8,2.6,1.8,1.4,0.1,0,1
143,100,10,0,1.4,1.7,0.8,0,0,1
143,101,18,0.1,2.4,3,1.5,0.1,0,1
143,102,16.5,0.1,2.2,2.8,1.3,0.1,0,1
143,105,1,0,0.2,0.2,0,0,0,1
143,146,37.5,0,6,10,0,0,0,0
143,147,43,1,5,7,2,0,0,0
143,148,47,0,5,10,1,0,0,0
143,149,22,0,2.9,5.3,0.2,0,0,1
143,150,23,2,1,4,5,1,0,0
143,151,21,0,2,4,5,0,0,0
143,152,1,0,0.1,0.3,0,0,0,1
143,154,2,0,0.2,0.6,0,0,0,1
143,157,6,0.1,1.8,0.7,0.6,0,0,1
143,158,9,0.2,2.6,1.1,0.9,0,0,1
143,160,2,0,0.2,0.5,0.2,0,0,1
143,161,8,0,0.8,2,0.6,0,0,1
143,162,1,0,0.1,0.2,0.1,0,0,1
143,171,3,0,0.4,0.6,0.1,0,0,1
143,172,58.5,0,0,21,0,0,0,0
143,173,26,0.2,3.1,5.2,1.3,0,0,1
143,194,1,0,0.1,0.2,0.1,0,0,1
143,199,4,0,0.4,0.7,0.6,0,0,1
143,200,8,0.1,1.8,0.5,1.6,0,0,1
143,201,1,0,0.2,0.1,0.2,0,0,1
143,217,1,0.1,0.1,0.1,0.2,0,0,1
143,218,5,0.4,0.7,0.5,0.9,0,0,1
143,219,2,0.2,0.3,0.2,0.3,0,0,1
143,241,2,0.1,0.1,0.3,0.3,0,0,1
143,243,7,0.1,0.4,1,1.2,0,0,1
143,244,8,0.1,0.5,1.2,1.3,0,0,1
144,0,2,0.1,0.2,0.1,0.3,0,0,1
144,5,3,0.2,0.3,0.1,0.4,0,0,1
144,6,6,0.4,0.5,0.3,0.9,0,0,1
144,40,7,0,1.9,0.2,0.9,0,0,1
144,41,12,0,3.3,0.3,1.5,0,0,1
144,42,24,0,6.6,0.6,3,0,0,1
144,43,2,0,0.5,0.1,0.2,0,0,1
144,50,5,0.1,0.1,1.2,0,0,0,1
144,51,114.5,0,19,34,0,0,12,0
144,52,167,0,76,0,0,0,0,0
144,53,100.5,0,40,1,0,0,0,0
144,54,2,0,0.1,0.5,0,0,0,1
144,55,2,0.1,0.4,0.2,0.1,0,0,1
144,56,8,0.5,1.5,0.8,0.4,0,0,1
144,60,8,1.5,0.5,0.2,0.9,0,0,1
144,65,12,1.8,1.6,1.4,0.7,0,0,1
144,70,4,1.1,0.3,0.4,0.2,0,0,1
144,74,261,0,0,82,0,0,64,0
144,75,276.5,0,4,103,0,0,50,0
144,76,139.5,0,23,34,0,0,0,0
144,77,115,0,12,38,0,0,0,0
144,78,31,1.7,8.4,0.6,1.1,0,0,1
144,79,213,1,47,31,0,0,31,0
144,80,199,17,22,35,19,0,22,0
144,81,306.5,3,176,30,5,0,20,0
144,82,199,29,64,3,4,0,1,0
144,83,826,271,0,61,0,0,329,0
144,84,357.5,49,39,27,33,0,45,0
144,85,54.5,6,6,6,5,0,0,0
144,86,236,99,7,2,2,0,0,0
144,87,45.5,2,5,9,2,0,0,0
144,88,61.5,6,11,7,1,0,0,0
144,89,51,4,12,3,3,0,0,0
144,90,33,4,6,1,2,0,0,0
144,91,16,0.6,2.3,2,1.6,0,0,1
144,92,28,0.9,4.1,3.5,2.8,0,0,1
144,93,32,2,2,5,3,0,0,0
144,94,21,0,7,2,2,0,0,0
144,95,22,1.1,3.7,2.4,2,0.1,0,1
144,96,12,0.6,2,1.3,1.1,0.1,0,1
144,97,19,1,3.1,2.1,1.7,0.1,0,1
144,98,20,1,3.3,2.2,1.8,0.1,0,1
144,99,32,0,7,2,2,0,0,0
144,100,35,3,4,0,5,0,0,0
144,101,13,0,1.8,2.2,1,0.1,0,1
144,102,6,0,0.8,1,0.5,0.1,0,1
144,139,3,0,0.1,1,0,0.1,0,1
144,146,13,0,1.7,3.1,0.2,0,0,1
144,147,6,0,0.8,1.4,0.1,0,0,1
144,148,6,0,0.8,1.4,0.1,0,0,1
144,149,5,0,0.7,1.2,0,0,0,1
144,150,9,0.2,0.8,2.6,0.1,0,0,1
144,151,3,0,0.3,0.9,0,0,0,1
144,152,3,0,0.3,0.9,0,0,0,1
144,153,1,0,0.1,0.3,0,0,0,1
144,168,26,0,3.6,5.5,0.4,0,0,1
144,169,26,0,3.6,5.5,0.4,0,0,1
144,170,22,0.2,2.5,4.4,1.1,0,0,1
144,171,19,0.2,2.2,3.8,0.9,0,0,1
144,172,48,0,15,6,0,0,0,0
144,173,26,0.2,3.1,5.2,1.3,0,0,1
144,174,2,0,0.3,0.4,0.1,0,0,1
144,217,7,0.6,1,0.6,1.3,0,0,1
144,243,11,0.2,0.7,1.6,1.8,0,0,1
144,244,6,0.1,0.4,0.9,1,0,0,1
145,1,5,0,0.5,0.6,0,1,0,1
145,5,4,0.3,0.3,0.2,0.6,0,0,1
145,21,2,0.1,0.1,0.2,0.3,0,0,1
145,39,15,0.4,4.1,0.7,1.1,0.8,0,1
145,40,21,3,3.7,0.3,1.5,0.3,0,1
145,41,11,1.6,2,0.1,0.8,0.1,0,1
145,42,2,0.3,0.4,0,0.1,0,0,1
145,45,9,1.3,1.6,0.1,0.7,0.1,0,1
145,50,26,0.5,6.9,2.1,0,1.1,0,1
145,51,55.5,0,28,1,1,0,0,0
145,52,15,0.3,4,1.2,0,0.6,0,1
145,59,2,0.2,0.1,0.2,0.3,0,0,1
145,68,3,0.4,0,0.7,0.1,0.1,0,1
145,70,1,0.2,0.1,0,0.1,0,0,1
145,71,4,0.7,0.3,0.2,0.3,0,0,1
145,74,19,0,0,11,0,0,11,0
145,75,125,0,0,45,2,0,21,0
145,76,62.5,2,3,20,1,0,0,0
145,77,207,0,18,63,0,0,15,0
145,78,224.5,0,0,102,0,0,0,0
145,79,4,0.2,0.7,0.4,0.2,0,0,1
145,80,186,56,0,1,0,0,53,0
145,81,901,372,5,15,0,0,263,0
145,82,361.5,142,2,22,1,0,102,0
145,83,514,89,0,91,0,0,155,0
145,84,661.5,195,9,9,17,0,158,0
145,85,145,32,0,16,4,0,38,0
145,86,59,5,8,5,3,1,0,0
145,87,100.5,1,32,12,3,0,0,0
145,88,87,5,19,8,3,0,0,0
145,89,51.5,7,1,14,2,0,0,0
145,90,53,1,6,3,7,0,0,0
145,91,35,0,8,4,1,0,0,0
145,92,24.5,0,8,2,3,0,0,0
145,93,28,0,7,6,0,0,0,0
145,94,34,3,5,4,1,0,0,0
145,95,18,0.6,2.8,2.7,0.8,0,0,1
145,96,25,0.8,3.9,3.7,1.2,0,0,1
145,97,28,0.9,4.4,4.2,1.3,0,0,1
145,98,14,0.5,2.2,2.1,0.6,0,0,1
145,99,27,0.9,4.2,4,1.3,0,0,1
145,100,33,0,5,3,4,0,0,0
145,101,12,0.4,2.3,1.7,0.3,0,0,1
145,102,22,0.8,4.2,3.1,0.5,0,0,1
145,138,2,0,0.1,0.7,0,0,0,1
145,141,7,0.4,0.8,0.2,1.2,0,0,1
145,158,1,0,0.3,0.1,0.1,0,0,1
145,159,3,0.1,0.9,0.3,0.3,0,0,1
145,161,5,0,0.6,0.9,0.1,0.1,0,1
145,166,7,0.2,0.5,2,0.4,0,0,1
145,167,2,0,0.2,0.6,0.1,0,0,1
145,168,6,0.1,0.5,1.7,0.3,0,0,1
145,169,9,0.1,0.7,2.6,0.5,0,0,1
145,170,89.5,7,5,8,28,1,0,0
145,171,26,0,6,4,1,0,0,0
145,172,33,1,8,6,0,0,0,0
145,173,14,0.2,1.7,4,0.2,0,0,1
145,175,2,0,0.3,0.4,0.1,0,0,1
145,196,2,0,0.2,0.4,0.3,0,0,1
145,199,2,0,0.2,0.4,0.3,0,0,1
145,217,29,2,1,5,5,0,0,0
145,218,17,0,1.4,4.3,1.6,0,0,1
145,220,2,0,0.3,0.2,0.5,0,0,1
145,242,2,0.1,0.1,0.3,0.3,0,0,1
145,255,9,0.2,0.4,2.2,1.2,0,0,1
146,0,4,0,0.4,0.5,0,0.8,0,1
146,28,1,0.1,0,0.2,0.1,0,0,1
146,29,5.5,0.4,0,1.4,0.6,0,0,1
146,36,1,0,0.3,0,0.1,0.1,0,1
146,57,7,0.7,0.3,0.8,1,0,0,1
146,59,1,0.1,0.1,0.1,0.1,0,0,1
146,66,6,0.8,0,1.5,0.3,0.1,0,1
146,71,4,0.7,0.3,0.2,0.3,0,0,1
146,75,67,0,0,24,0,0,0,0
146,76,150.5,0,44,17,0,0,29,0
146,77,184,0,53,2,0,0,53,0
146,79,7,0.3,1.3,0.7,0.3,0.1,0,1
146,80,89.5,1,33,4,0,0,0,0
146,81,169.5,0,58,3,0,0,5,0
146,82,266,57,41,0,0,0,94,0
146,83,657,260,0,0,0,0,260,0
146,84,306,85,31,0,0,0,109,0
146,85,78,23,1,0,2,0,0,0
146,86,384.5,98,79,0,1,0,30,0
146,87,70,13,3,8,1,0,0,0
146,88,44.5,1,15,4,1,0,0,0
146,89,55.5,1,8,13,3,0,0,0
146,90,25.5,2.6,2.9,2.3,1.8,0,0,1
146,91,21,2.1,2.4,1.9,1.5,0,0,1
146,92,25,2,3,3,3,0,0,0
146,93,15,1.5,1.7,1.4,1,0,0,1
146,94,19,1.9,2.1,1.7,1.4,0,0,1
146,95,24,0.8,3.7,3.6,1.1,0,0,1
146,96,24,0.8,3.7,3.6,1.1,0,0,1
146,97,4,0.1,0.6,0.6,0.2,0,0,1
146,98,8,0.3,1.2,1.2,0.4,0,0,1
146,99,15,0.5,2.3,2.3,0.7,0,0,1
146,100,27.5,0,4,6,2,0,0,0
146,101,5,0.2,1,0.7,0.1,0,0,1
146,102,10,0.4,1.9,1.4,0.2,0,0,1
146,142,3.5,0.2,0.4,0.1,0.6,0,0,1
146,143,8,0.4,0.9,0.3,1.4,0,0,1
146,144,3,0.1,0.4,0.1,0.5,0,0,1
146,154,5,0.1,1.5,0.6,0.5,0,0,1
146,161,3,0,0.3,0.6,0,0.1,0,1
146,166,5,0.1,0.4,1.4,0.3,0,0,1
146,168,2,0,0.2,0.6,0.1,0,0,1
146,169,6,0.1,0.5,1.7,0.3,0,0,1
146,170,66,1,3,12,7,1,0,0
146,171,8,0.1,1,2.3,0.1,0,0,1
146,172,3,0,0.4,0.9,0,0,0,1
146,187,3,0.3,0.8,0.3,0.1,0,0,1
146,192,3,0,0.3,0.6,0.4,0,0,1
146,198,15,0,1.6,2.7,2.1,0,0,1
146,199,5,0,0.5,0.9,0.7,0,0,1
146,213,3.5,0,0.5,0.7,0.4,0,0,1
146,214,8,0,1,1.6,1,0,0,1
146,217,6,0,0.5,1.5,0.6,0,0,1
146,218,13,0,1.1,3.3,1.2,0,0,1
146,219,6,0,0.5,1.5,0.6,0,0,1
146,220,2,0,0.3,0.2,0.5,0,0,1
146,253,2,0,0.1,0.4,0.3,0,0,1
146,254,3,0.1,0.1,0.6,0.4,0,0,1
146,255,13,0.2,0.6,3.1,1.8,0,0,1
147,5,2,0.1,0.2,0.1,0.3,0,0,1
147,7,2,0.1,0.2,0.1,0.3,0,0,1
147,13,3,0,0.2,0.5,1,0,0,1
147,17,4,0,0.3,0.6,1.3,0,0,1
147,29,3,0.2,0,0.8,0.3,0,0,1
147,41,3,0.4,0.5,0,0.2,0.1,0,1
147,54,1,0,0.3,0.1,0,0,0,1
147,55,1,0.1,0.1,0.1,0.1,0,0,1
147,56,1,0.1,0.1,0.1,0.1,0,0,1
147,57,5,0.5,0.2,0.6,0.7,0,0,1
147,61,6,0,1,0.4,1.7,0,0,1
147,66,11,1.5,0,2.8,0.4,0.2,0,1
147,67,13,1.7,0,3.3,0.5,0.3,0,1
147,68,1,0.1,0,0.3,0,0,0,1
147,69,9,1.2,0,2.3,0.3,0.2,0,1
147,70,2,0.3,0.2,0.1,0.1,0,0,1
147,72,2,0.3,0.2,0.1,0.1,0,0,1
147,74,2,0.3,0.2,0.1,0.1,0,0,1
147,75,3,0.1,0.5,0.3,0.1,0.1,0,1
147,78,2,0.1,0.4,0.2,0.1,0,0,1
147,79,6,0.3,1,0.6,0.3,0.1,0,1
147,80,308,0,120,0,0,0,54,0
147,81,167,0,65,2,0,0,3,0
147,82,93,0,33,4,0,0,0,0
147,83,175,51,2,1,0,0,51,0
147,84,741,278,0,33,0,0,311,0
147,85,154.5,17,19,29,5,0,51,0
147,86,111,10,40,11,0,0,34,0
147,87,95,9,7,16,6,1,0,0
147,88,46,0,9,9,0,0,0,0
147,89,38.5,0.9,8,1.8,3.5,0,0,1
147,90,29,1,6,3,2,0,0,0
147,91,86.5,0,34,0,2,0,0,0
147,92,6,0.6,0.7,0.6,0.4,0,0,1
147,93,2,0.2,0.2,0.2,0.2,0,0,1
147,94,7,0.7,0.8,0.6,0.5,0,0,1
147,95,5,0.2,0.8,0.7,0.2,0,0,1
147,97,17,0.6,2.6,2.5,0.8,0,0,1
147,98,21,0.7,3.3,3.1,1,0,0,1
147,99,14,0.5,2.2,2.1,0.6,0,0,1
147,100,13,0.5,2.5,1.8,0.3,0,0,1
147,153,4,0.1,1.1,0.5,0.4,0,0,1
147,162,1,0,0.1,0.2,0,0,0,1
147,164,16,0,1.8,3.1,0.3,0.3,0,1
147,165,1,0,0.1,0.3,0,0,0,1
147,166,1.5,0.1,0.1,0.4,0.1,0,0,1
147,167,3,0.1,0.2,0.8,0.2,0,0,1
147,168,1,0,0.1,0.3,0,0,0,1
147,169,4,0.1,0.3,1.2,0.2,0,0,1
147,170,22,0.3,2.7,6.3,0.3,0,0,1
147,171,37,0,10,4,0,0,0,0
147,172,22,0.3,2.7,6.3,0.3,0,0,1
147,175,6,0,0.7,1.2,0.3,0,0,1
147,176,4,0,0.5,0.8,0.2,0,0,1
147,186,2,0.2,0.5,0.2,0.1,0,0,1
147,187,2,0.2,0.5,0.2,0.1,0,0,1
147,191,1,0,0.1,0.2,0.1,0,0,1
147,192,1,0,0.1,0.2,0.1,0,0,1
147,198,8,0,0.9,1.4,1.1,0,0,1
147,199,10,0,1.1,1.8,1.4,0,0,1
147,200,3,0.1,0.6,0.2,0.6,0,0,1
147,214,2,0,0.3,0.4,0.2,0,0,1
147,217,3,0,0.2,0.8,0.3,0,0,1
147,219,6,0,0.5,1.5,0.6,0,0,1
147,243,3,0.1,0.2,0.4,0.5,0,0,1
147,252,3,0.1,0.1,0.6,0.4,0,0,1
147,253,8,0.3,0.3,1.5,1.1,0,0,1
147,254,11,0.4,0.4,2.1,1.5,0,0,1
148,0,16,0,1.5,2.1,0,3.1,0,1
148,5,7,0.4,0.6,0.3,1.1,0,0,1
148,13,2,0,0.2,0.3,0.6,0,0,1
148,22,5,0.2,0.3,0.6,0.7,0,0.1,1
148,25,10,0.7,0,2.6,1.1,0,0,1
148,29,3,0.2,0,0.8,0.3,0,0,1
148,30,2,0,0.6,0.1,0.2,0.1,0,1
148,38,1,0,0.3,0,0.1,0.1,0,1
148,41,14,2,2.5,0.1,1,0.2,0,1
148,58,3,0.3,0.1,0.4,0.4,0,0,1
148,59,4,0.4,0.2,0.5,0.5,0,0,1
148,62,2,0,0.3,0.1,0.6,0,0,1
148,66,11,0,5,6,0,0,0,0
148,67,2,0.3,0,0.5,0.1,0,0,1
148,70,1,0.2,0.1,0,0.1,0,0,1
148,71,3,0.5,0.2,0.2,0.2,0,0,1
148,74,2,0.3,0.2,0.1,0.1,0,0,1
148,75,25,1.1,4.4,2.6,1.1,0.4,0,1
148,76,1,0.1,0.2,0.1,0,0,0,1
148,77,30,8,0,3,1,0,0,0
148,78,23.5,6,3,1,1,0,0,0
148,79,13,0.6,2.3,1.3,0.6,0.2,0,1
148,80,150,0,65,0,2,0,0,0
148,81,127.5,0,65,3,0,0,0,0
148,82,66.5,0,33,1,0,0,0,0
148,84,212.5,77,5,0,1,0,77,0
148,85,164.5,0,67,0,2,0,59,0
148,86,165,27,38,9,6,0,2,0
148,87,176,39,10,8,4,0,28,0
148,88,44,1,13,6,1,0,0,0
148,89,50,1,9,5,2,0,0,0
148,90,100,0,28,0,0,0,22,0
148,93,1,0.1,0.1,0.1,0.1,0,0,1
148,95,2,0.1,0.3,0.3,0.1,0,0,1
148,96,11,0.4,1.7,1.6,0.5,0,0,1
148,97,21,0.7,3.3,3.1,1,0,0,1
148,98,25,0.8,3.9,3.7,1.2,0,0,1
148,99,20.5,0.7,3.2,3.1,0.9,0,0,1
148,100,8,0.3,1.5,1.1,0.2,0,0,1
148,141,1,0.1,0.1,0,0.2,0,0,1
148,147,7,0.4,0.8,0.2,1.2,0,0,1
148,149,2,0.1,0.2,0.1,0.4,0,0,1
148,150,2,0.1,0.6,0.2,0.2,0,0,1
148,160,4,0,0.4,0.8,0.1,0.1,0,1
148,161,4,0,0.4,0.8,0.1,0.1,0,1
148,163,7,0,0.8,1.4,0.1,0.1,0,1
148,164,7,0,0.8,1.4,0.1,0.1,0,1
148,168,1,0,0.1,0.3,0,0,0,1
148,170,4,0.1,0.5,1.2,0,0,0,1
148,171,4,0.1,0.5,1.2,0,0,0,1
148,172,40,0,2,14,0,0,0,0
148,174,2,0,0.3,0.6,0,0,0,1
148,176,4,0,0.5,0.8,0.2,0,0,1
148,185,14,1.4,3.7,1.4,0.5,0,0,1
148,186,7,0.7,1.9,0.7,0.2,0,0,1
148,187,2,0.2,0.5,0.2,0.1,0,0,1
148,191,1,0,0.1,0.2,0.1,0,0,1
148,200,5,0.1,1.1,0.3,1,0,0,1
148,213,4,0,0.5,0.8,0.5,0,0,1
148,214,7,0,0.9,1.4,0.8,0,0,1
148,215,21,0,1.7,5.3,2,0,0,1
148,216,12,0,1,3,1.1,0,0,1
148,238,2,0,0.3,0.2,0.5,0,0,1
148,240,5,0.1,0.3,0.8,0.8,0,0,1
148,252,3,0.1,0.1,0.6,0.4,0,0,1
148,253,2,0,0.1,0.4,0.3,0,0,1
148,254,10,0.3,0.4,1.9,1.4,0,0,1
148,255,44,0,4,4,13,0,0,0
149,1,2,0,0.2,0.2,0,0.4,0,1
149,2,3,0,0.3,0.4,0,0.6,0,1
149,4,1,0,0.1,0.1,0,0.2,0,1
149,6,8,0.5,0.7,0.4,1.2,0,0,1
149,13,1,0,0.1,0.2,0.3,0,0,1
149,18,1,0,0.1,0.2,0.3,0,0,1
149,22,5,0.2,0.3,0.6,0.7,0,0.1,1
149,23,19,0.9,1,2.2,2.5,0,0.3,1
149,25,5,0.4,0,1.3,0.5,0,0,1
149,45,5,0.7,0.9,0.1,0.3,0.1,0,1
149,54,7,0.1,1.9,0.6,0,0.3,0,1
149,56,9,0.8,0.4,1.1,1.3,0,0,1
149,58,3,0.3,0.1,0.4,0.4,0,0,1
149,59,7,0.7,0.3,0.8,1,0,0,1
149,60,6,0,1,0.4,1.7,0,0,1
149,61,13.5,0,2.3,0.9,3.7,0,0,1
149,62,2,0,0.3,0.1,0.6,0,0,1
149,69,7,0.9,0,1.8,0.3,0.1,0,1
149,71,12.5,1.9,1,0.6,1,0,0,1
149,73,2,0.3,0.2,0.1,0.1,0,0,1
149,74,3,0.5,0.2,0.2,0.2,0,0,1
149,77,53,6,2,9,1,0,0,0
149,78,50,9,5,1,4,0,0,0
149,79,7,0.3,1.3,0.7,0.3,0.1,0,1
149,80,128,0,48,0,2,0,0,0
149,81,96,0,39,2,0,0,0,0
149,82,119,0,57,0,0,0,0,0
149,85,5,0.1,1,0.2,0.5,0,0,1
149,86,284,108,3,4,0,0,99,0
149,87,343,0,56,87,2,0,87,0
149,88,257.5,2,93,51,0,0,7,0
149,89,323,50,7,24,1,0,50,0
149,90,299,76,19,18,1,0,82,0
149,91,486,1,2,163,0,0,163,0
149,92,2,0.2,0.2,0.2,0.2,0,0,1
149,96,30,0,4,6,1,0,0,0
149,97,25.5,0.8,4,3.8,1.2,0,0,1
149,98,18,0.6,2.8,2.7,0.8,0,0,1
149,99,28,0,3,8,0,0,0,0
149,100,8,0.3,1.5,1.1,0.2,0,0,1
149,158,2,0.1,0.6,0.2,0.2,0,0,1
149,164,5,0,0.6,0.9,0.1,0.1,0,1
149,167,1,0,0.1,0.3,0,0,0,1
149,168,1,0,0.1,0.3,0,0,0,1
149,169,2,0,0.2,0.6,0.1,0,0,1
149,171,33,1,3,9,0,0,0,0
149,172,1,0,0.1,0.3,0,0,0,1
149,178,5,0,0.6,1,0.3,0,0,1
149,181,1,0,0.1,0.3,0,0,0,1
149,182,5,0,0.5,1.3,0.1,0.1,0,1
149,183,10,0,1,2.6,0.3,0.1,0,1
149,184,46,0,4.4,11.9,1.5,0.7,0,1
149,185,75,3,7,7,12,0,0,0
149,186,70,3,2,5,31,0,0,0
149,187,131,2,4,14,52,1,0,0
149,188,29,0,9,4,1,0,0,0
149,200,2,0,0.5,0.1,0.4,0,0,1
149,215,4,0,0.3,1,0.4,0,0,1
149,216,8,0,0.7,2,0.7,0,0,1
149,234,2,0,0.3,0.2,0.5,0,0,1
149,235,5,0,0.8,0.4,1.3,0,0,1
149,253,2,0,0.1,0.4,0.3,0,0,1
149,254,8,0.3,0.3,1.5,1.1,0,0,1
149,255,18,0.3,0.8,4.4,2.4,0,0,1
150,0,6,0.2,0.7,1.5,0,0,0,1
150,1,3,0.1,0.3,0.8,0,0,0,1
150,5,1,0,0.3,0.1,0,0.1,0,1
150,13,6,1.2,0.4,0.3,0.4,0,0,1
150,14,4,0.8,0.3,0.2,0.2,0,0,1
150,17,2,0,0.2,0.4,0.1,0.1,0,1
150,23,3,0.4,0,0.3,0.3,0,0,1
150,52,4,0.2,0.1,1.2,0.3,0,0,1
150,53,7.5,0.4,0.1,2.2,0.6,0,0,1
150,54,14.5,0.7,0.2,4.3,1.2,0,0,1
150,58,1,0,0,0.2,0.1,0.1,0,1
150,59,9,0.2,0.3,1.6,0.6,0.6,0,1
150,63,1,0.1,0.1,0.2,0,0,0,1
150,64,5,0.3,0.4,1,0.3,0,0,1
150,66,2,0,0.1,0.2,0.4,0,0,1
150,67,1,0,0.1,0.1,0.2,0,0,1
150,74,7,0.4,0.7,0.9,0.7,0,0,1
150,77,5,0.9,0.2,0.5,0.2,0,0,1
150,78,25,9,1,0,1,0,0,0
150,79,11,1.9,0.5,1.1,0.5,0,0,1
150,80,13,0.9,2.4,0.5,1.3,0,0,1
150,81,122,0,52,1,3,0,0,0
150,82,83.5,0,39,0,0,0,0,0
150,86,148.5,9,0,44,3,0,44,0
150,87,131,14,6,44,1,0,1,0
150,88,251.5,95,1,4,0,0,1,0
150,89,408,161,1,0,0,0,90,0
150,90,612.5,171,58,6,0,0,219,0
150,91,110,3,30,1,0,0,26,0
150,92,47,1.7,7.5,5.5,1.3,0.4,3.8,1
150,93,57,0,2,14,0,0,14,0
150,94,16,0.6,2.6,1.9,0.4,0.1,1.3,1
150,95,62,3,13,4,6,0,0,0
150,96,7,0,1.4,1.1,0.4,0,0.1,1
150,97,11,0.1,2.2,1.7,0.6,0,0.2,1
150,98,4,0.1,0.8,0.6,0.2,0,0.1,1
150,99,4,0.1,0.8,0.6,0.2,0,0.1,1
150,158,1,0,0.1,0.1,0.2,0,0,1
150,170,4,0.1,0.8,0.8,0.1,0,0,1
150,171,26,0.6,5.2,5.3,0.7,0,0,1
150,172,2,0,0.4,0.4,0.1,0,0,1
150,173,3,0.1,0.6,0.6,0.1,0,0,1
150,174,3,0.1,0.6,0.6,0.1,0,0,1
150,180,3,0,0.8,0.5,0.1,0,0,1
150,182,2,0,0.5,0.4,0,0,0,1
150,183,15,0,3.7,2.7,0.5,0,0,1
150,184,67,1,6,22,0,0,0,0
150,185,55,6,3,15,0,0,0,0
150,186,59,2,1,18,1,0,0,0
150,187,25,0,2.5,4.6,2.9,0,0,1
150,188,10.5,0,1.1,1.9,1.2,0,0,1
150,196,2,0.1,0.5,0.1,0,0,0,1
150,216,2,0,0.5,0.1,0.4,0,0,1
150,234,4,0,0.7,0.3,1,0,0,1
151,11,5,1,0.4,0.2,0.3,0,0,1
151,13,4,0.8,0.3,0.2,0.2,0,0,1
151,18,21,0,1.4,4.5,1.4,1,0,1
151,22,1,0.1,0,0.1,0.1,0,0,1
151,52,7.5,0.4,0.1,2.2,0.6,0,0,1
151,53,4,0.2,0.1,1.2,0.3,0,0,1
151,54,14,0.7,0.2,4.2,1.1,0,0,1
151,62,4.5,0.3,0.3,0.9,0.3,0,0,1
151,63,4,0.2,0.3,0.9,0.2,0,0,1
151,65,2,0,0.1,0.2,0.4,0,0,1
151,71,3,0.2,0.3,0.4,0.3,0,0,1
151,72,10,0.6,1,1.3,1,0,0,1
151,73,5,0.3,0.5,0.6,0.5,0,0,1
151,75,2,0.3,0.1,0.2,0.1,0,0,1
151,77,10,1.7,0.5,1,0.4,0,0,1
151,78,4,0.6,0.2,0.4,0.2,0,0,1
151,83,1,0.1,0.2,0,0.1,0,0,1
151,86,7,0.8,0.9,0.4,0.2,0,0,1
151,88,15,1.8,1.8,0.9,0.5,0,0,1
151,89,51,10,4,5,0,0,0,0
151,90,30,4,10,0,1,0,0,0
151,91,353.5,0,65,29,0,0,90,0
151,92,266,0,90,1,2,0,90,0
151,93,231,3,5,87,0,0,67,0
151,94,180,6,3,75,19,0,28,0
151,95,22,0.2,4.4,3.4,1.2,0,0.4,1
151,97,161,0,66,0,0,0,0,0
151,98,23,0,11,0,0,0,0,0
151,159,1.5,0.1,0.1,0.1,0.3,0,0,1
151,170,2,0,0.4,0.4,0.1,0,0,1
151,171,25,0.5,5,5.1,0.7,0,0,1
151,173,4,0.1,0.8,0.8,0.1,0,0,1
151,174,8,0.2,1.6,1.6,0.2,0,0,1
151,176,4,0.1,1.6,0.1,0.2,0,0,1
151,179,4,0.1,1.6,0.1,0.2,0,0,1
151,181,5,0,1.2,0.9,0.2,0,0,1
151,183,11,0,2.7,2,0.3,0,0,1
151,184,33,2,8,3,1,0,0,0
151,185,42,1,3,13,0,0,0,0
151,186,58.5,0,11,12,0,0,0,0
151,187,9,0,0.9,1.7,1,0,0,1
151,195,4,0.1,1.1,0.1,0.1,0,0,1
151,216,3,0.1,0.6,0.2,0.6,0,0,1
151,255,2,0.1,0.1,0.3,0.3,0,0,1
152,6,5,0.2,1.5,0.3,0.1,0.2,0,1
152,14,2,0.4,0.2,0.1,0.1,0,0,1
152,52,2,0.1,0,0.6,0.2,0,0,1
152,63,6,0.3,0.5,1.3,0.3,0,0,1
152,67,5.5,0.2,0.2,0.6,1,0,0,1
152,72,1,0.1,0.1,0.1,0.1,0,0,1
152,77,11.5,2,0.5,1.2,0.5,0,0,1
152,78,17,2.9,0.8,1.7,0.7,0,0,1
152,79,11,1.9,0.5,1.1,0.5,0,0,1
152,82,12,0.8,2.2,0.5,1.2,0,0,1
152,83,1,0.1,0.2,0,0.1,0,0,1
152,86,4,0.5,0.5,0.2,0.1,0,0,1
152,87,42,13,4,1,0,0,0,0
152,91,2,0.1,0.3,0.2,0.1,0,0.2,1
152,92,8,0.3,1.3,0.9,0.2,0.1,0.6,1
152,93,74.5,17,5,7,3,0,0,0
152,94,58,11,13,2,0,0,0,0
152,95,100,4,9,27,9,0,0,0
152,96,77,3,6,9,21,1,0,0
152,97,191,0,91,3,0,0,15,0
152,98,6,0.1,1.2,0.9,0.3,0,0.1,1
152,101,2,0,0.2,0.1,0.4,0,0,1
152,103,4,0.1,0.4,0.1,0.9,0,0,1
152,104,3,0.1,0.3,0.1,0.6,0,0,1
152,142,2,0.1,0.1,0.2,0.3,0,0,1
152,158,5,0.3,0.4,0.4,0.8,0,0,1
152,162,4,0.2,0.6,0.7,0.2,0,0,1
152,171,5.5,0.1,1.1,1.1,0.2,0,0,1
152,172,8,0.2,1.6,1.6,0.2,0,0,1
152,173,27,3,4,5,0,0,0,0
152,174,6,0.1,1.2,1.2,0.2,0,0,1
152,177,5,0.2,1.9,0.1,0.3,0,0,1
152,178,12,0.5,4.7,0.2,0.7,0,0,1
152,179,14,0.5,5.5,0.3,0.8,0,0,1
152,180,20,0,4.9,3.6,0.6,0,0,1
152,181,6,0,1.5,1.1,0.1,0,0,1
152,182,1,0,0.3,0.2,0,0,0,1
152,184,11,0,2.7,2,0.3,0,0,1
152,185,84,0,2,30,0,0,0,0
152,186,25,0,8,4,0,0,0,0
152,194,7,0.2,2.1,0.4,0.2,0,0,1
152,195,8,0.2,2.2,0.2,0.2,0,0,1
152,196,8,0.2,2.2,0.2,0.2,0,0,1
152,197,6,0.2,1.6,0.2,0.1,0,0,1
152,216,2,0,0.5,0.1,0.4,0,0,1
153,0,2,0.1,0.2,0.5,0,0,0,1
153,1,2,0.1,0.2,0.5,0,0,0,1
153,2,4,0.2,0.4,1,0,0,0,1
153,3,2,0.1,0.2,0.5,0,0,0,1
153,5,1.5,0,0.5,0.1,0,0.1,0,1
153,10,15,3,1,0.7,1,0,0,1
153,11,2,0.4,0.2,0.1,0.1,0,0,1
153,12,1.5,0.3,0.1,0.1,0.1,0,0,1
153,14,5,1,0.4,0.2,0.3,0,0,1
153,17,2,0,0.2,0.4,0.1,0.1,0,1
153,44,7,0,1,1,0.7,0,0,1
153,45,3,0,0.4,0.4,0.3,0,0,1
153,56,17,0.3,0.6,3,1.2,1.2,0,1
153,57,5,0.1,0.2,0.9,0.3,0.4,0,1
153,62,9,0.5,0.7,1.9,0.5,0,0,1
153,72,4,0.2,0.4,0.5,0.4,0,0,1
153,76,4,0.6,0.2,0.4,0.2,0,0,1
153,82,14,1,2.5,0.6,1.4,0,0,1
153,83,16,1.1,2.9,0.7,1.6,0,0,1
153,86,10,1.2,1.2,0.6,0.3,0,0,1
153,87,27,3.3,3.3,1.6,0.8,0,0,1
153,88,3,0.3,0.4,0.2,0.1,0,0,1
153,90,5,0.2,0.8,0.6,0.1,0,0.4,1
153,92,1,0,0.2,0.1,0,0,0.1,1
153,93,71,1,20,4,7,0,0,0
153,94,34,1,11,0,2,0,0,0
153,96,126,1,30,17,2,0,40,0
153,97,211,2,58,17,21,0,0,0
153,98,22.5,0.2,4.5,3.5,1.2,0,0.4,1
153,100,11,0.2,1.2,0.2,2.4,0,0,1
153,102,29,0.5,3.2,0.5,6.3,0,0,1
153,103,6,0.1,0.7,0.1,1.3,0,0,1
153,158,5,0.3,0.4,0.4,0.8,0,0,1
153,159,15,0.8,1.2,1.2,2.4,0,0,1
153,171,5,0.1,1,1,0.2,0,0,1
153,172,10,0.2,2,2,0.3,0,0,1
153,173,14,0.3,2.8,2.8,0.4,0,0,1
153,174,1,0,0.2,0.2,0.1,0,0,1
153,179,1,0,0.4,0,0.1,0,0,1
153,180,13,0,3.2,2.3,0.4,0,0,1
153,181,4,0,1,0.7,0.1,0,0,1
153,194,2,0.1,0.6,0.1,0,0,0,1
153,252,1,0,0.1,0.1,0.2,0,0,1
154,0,8,0.3,0.9,2.1,0,0,0,1
154,1,44,0,1,10,0,0,0,0
154,2,69,0,0,28,1,0,28,0
154,5,3,0.1,0.9,0.2,0.1,0.1,0,1
154,6,4,0.1,1.2,0.3,0.1,0.1,0,1
154,8,2,0.1,0.6,0.1,0,0.1,0,1
154,17,1,0,0.1,0.2,0.1,0,0,1
154,49,3,0,0.4,0.4,0.3,0,0,1
154,52,3,0.1,0.1,0.9,0.2,0,0,1
154,53,7,0.3,0.1,2.1,0.6,0,0,1
154,58,17.5,0.3,0.6,3.1,1.2,1.3,0,1
154,59,7,0.1,0.3,1.2,0.5,0.5,0,1
154,68,8.5,0.3,0.3,1,1.5,0,0,1
154,69,14,0.4,0.4,1.7,2.6,0,0,1
154,70,1,0.1,0.1,0.1,0.1,0,0,1
154,76,13,2.2,0.6,1.3,0.6,0,0,1
154,81,4,0.3,0.7,0.2,0.4,0,0,1
154,82,10,0.7,1.8,0.4,1,0,0,1
154,93,21,0.7,3.4,2.4,0.6,0.2,1.7,1
154,94,12,0.5,1.9,1.4,0.3,0.1,1,1
154,95,5,0,1,0.8,0.3,0,0.1,1
154,96,4,0.1,0.8,0.6,0.2,0,0.1,1
154,97,10,0.1,2,1.5,0.6,0,0.2,1
154,98,91,0,29,0,0,0,29,0
154,99,15,0.1,3,2.3,0.8,0,0.3,1
154,157,3,0.2,0.2,0.2,0.5,0,0,1
154,171,3,0.1,0.6,0.6,0.1,0,0,1
154,172,12,0.2,2.4,2.5,0.3,0,0,1
154,175,2,0.1,0.8,0,0.1,0,0,1
154,178,5,0.2,1.9,0.1,0.3,0,0,1
154,179,4,0.1,1.6,0.1,0.2,0,0,1
154,180,8,0,2,1.5,0.2,0,0,1
154,182,4,0,1,0.7,0.1,0,0,1
154,184,2,0,0.5,0.4,0,0,0,1
154,185,15.5,0,1.6,2.8,1.8,0,0,1
154,186,32,0,3,8,0,0,0,0
154,191,3,0.1,0.9,0.1,0.1,0,0,1
154,193,3,0.1,0.9,0.1,0.1,0,0,1
154,194,19,0.6,5.6,1.1,0.5,0,0,1
154,195,8.5,0.2,2.3,0.3,0.2,0,0,1
155,0,21,0.6,3.3,4,0,0,0,1
155,1,17,0.5,2.7,3.2,0,0,0,1
155,2,5,0.2,0.8,0.9,0,0,0,1
155,3,3,0.1,0.5,0.5,0,0,0,1
155,14,3,0,0.2,0.6,0.2,0.2,0,1
155,15,1,0,0.1,0.2,0.1,0,0,1
155,47,2,0,0.3,0.3,0.2,0,0,1
155,48,1,0,0.1,0.2,0.1,0,0,1
155,53,8,0.4,1.5,0.5,0,0,0,1
155,55,3,0.3,0.4,0.4,0.1,0,0,1
155,56,13,1.3,1.6,1.6,0.6,0,0,1
155,57,12,1.2,1.4,1.5,0.6,0,0,1
155,58,31,0,11,1,0,0,0,0
155,59,54.5,0,8,13,0,0,0,0
155,61,4,0.3,1.1,0.3,0,0,0,1
155,62,3,0.2,0.8,0.3,0,0,0,1
155,71,17,3.5,0.6,2.3,3.4,0,0,1
155,84,2,0.1,0.1,0.2,0.4,0,0,1
155,85,10,0.3,0.3,1.2,2.1,0,0,1
155,98,9,1.4,1.1,1.2,0,0,0,1
155,99,133.5,0,0,37,0,0,0,0
155,116,30,0,0,11,0,0,0,0
155,117,9,0,1.3,2.2,0,0,0,1
155,118,19,0,2.7,4.8,0,0,0,1
155,119,70.5,0,0,23,0,0,0,0
155,120,14,0.2,0.7,4.5,0,0.2,0,1
155,168,3,0.1,0.5,0.6,0.1,0,0,1
155,169,3,0.1,0.5,0.6,0.1,0,0,1
155,171,3,0,0.7,0.3,0.6,0,0,1
155,177,4,0.2,0.6,0.7,0.2,0,0,1
155,178,20,0.9,3.1,3.3,1,0,0,1
155,179,23,1,3.6,3.8,1.1,0,0,1
155,180,5,0.1,1,0.7,0.5,0,0,1
155,181,4,0.1,0.8,0.6,0.4,0,0,1
155,182,10,0.2,2.1,1.4,1,0,0,1
155,183,3,0.1,0.6,0.4,0.3,0,0,1
155,185,3,0,0.5,0.4,0.4,0,0,1
155,186,38.5,0,8,12,0,0,0,0
155,187,37,0,2,12,0,0,0,0
155,188,3,0,0.5,0.4,0.4,0,0,1
155,191,5,0.1,0.8,0.8,0.2,0,0,1
155,195,7,0,2.5,0.9,0.1,0,0,1
155,242,5,0.1,0.3,0.8,0.8,0,0,1
156,0,7,0.2,1.1,1.3,0,0,0,1
156,1,5.5,0.2,0.9,1,0,0,0,1
156,4,4,0.1,0.6,0.8,0,0,0,1
156,5,4,0.1,1.2,0.3,0.1,0.1,0,1
156,6,4,0.1,1.2,0.3,0.1,0.1,0,1
156,7,5,0.2,1.5,0.3,0.1,0.2,0,1
156,13,5,0,0.3,1.1,0.3,0.3,0,1
156,16,9,0,0.6,1.9,0.6,0.4,0,1
156,17,6,0,0.4,1.3,0.4,0.3,0,1
156,40,21,0,4.4,2.8,0,0,0,1
156,41,127,4,7,32,12,0,0,0
156,42,133,1,36,10,7,0,0,0
156,47,5,0,0.7,0.7,0.5,0,0,1
156,55,13,1.3,1.6,1.6,0.6,0,0,1
156,56,68,9,6,8,0,0,0,0
156,57,82,5,13,12,0,0,0,0
156,58,109,6,34,4,0,0,0,0
156,59,58,0,20,4,0,0,0,0
156,64,6,0.4,1.6,0.5,0,0,0,1
156,66,3,0.2,0.2,0.6,0.2,0,0,1
156,71,6.5,1.3,0.2,0.9,1.3,0,0,1
156,78,4,0.2,0.5,0.4,0.4,0,0,1
156,83,2,0.1,0.1,0.2,0.4,0,0,1
156,84,2,0.1,0.1,0.2,0.4,0,0,1
156,99,37,0,0,12,0,0,0,0
156,114,49.5,0,0,15,0,0,0,0
156,115,65,0,0,22,0,0,0,0
156,116,32,0,4,10,0,0,0,0
156,117,37,0,4,11,0,0,0,0
156,118,41,0,0,16,0,0,0,0
156,119,67.5,0,3,21,0,0,0,0
156,120,12,0.2,0.5,3.9,0,0.2,0,1
156,121,6,0.1,0.3,1.9,0,0.1,0,1
156,122,35,0,0,11,0,0,0,0
156,123,51,0,3,14,0,0,0,0
156,124,5,0.1,0.2,1.6,0,0.1,0,1
156,167,3,0.1,0.5,0.6,0.1,0,0,1
156,169,3,0.1,0.5,0.6,0.1,0,0,1
156,173,7,0,1.6,0.8,1.4,0,0,1
156,178,3,0.1,0.5,0.5,0.1,0,0,1
156,179,10,0.5,1.6,1.6,0.5,0,0,1
156,180,22,0.3,4.6,3.2,2.2,0,0,1
156,181,17,0.2,3.6,2.4,1.7,0,0,1
156,182,4,0.1,0.8,0.6,0.4,0,0,1
156,183,3,0.1,0.6,0.4,0.3,0,0,1
156,184,11,0.1,2.3,1.6,1.1,0,0,1
156,185,4,0,0.6,0.6,0.6,0,0,1
156,186,4,0,0.6,0.6,0.6,0,0,1
156,187,10,0,1.6,1.3,1.5,0,0,1
156,188,6,0,0.9,0.8,0.9,0,0,1
156,190,2,0,0.4,0.3,0.1,0,0,1
156,191,4,0.1,0.7,0.6,0.1,0,0,1
156,193,2,0,0.4,0.3,0.1,0,0,1
156,194,14,0.3,2.4,2.1,0.5,0,0,1
156,195,4,0,1.4,0.5,0.1,0,0,1
156,198,1,0,0.4,0.1,0,0,0,1
156,202,2,0.1,0.3,0.3,0.1,0,0,1
156,203,5,0.3,0.6,0.8,0.2,0,0,1
156,242,1,0,0.1,0.1,0.2,0,0,1
157,1,2,0,0.3,0.4,0,0,0,1
157,2,5,0.2,0.8,0.9,0,0,0,1
157,15,1,0,0.1,0.2,0.1,0,0,1
157,17,6,0,0.4,1.3,0.4,0.3,0,1
157,29,19,2.5,0,2.1,1.6,0,0,1
157,38,28,0,8,4,0,0,0,0
157,39,131,6,27,18,0,0,11,0
157,40,133.5,2,30,7,6,0,0,0
157,41,301.5,15,28,22,76,0,18,0
157,42,144.5,1,12,9,39,0,0,0
157,43,90,2,11,25,0,0,0,0
157,44,3,0,0.6,0.4,0,0,0,1
157,45,6,0,0.8,0.9,0.6,0,0,1
157,52,9,0.4,1.7,0.6,0,0,0,1
157,54,5,0.2,0.9,0.4,0,0,0,1
157,56,98,13,8,15,0,0,0,0
157,57,66.5,21,11,1,0,0,0,0
157,58,88,12,29,1,3,0,0,0
157,59,95,16,23,1,0,0,0,0
157,60,22,1.6,6.1,1.7,0,0,0,1
157,64,2,0.2,0.5,0.2,0,0,0,1
157,66,6,0.3,0.5,1.3,0.3,0,0,1
157,76,2,0.1,0.2,0.2,0.2,0,0,1
157,77,18.5,1.1,2.1,1.8,1.8,0,0,1
157,78,8,0.5,0.9,0.8,0.8,0,0,1
157,81,3,0.1,0.1,0.4,0.6,0,0,1
157,97,2,0.3,0.2,0.3,0,0,0,1
157,99,111.5,0,1,52,0,0,14,0
157,100,69.5,0,0,24,0,0,8,0
157,114,63.5,0,0,22,0,0,0,0
157,115,79,0,0,23,0,0,0,0
157,116,39,0,8,8,0,0,0,0
157,117,56,0,5,16,0,0,0,0
157,118,62,0,11,12,0,0,0,0
157,119,68,0,2,21,0,0,0,0
157,120,66,0,1,21,0,0,0,0
157,121,51,0,0,17,0,0,0,0
157,122,57.5,1,0,20,0,0,0,0
157,123,59,0,3,19,0,0,0,0
157,124,22,0.3,1,7.1,0,0.4,0,1
157,164,3,0.1,0.5,0.6,0.1,0,0,1
157,170,2,0,0.5,0.2,0.4,0,0,1
157,171,4,0,0.9,0.5,0.8,0,0,1
157,178,8,0.3,1.3,1.3,0.4,0,0,1
157,180,12,0.2,2.5,1.7,1.2,0,0,1
157,181,17,0.2,3.6,2.4,1.7,0,0,1
157,182,1,0,0.2,0.2,0.1,0,0,1
157,186,4,0,0.6,0.6,0.6,0,0,1
157,188,1,0,0.2,0.1,0.1,0,0,1
157,189,6.5,0,1,0.9,1,0,0,1
157,190,3,0.1,0.5,0.4,0.1,0,0,1
157,193,3,0.1,0.5,0.4,0.1,0,0,1
157,194,3,0.1,0.5,0.4,0.1,0,0,1
157,197,4,0,1.4,0.5,0.1,0,0,1
157,203,5,0.3,0.6,0.8,0.2,0,0,1
158,16,3,0,0.2,0.6,0.2,0.2,0,1
158,29,22,2.9,0,2.4,1.9,0,0,1
158,35,7,0,0.2,1.9,0,0,0,1
158,37,7,0,0.2,1.9,0,0,0,1
158,38,115.5,4,17,21,0,0,6,0
158,39,189,56,25,1,0,0,21,0
158,40,167,22,37,1,8,0,0,0
158,41,157.5,8,21,16,20,0,0,0
158,42,107.5,9,26,2,9,0,0,0
158,43,128,1,14,43,0,0,0,0
158,44,65,0,7,22,0,0,0,0
158,45,15,0,2.1,2.2,1.4,0,0,1
158,52,4,0.2,0.7,0.3,0,0,0,1
158,54,6,0.3,1.1,0.4,0,0,0,1
158,56,84.5,10,14,0,7,0,0,0
158,57,149,13,10,44,11,1,19,0
158,58,30.5,1,2,3,7,0,0,0
158,59,181.5,8,17,24,32,1,0,0
158,60,104.5,2,20,15,0,0,0,0
158,61,42,0,1,11,0,0,0,0
158,65,5,0.3,0.4,1,0.3,0,0,1
158,70,5,1,0.2,0.7,1,0,0,1
158,74,1,0.2,0,0.2,0.2,0,0,1
158,75,10,0.6,1.1,1,1,0,0,1
158,76,2,0.1,0.2,0.2,0.2,0,0,1
158,78,3,0.2,0.3,0.3,0.3,0,0,1
158,90,1,0.2,0.1,0.1,0,0,0,1
158,98,2,0.3,0.2,0.3,0,0,0,1
158,99,35,0,3,9,0,0,0,0
158,100,133,0,0,48,0,0,0,0
158,101,23,1.9,1,6.7,0.9,0,0,1
158,114,41,0,6,13,0,0,0,0
158,115,62.5,0,0,24,0,0,0,0
158,116,59,0,9,16,0,0,0,0
158,117,58,0,11,11,0,0,0,0
158,118,59,0,7,16,0,0,0,0
158,119,88,0,2,25,0,0,0,0
158,120,55,0,6,15,0,0,0,0
158,121,72,0,3,21,0,0,0,0
158,122,85.5,0,0,24,0,1,0,0
158,123,75,0,0,27,0,0,0,0
158,166,3,0.1,0.5,0.6,0.1,0,0,1
158,169,9,0.4,1.4,1.6,0.4,0,0,1
158,170,2,0,0.5,0.2,0.4,0,0,1
158,171,2,0,0.5,0.2,0.4,0,0,1
158,172,2,0,0.5,0.2,0.4,0,0,1
158,173,3,0,0.7,0.3,0.6,0,0,1
158,175,18,0.8,2.8,3,0.9,0,0,1
158,176,11,0.5,1.7,1.8,0.6,0,0,1
158,177,13.5,0.6,2.1,2.2,0.7,0,0,1
158,179,11,0.5,1.7,1.8,0.6,0,0,1
158,180,12,0.2,2.5,1.7,1.2,0,0,1
158,184,1,0,0.2,0.2,0.1,0,0,1
158,185,2,0,0.3,0.3,0.3,0,0,1
158,186,2,0,0.3,0.3,0.3,0,0,1
158,190,1,0,0.2,0.2,0,0,0,1
158,193,1,0,0.2,0.2,0,0,0,1
158,195,9,0,3.2,1.1,0.1,0,0,1
158,196,13,0,4.6,1.6,0.2,0,0,1
158,197,3,0,1.1,0.4,0,0,0,1
159,8,1,0,0.3,0.1,0,0.1,0,1
159,9,2,0.1,0.6,0.1,0,0.1,0,1
159,11,1,0,0.1,0.2,0.1,0,0,1
159,26,1,0.1,0,0.1,0.1,0,0,1
159,37,29,0,0.7,8.1,0,0,0,1
159,38,142,0,22,26,0,0,3,0
159,39,106.5,1,32,10,1,0,0,0
159,40,172,0,60,1,0,0,0,0
159,41,72,11,18,0,0,1,0,0
159,42,115,6,24,12,0,0,0,0
159,43,25.5,0,5.3,3.4,0,0,0,1
159,44,3,0,0.6,0.4,0,0,0,1
159,45,85,0,1,29,0,0,24,0
159,53,2,0.1,0.4,0.1,0,0,0,1
159,54,9,0.4,1.7,0.6,0,0,0,1
159,55,55,1,16,3,0,0,0,0
159,56,118,4,31,10,4,0,0,0
159,57,270.5,3,10,43,77,1,9,0
159,58,258.5,2,12,17,99,0,5,0
159,59,225.5,4,17,11,58,0,0,0
159,60,112,7,18,22,2,1,0,0
159,61,80,0,0,27,0,0,0,0
159,64,3,0.2,0.8,0.3,0,0,0,1
159,67,7.5,0.4,0.6,1.6,0.4,0,0,1
159,68,2,0.1,0.2,0.4,0.1,0,0,1
159,76,4,0.2,0.5,0.4,0.4,0,0,1
159,85,10,0.3,0.3,1.2,2.1,0,0,1
159,86,4,0.1,0.1,0.5,0.9,0,0,1
159,90,9,1.4,1.1,1.2,0,0,0,1
159,91,3,0.4,0.4,0.4,0,0,0,1
159,96,6,0.9,0.7,0.8,0,0,0,1
159,100,1,0.1,0.1,0.3,0,0,0,1
159,113,34,0,13,3,0,0,0,0
159,114,77,0,18,8,0,0,0,0
159,115,66,0,15,14,0,0,0,0
159,116,49.5,0,10,9,0,0,0,0
159,117,70.5,0,15,12,0,0,0,0
159,118,90,0,4,26,0,0,0,0
159,119,56,0,0,20,0,0,0,0
159,120,62,0,0,23,0,0,0,0
159,121,46,0,1,17,0,0,0,0
159,122,59.5,0,0,22,0,0,0,0
159,123,26.5,0,0,11,0,0,0,0
159,124,1,0,0.1,0.3,0,0,0,1
159,144,5,0.3,0.4,0.4,0.8,0,0,1
159,165,1,0,0.2,0.2,0,0,0,1
159,166,1,0,0.2,0.2,0,0,0,1
159,167,5,0.2,0.8,0.9,0.2,0,0,1
159,168,15,0.7,2.3,2.7,0.7,0,0,1
159,169,13,0.6,2,2.3,0.6,0,0,1
159,170,3,0,0.7,0.3,0.6,0,0,1
159,173,71,2,2,43,0,0,0,0
159,174,16,0,3.6,1.8,3.3,0,0,1
159,175,12,0.5,1.9,2,0.6,0,0,1
159,176,59,0,27,2,1,0,0,0
159,177,47,1,18,3,2,0,0,0
159,178,37,3,4,5,0,0,0,0
159,179,25.5,1.1,4,4.2,1.3,0,0,1
159,180,9,0.1,1.9,1.3,0.9,0,0,1
159,181,8,0.1,1.7,1.1,0.8,0,0,1
159,190,3,0.1,0.5,0.4,0.1,0,0,1
159,191,6,0.1,1,0.9,0.3,0,0,1
159,194,6,0.1,1,0.9,0.3,0,0,1
159,195,9,0,3.2,1.1,0.1,0,0,1
159,196,8,0,2.9,1,0.1,0,0,1
159,197,3,0,1.1,0.4,0,0,0,1
159,198,7,0,2.5,0.9,0.1,0,0,1
159,199,13,0,4.6,1.6,0.2,0,0,1
159,200,31.5,0,0,14,1,0,0,0
159,201,20,1.3,2.5,3.1,0.6,0,0,1
160,7,2,0.3,0.2,0.1,0.2,0,0,1
160,14,15,0,0.5,4.5,1.4,0.3,0,1
160,15,15,0.7,0.2,3.7,1.1,0,0,1
160,32,4,0,0.1,0.8,0.1,0,0,1
160,38,191.5,0,0,52,0,0,0,0
160,39,133,0,19,26,0,0,0,0
160,40,178,38,26,24,0,0,0,0
160,41,93,0,38,0,0,0,0,0
160,42,26,0,11,0,0,0,0,0
160,51,2,0.1,0.3,0.3,0,0,0,1
160,52,1,0.1,0.1,0.1,0,0,0,1
160,53,40,0,7,5,1,0,0,0
160,54,94,1,35,6,0,0,0,0
160,55,92,12,16,10,0,0,0,0
160,56,108,2,28,9,6,0,0,0
160,57,88,0,35,1,7,1,0,0
160,58,141.5,0,4,26,30,1,0,0
160,59,116,0,37,8,1,0,0,0
160,60,135.5,0,19,29,0,0,0,0
160,61,104,0,0,33,0,0,14,0
160,64,3,0,0,0.8,0.1,0,0,1
160,65,1,0,0.1,0.1,0.1,0,0,1
160,67,9,0.4,0.6,0.9,0.8,0.3,0,1
160,68,4,0.2,0.2,0.4,0.4,0.1,0,1
160,70,5,0.8,0.8,0,0.6,0.1,0,1
160,78,1,0.4,0,0.1,0.1,0,0,1
160,85,1,0,0.1,0.3,0,0,0,1
160,87,4,0,0.4,1,0.1,0,0,1
160,89,5,0,0.5,1.2,0.2,0,0,1
160,90,26,0.6,4.1,3.3,0.2,0.7,0,1
160,91,10,0.2,1.6,1.3,0.1,0.2,0,1
160,92,12,0.3,1.9,1.5,0.1,0.3,0,1
160,96,2,0.2,0.6,0.1,0.1,0,0,1
160,113,36,0,14,2,0,0,0,0
160,114,52,0,17,6,0,0,0,0
160,115,53,3,14,6,0,0,0,0
160,116,44.5,1,13,7,0,0,0,0
160,117,59,0,19,3,0,0,0,0
160,118,42,0,11,7,0,0,0,0
160,119,49.5,0,8,12,0,0,0,0
160,120,37,0,0,13,0,1,0,0
160,121,57,0,0,19,0,0,0,0
160,122,51,0,0,15,0,0,0,0
160,161,2,0,0.2,0.4,0.3,0,0,1
160,162,5,0,0.5,0.8,0.8,0,0,1
160,163,5,0,0.5,0.8,0.8,0,0,1
160,164,6.5,0,0.6,1.2,1,0,0,1
160,165,13,1,1.3,2.6,1.2,0.1,0,1
160,167,7,0.6,0.7,1.4,0.6,0.1,0,1
160,168,1,0.1,0.1,0.2,0.1,0,0,1
160,169,2,0.2,0.2,0.4,0.2,0,0,1
160,170,4,0.9,0.5,0.6,0.1,0,0,1
160,172,29,19,0,0,0,0,0,0
160,173,16,3.7,1.9,2.4,0.5,0,0,1
160,174,124,7,23,25,0,0,17,0
160,175,39,5,14,1,0,0,0,0
160,176,110.5,0,51,15,0,0,0,0
160,177,93.5,0,54,0,0,1,0,0
160,178,61.5,10,15,8,3,0,0,0
160,179,33,3,3,7,2,0,0,0
160,180,30,1,6,6,0,0,0,0
160,181,5,0.8,0.8,0.5,0.1,0,0,1
160,191,2,0.1,0.2,0.3,0.2,0,0,1
160,192,1,0,0.1,0.2,0.1,0,0,1
160,195,14,0.5,3.2,1.7,0.6,0,0,1
160,196,16,0.5,3.7,2,0.7,0,0,1
160,199,7,0.2,1.6,0.9,0.3,0,0,1
160,200,10,0,0.4,2.6,1,0,0,1
160,201,2,0,0.1,0.5,0.2,0,0,1
160,228,3,0,0.2,0.8,0.1,0,0,1
161,0,2,0,0.1,0.6,0.1,0,0,1
161,1,3,0,0.2,0.9,0.1,0,0,1
161,2,2,0,0.1,0.6,0.1,0,0,1
161,4,5,0,0.3,1.5,0.2,0,0,1
161,7,1,0.2,0.1,0,0.1,0,0,1
161,10,2,0,0.1,0.6,0.2,0,0,1
161,13,13.5,0,0.5,4,1.3,0.3,0,1
161,14,35,0,0,12,0,0,0,0
161,15,53,0,0,15,0,0,0,0
161,27,11,1.4,0.2,1.9,0.6,0,0,1
161,37,19,0.3,0.3,5.2,0,0,0,1
161,38,122,0,0,37,0,0,0,0
161,39,159,1,15,37,0,0,18,0
161,40,108,2,38,5,0,0,0,0
161,41,87,0,20,10,0,0,0,0
161,42,4,0.2,0,1.2,0,0,0,1
161,52,1,0.1,0.1,0.1,0,0,0,1
161,53,61,0,0,16,0,0,0,0
161,54,114.5,0,21,18,0,0,0,0
161,55,163,0,1,66,0,0,0,0
161,56,138,0,30,29,0,0,0,0
161,57,136,0,59,2,0,0,0,0
161,58,97.5,6,25,8,2,0,0,0
161,59,103,0,25,13,2,0,0,0
161,60,143.5,0,2,51,0,0,13,0
161,61,71.5,0,0,21,0,0,0,0
161,64,3,0,0,0.8,0.1,0,0,1
161,65,5,0.2,0.3,0.5,0.5,0.2,0,1
161,68,5,0.2,0.3,0.5,0.5,0.2,0,1
161,69,4,0.2,0.2,0.4,0.4,0.1,0,1
161,70,34,5,1,7,0,0,0,0
161,71,8,1.3,1.3,0,0.9,0.2,0,1
161,72,37,1,8,3,9,0,0,0
161,73,173.5,4,5,16,55,1,0,0
161,74,13,2.1,2.1,0,1.4,0.4,0,1
161,76,3,1.1,0,0.5,0.2,0,0,1
161,82,4,0.2,0.6,0.4,0.4,0,0,1
161,90,3,0,0.5,0.4,0,0.1,0,1
161,91,12,0.3,1.9,1.5,0.1,0.3,0,1
161,92,9,0.2,1.5,1.1,0.1,0.2,0,1
161,98,1,0.1,0.3,0,0.1,0,0,1
161,114,20,0.7,2.4,4.7,0.3,0,0,1
161,115,27,1.6,5.4,4.9,0,0,0,1
161,116,31,2,12,2,0,0,0,0
161,117,37,1,12,3,0,0,0,0
161,118,54,1,10,19,0,0,0,0
161,119,55,4,17,5,2,0,0,0
161,120,15,0,0.3,4.1,0.2,0,0,1
161,121,166,0,0,82,0,1,0,0
161,122,31,0,0.7,8.5,0.3,0,0,1
161,160,1,0,0.1,0.2,0.1,0,0,1
161,161,2,0,0.2,0.4,0.3,0,0,1
161,162,3,0,0.3,0.5,0.5,0,0,1
161,164,10,0,1,1.7,1.6,0,0,1
161,166,5,0.4,0.5,1,0.5,0,0,1
161,167,13,1,1.3,2.6,1.2,0.1,0,1
161,168,9,0.7,0.9,1.8,0.8,0.1,0,1
161,169,8,0.6,0.8,1.6,0.7,0.1,0,1
161,173,19,0,1,11,0,0,0,0
161,174,22,1,8,2,0,0,0,0
161,175,150,27,0,41,7,0,25,0
161,176,387,106,62,5,0,0,164,0
161,177,115,1,47,3,2,0,20,0
161,178,45,5,3,9,2,1,0,0
161,179,23,4.9,2.1,2.8,0.7,0.7,0,1
161,180,20,3.1,3.1,2.1,0.3,0,0,1
161,181,20,0,5,6,0,0,0,0
161,184,2,0.3,0.3,0.2,0.1,0,0,1
161,192,4,0.1,0.4,0.7,0.4,0,0,1
161,194,5,0.2,0.5,0.8,0.5,0,0,1
161,198,2,0.1,0.5,0.2,0.1,0,0,1
161,244,18,0.7,2.9,4.3,0.7,0,0,1
162,0,9,0,0.5,2.6,0.4,0,0,1
162,2,9,0,0.5,2.6,0.4,0,0,1
162,3,6,0,0.4,1.8,0.2,0,0,1
162,13,4,0,0.1,1.2,0.4,0.1,0,1
162,14,13,0,0.5,3.9,1.2,0.2,0,1
162,15,21,0.9,0.3,5.2,1.5,0,0,1
162,31,2,0,0.1,0.4,0,0,0,1
162,37,55,0,0,16,0,0,0,0
162,38,100.5,0,0,31,0,0,0,0
162,39,108,0,28,12,0,0,0,0
162,40,128.5,0,30,14,0,0,0,0
162,41,42,0,6,10,0,0,0,0
162,42,24,1.1,0,7.3,0,0,0,1
162,52,22,1.3,3.2,3.2,0,0,0,1
162,53,90,0,9,22,0,1,11,0
162,54,162,0,1,51,0,0,0,0
162,55,132,0,20,32,0,0,0,0
162,56,123,0,25,22,0,0,0,0
162,57,73,5,10,11,3,0,0,0
162,58,87.5,0,28,12,0,0,10,0
162,59,183,0,3,55,0,0,0,0
162,60,166,2,1,50,0,0,15,0
162,61,48,0,0.7,12.6,1.5,0,0,1
162,63,1,0,0,0.3,0,0,0,1
162,64,8,0,0.1,2.1,0.3,0,0,1
162,69,27,1,1,8,1,0,0,0
162,70,46,5,3,9,0,0,0,0
162,71,57,0,27,1,0,0,0,0
162,72,121.5,3,50,0,0,0,0,0
162,73,124,4,29,10,3,0,0,0
162,74,83,4,20,6,6,0,0,0
162,75,85,12,27,4,0,0,0,0
162,76,6,2.3,0,0.9,0.4,0,0,1
162,77,1,0.4,0,0.1,0.1,0,0,1
162,79,1,0.4,0,0.1,0.1,0,0,1
162,90,6,0.1,1,0.8,0,0.2,0,1
162,91,3,0,0.5,0.4,0,0.1,0,1
162,95,5,0.4,1.5,0.2,0.4,0,0,1
162,96,3,0.3,0.9,0.1,0.2,0,0,1
162,113,8,0.3,1,1.9,0.1,0,0,1
162,114,40,0,7,9,0,0,0,0
162,115,51,1,16,5,0,0,0,0
162,116,52,2,8,9,0,0,0,0
162,117,48.5,2,13,5,1,0,0,0
162,118,42,1,6,9,0,0,0,0
162,119,151.5,2,14,16,34,5,0,0
162,120,21,0,0.5,5.8,0.2,0,0,1
162,121,67,0,0,20,0,2,10,0
162,122,16,0,0.3,4.4,0.2,0,0,1
162,124,3,0,0.1,0.8,0,0,0,1
162,156,7,0.2,0.6,0.7,0.9,0,0,1
162,157,25,1,2,5,4,0,0,0
162,161,9,0,0.9,1.5,1.4,0,0,1
162,163,5,0,0.5,0.8,0.8,0,0,1
162,167,2,0.2,0.2,0.4,0.2,0,0,1
162,168,22,1.7,2.2,4.4,2,0.2,0,1
162,169,35,5,1,13,0,0,0,0
162,170,11,2.6,1.3,1.6,0.4,0,0,1
162,173,59,1,1,35,2,0,0,0
162,174,111,0,5,77,2,0,0,0
162,175,98,1,1,32,5,1,31,0
162,176,363,2,59,194,0,0,108,0
162,177,255,21,5,120,6,0,0,0
162,178,10,2.1,0.9,1.2,0.3,0.3,0,1
162,179,34,0,0,12,0,0,12,0
162,180,409,145,1,11,0,0,142,0
162,181,29,0,3,6,2,0,0,0
162,182,9,1.4,1.4,0.9,0.2,0,0,1
162,183,46.5,0,1,20,0,0,15,0
162,185,4,0,0.5,0.7,0.1,0,0,1
162,186,1,0,0.1,0.2,0,0,0,1
162,187,4,0,0.5,0.7,0.1,0,0,1
162,194,11,0.3,1.2,1.8,1.2,0,0,1
162,195,10.5,0.3,2.4,1.3,0.5,0,0,1
162,196,10,0.3,2.3,1.2,0.5,0,0,1
162,201,1,0,0,0.3,0.1,0,0,1
162,232,1,0,0.2,0.2,0,0.1,0,1
162,243,2,0.1,0.3,0.5,0.1,0,0,1
162,245,12,0,1,1,3.4,0,0,1
162,246,6.5,0,0.5,0.5,1.9,0,0,1
162,247,17,0,1.4,1.4,4.9,0,0,1
163,4,7,0,0.4,2,0.3,0,0,1
163,5,2,0.3,0.2,0.1,0.2,0,0,1
163,11,5,0,0.2,1.5,0.4,0.1,0,1
163,12,1,0,0,0.3,0.1,0,0,1
163,15,11,0.5,0.1,2.7,0.8,0,0,1
163,35,4,0,0.1,1.1,0,0,0,1
163,38,35,0.5,0.5,9.7,0,0,0,1
163,39,109,0,0,32,0,0,0,0
163,40,100,0,0,30,0,0,0,0
163,41,41.5,0,0,14,0,0,0,0
163,42,21.5,1,0,6.5,0,0,0,1
163,43,2,0.1,0,0.6,0,0,0,1
163,50,2,0.1,0.3,0.3,0,0,0,1
163,52,7,0.4,1,1,0,0,0,1
163,53,47,8,2,8,0,1,0,0
163,54,73,0,0,21,0,0,0,0
163,55,85,0,5,30,0,0,0,0
163,56,97,2,8,24,0,0,0,0
163,57,66,10,4,15,1,0,0,0
163,58,131.5,0,19,30,0,0,0,0
163,59,28,1.3,1.9,7,0,0,0,1
163,61,2,0,0,0.5,0.1,0,0,1
163,67,1,0,0.1,0.1,0.1,0,0,1
163,69,5,0.2,0.3,0.5,0.5,0.2,0,1
163,70,34,2,4,6,0,0,0,0
163,71,49,2,21,4,0,0,0,0
163,72,134,2,50,10,0,0,0,0
163,73,101,1,19,25,2,0,0,0
163,74,96.5,24,11,5,0,0,0,0
163,75,123.5,7,38,11,0,1,0,0
163,79,7,2.6,0,1.1,0.5,0,0,1
163,81,3,0.2,0.4,0.3,0.3,0,0,1
163,83,3,0.2,0.4,0.3,0.3,0,0,1
163,85,3,0,0.3,0.8,0.1,0,0,1
163,86,6,0,0.6,1.5,0.2,0,0,1
163,94,2,0,0.3,0.3,0,0.1,0,1
163,96,4,0.3,1.2,0.2,0.3,0,0,1
163,100,3,0.5,0.4,0.2,0.2,0,0,1
163,103,2,0.3,0.2,0.2,0.2,0,0,1
163,113,15,0.5,1.8,3.6,0.2,0,0,1
163,114,68.5,0,5,17,0,0,0,0
163,115,44,1,11,7,0,0,0,0
163,116,19,1.2,3.8,3.4,0,0,0,1
163,118,2,0.1,0.4,0.4,0,0,0,1
163,119,55,0,2,15,7,0,4,0
163,142,30.5,0,3,7,1,0,0,0
163,143,20,0,1,5,4,1,0,0
163,144,49,1,10,5,8,0,0,0
163,145,6,0,1.1,1.3,0,0.1,0,1
163,146,21,0,3.7,4.7,0,0.2,0,1
163,155,2,0.1,0.2,0.2,0.2,0,0,1
163,156,20,3,3,5,0,0,0,0
163,157,45,1,4,8,10,0,0,0
163,158,61.5,2,4,6,11,3,0,0
163,165,3,0.2,0.3,0.6,0.3,0,0,1
163,166,3,0.2,0.3,0.6,0.3,0,0,1
163,167,12,0.9,1.2,2.4,1.1,0.1,0,1
163,168,6,0.5,0.6,1.2,0.6,0,0,1
163,169,88.5,0,0,38,0,0,34,0
163,170,98,0,21,28,0,1,0,0
163,171,11,2.6,1.3,1.6,0.4,0,0,1
163,172,18,4.2,2.1,2.7,0.6,0,0,1
163,173,26,0,0,2,13,0,0,0
163,174,222,4,9,20,94,3,3,0
163,175,106.5,2,16,19,38,0,0,0
163,176,101.5,0,4,49,13,0,0,0
163,177,46,3,6,8,10,0,0,0
163,178,59,12,3,8,4,0,0,0
163,179,71.5,16,3,11,1,1,0,0
163,180,22,3.4,3.4,2.3,0.4,0,0,1
163,181,27,1,9,2,0,0,0,0
163,182,75.5,0,11,17,0,0,0,0
163,183,237,0,0,93,0,0,22,0
163,184,85,0,0,26,0,0,0,0
163,185,18.5,0,2.2,3.4,0.4,0,0,1
163,186,5,0,0.6,0.9,0.1,0,0,1
163,190,3,0.1,0.3,0.5,0.3,0,0,1
163,192,8,0.2,0.9,1.3,0.9,0,0,1
163,193,5,0.2,0.5,0.8,0.5,0,0,1
163,194,2,0.1,0.2,0.3,0.2,0,0,1
163,195,6,0.2,1.4,0.7,0.3,0,0,1
163,196,2,0.1,0.5,0.2,0.1,0,0,1
163,197,3,0.1,0.7,0.4,0.1,0,0,1
163,203,3,0,0.1,0.8,0.3,0,0,1
163,225,1,0,0.1,0.3,0,0,0,1
163,228,15,0,1,4.1,0.3,0,0,1
163,230,2,0.1,0.4,0.3,0,0.1,0,1
163,231,2,0.1,0.4,0.3,0,0.1,0,1
163,232,2,0.1,0.4,0.3,0,0.1,0,1
163,242,4,0.2,0.6,0.9,0.2,0,0,1
163,246,2,0,0.1,0.2,0.6,0,0,1
163,247,11,0,0.9,0.9,3.2,0,0,1
164,4,8,0,0.5,2.3,0.3,0,0,1
164,35,5,0,0.1,1.4,0,0,0,1
164,39,6,0.1,0.1,1.6,0,0,0,1
164,40,14,0.6,0,4.3,0,0,0,1
164,49,2,0.3,0.3,0,0.2,0,0,1
164,50,10,0.6,1.4,1.5,0,0,0,1
164,53,11,0.6,1.6,1.6,0,0,0,1
164,54,5,0.3,0.7,0.7,0,0,0,1
164,57,11,0.5,0.7,2.8,0,0,0,1
164,58,5,0.2,0.3,1.3,0,0,0,1
164,70,11,1.8,1.8,0,1.2,0.3,0,1
164,71,47,0,17,2,0,0,0,0
164,72,110,0,53,1,1,0,0,0
164,73,145,29,13,19,0,0,0,0
164,74,96,38,2,6,6,0,0,0
164,75,98.5,21,13,4,0,0,0,0
164,78,7.5,2.8,0,1.1,0.6,0,0,1
164,80,3,0.2,0.4,0.3,0.3,0,0,1
164,81,4,0.2,0.6,0.4,0.4,0,0,1
164,85,2,0,0.2,0.5,0.1,0,0,1
164,86,74.5,0.8,7,18.7,2.4,0,0,1
164,87,94.5,0,23,14,0,1,0,0
164,88,126,0,46,0,0,0,0,0
164,89,81.5,0,35,0,0,0,0,0
164,90,23.5,0.6,3.7,3,0.2,0.6,0,1
164,91,90.5,0,0,38,0,0,36,0
164,93,11,0.3,1.7,1.4,0.1,0.3,0,1
164,94,2,0,0.3,0.3,0,0.1,0,1
164,95,2,0.2,0.6,0.1,0.1,0,0,1
164,96,2,0.2,0.6,0.1,0.1,0,0,1
164,97,7,0.5,2.2,0.3,0.5,0,0,1
164,100,1,0.1,0.1,0.1,0.1,0,0,1
164,103,2,0.3,0.2,0.2,0.2,0,0,1
164,110,2,0.1,0.2,0.5,0,0,0,1
164,114,38,0,4,8,0,0,0,0
164,115,33,1,4,9,1,0,0,0
164,119,2,0.1,0.4,0.4,0,0,0,1
164,142,33,1,1,9,0,0,0,0
164,143,57,1,2,4,24,1,0,0
164,144,73.5,1,2,14,20,0,0,0
164,145,16,0,2.8,3.6,0,0.2,0,1
164,146,24,0,4.2,5.4,0,0.3,0,1
164,157,20.5,0.6,2,2,2.6,0,0,1
164,158,45,0,8,8,3,0,0,0
164,159,2,0.1,0.2,0.2,0.2,0,0,1
164,164,3,0,0.3,0.5,0.5,0,0,1
164,165,9,0.7,0.9,1.8,0.8,0.1,0,1
164,166,12,0.9,1.2,2.4,1.1,0.1,0,1
164,167,5,0.4,0.5,1,0.5,0,0,1
164,168,8,0.6,0.8,1.6,0.7,0.1,0,1
164,170,52.5,0,5,31,1,1,0,0
164,171,43,1,22,0,0,0,0,0
164,172,40.5,2,18,1,1,0,0,0
164,173,32,2,1,9,11,0,0,0
164,174,111.5,21,8,10,32,1,0,0
164,175,362,8,12,68,130,4,17,0
164,176,402,19,31,24,151,7,0,0
164,177,73,2,9,10,21,0,0,0
164,178,35,1,7,2,5,0,0,0
164,179,102,1,16,48,0,1,0,0
164,180,62,0,4,31,0,0,0,0
164,181,61.5,0,19,7,0,0,0,0
164,182,42,3,10,4,0,0,0,0
164,183,119,0,0,45,0,0,16,0
164,184,210.5,0,1,66,1,0,8,0
164,185,17,0,2.1,3.1,0.3,0,0,1
164,191,3,0.1,0.3,0.5,0.3,0,0,1
164,193,5,0.2,0.5,0.8,0.5,0,0,1
164,194,17,0.5,1.8,2.9,1.8,0,0,1
164,195,10,0.3,2.3,1.2,0.5,0,0,1
164,196,6,0.2,1.4,0.7,0.3,0,0,1
164,197,1,0,0.2,0.1,0.1,0,0,1
164,199,3,0.1,0.7,0.4,0.1,0,0,1
164,227,7,0,0.5,1.9,0.1,0,0,1
164,228,6,0,0.4,1.7,0.1,0,0,1
164,229,26,0,1.8,7.2,0.4,0,0,1
164,230,12,0.5,2.3,1.8,0.4,0.5,0,1
164,231,7,0.3,1.3,1.1,0.2,0.3,0,1
165,0,3,0.5,0.1,0.5,0.1,0,0,1
165,4,12,2,0.3,2.3,0.3,0,0,1
165,5,1,0.2,0.1,0,0.1,0,0,1
165,26,2,0.3,0,0.4,0.1,0,0,1
165,62,4,0.2,0.2,0.4,0.4,0.1,0,1
165,63,4,0.2,0.2,0.4,0.4,0.1,0,1
165,67,4,0.2,0.2,0.4,0.4,0.1,0,1
165,70,69,0,0,23,0,0,0,0
165,71,192.5,0,1,62,0,0,30,0
165,72,167,10,20,52,0,0,0,0
165,73,95,19,17,0,0,0,0,0
165,74,89,25,4,4,0,3,0,0
165,75,52,14.6,1.5,0.7,4.4,0,0,1
165,82,3,0.2,0.4,0.3,0.3,0,0,1
165,84,4,0.2,0.6,0.4,0.4,0,0,1
165,85,3,0.3,0.5,0.3,0.1,0,0,1
165,86,52.5,0,17,1,1,0,0,0
165,87,125,0,30,17,0,0,0,0
165,88,108,2,37,6,0,1,0,0
165,89,145.5,0,44,15,0,0,0,0
165,90,94,0,26,8,0,0,0,0
165,91,100.5,0,0,38,0,0,17,0
165,93,5,0.3,0.5,0.5,0.2,0.3,0,1
165,94,1,0.1,0.1,0.1,0,0.1,0,1
165,97,2,0.1,0.2,0.4,0,0,0,1
165,105,3,0.5,0.4,0.2,0.2,0,0,1
165,114,1,0,0.1,0.3,0,0,0,1
165,115,2,0.1,0.2,0.5,0,0,0,1
165,116,2,0.1,0.2,0.5,0,0,0,1
165,117,3,0.1,0.4,0.7,0,0,0,1
165,143,12,0,2.1,2.7,0,0.1,0,1
165,144,3,0,0.5,0.7,0,0,0,1
165,145,25,0,9,2,0,0,0,0
165,146,18.5,0,8,3,0,0,0,0
165,147,12,0.2,2,2.2,0,0,0,1
165,148,18,0,8,3,0,0,0,0
165,157,5,0.2,0.4,1,0.2,0.1,0,1
165,158,21,0.9,1.7,4.2,0.8,0.4,0,1
165,159,5,0.2,0.4,1,0.2,0.1,0,1
165,162,4,0.5,0.1,0.5,0.8,0,0,1
165,163,16,2.1,0.2,2.1,3.3,0,0,1
165,164,16,2.1,0.2,2.1,3.3,0,0,1
165,165,6,0.1,0.5,1.3,0.6,0,0,1
165,166,13,0.2,1.1,2.8,1.3,0,0,1
165,167,3.5,0.1,0.3,0.7,0.4,0,0,1
165,168,4,0.1,0.3,0.9,0.4,0,0,1
165,172,4,0.5,0.2,0.2,0.8,0,0,1
165,173,16,1.9,0.8,0.8,3.4,0,0,1
165,174,18,2.1,0.9,0.9,3.8,0,0,1
165,175,115,8,11,10,44,0,0,0
165,176,210,1,3,26,100,3,0,0
165,177,111.5,0,2,7,60,0,0,0
165,178,25,0.8,1.6,2.1,6.8,0,0,1
165,179,28,0,9,4,0,0,0,0
165,180,13,0.5,1,2.7,1,0.1,0,1
165,181,40.5,1,0,15,1,0,0,0
165,182,42.5,1,2,10,7,0,0,0
165,183,28,1,3,9,0,0,0,0
165,184,77.5,0,3,24,0,0,0,0
165,185,4,0.1,0.7,0.6,0.4,0,0,1
165,186,5,0.1,0.9,0.7,0.5,0,0,1
165,189,4,0.1,0.7,0.6,0.4,0,0,1
165,192,4,0.1,0.8,0.7,0.2,0,0,1
165,193,14,0.2,2.8,2.7,0.7,0,0,1
165,194,13,0.2,2.6,2.5,0.7,0,0,1
165,195,17.5,0.6,2.8,3.4,0.3,0.1,0,1
165,196,4,0.1,0.6,0.8,0.1,0,0,1
165,225,4,0,0.5,0.8,0.1,0,0,1
165,226,7,0,0.8,1.5,0.2,0,0,1
165,227,12,0,1.4,2.5,0.3,0,0,1
165,228,20,0,2.3,4.2,0.5,0,0,1
165,229,15,0,1.8,3.1,0.4,0,0,1
165,230,29,2,0,3,8,1,0,0
165,231,28,2,3,2,7,0,0,0
165,232,3,0,0.4,0.7,0.2,0,0,1
166,1,10,1.6,0.3,1.9,0.3,0,0,1
166,2,4,0.6,0.1,0.8,0.1,0,0,1
166,3,4,0.6,0.1,0.8,0.1,0,0,1
166,33,22,0,0.5,4.6,0.5,0,0,1
166,43,8,1.2,1.2,0.3,0.7,0,0,1
166,51,2,0.1,0.3,0.3,0,0,0,1
166,66,6,0.3,0.4,0.6,0.5,0.2,0,1
166,70,68.5,0,0,22,0,0,0,0
166,71,62,0,0,18,0,0,0,0
166,72,92.5,0,0,61,0,0,0,0
166,73,13,3.6,2.1,0.5,0,0,0,1
166,74,4,1.1,0.6,0.2,0,0,0,1
166,86,7,0.7,1.1,0.6,0.2,0.1,0,1
166,87,83,1,22,12,0,0,0,0
166,88,90,6,25,15,0,0,0,0
166,89,274,0,12,83,0,0,60,0
166,90,105.5,0,35,12,0,0,0,0
166,91,97,0,45,1,0,0,0,0
166,92,1.5,0.1,0.1,0.1,0.1,0.1,0,1
166,94,1,0.1,0.1,0.1,0,0.1,0,1
166,102,5,0.8,0.6,0.4,0.4,0,0,1
166,103,3,0.5,0.4,0.2,0.2,0,0,1
166,104,4,0.7,0.5,0.3,0.3,0,0,1
166,117,6,0.2,0.7,1.4,0.1,0,0,1
166,145,19,0.3,3.2,3.5,0,0,0,1
166,146,28,0,3,8,0,0,0,0
166,147,27,0,10,3,0,0,0,0
166,148,27,0.4,4.6,5,0,0,0,1
166,149,4,0.1,0.7,0.7,0,0,0,1
166,157,5,0.2,0.4,1,0.2,0.1,0,1
166,158,7,0.3,0.6,1.4,0.3,0.1,0,1
166,162,8,1,0.1,1.1,1.6,0,0,1
166,163,7,0.9,0.1,0.9,1.4,0,0,1
166,164,5,0.6,0.1,0.7,1,0,0,1
166,166,20,0.3,1.7,4.3,2,0,0,1
166,167,13,0.2,1.1,2.8,1.3,0,0,1
166,168,2,0,0.2,0.4,0.2,0,0,1
166,169,1,0,0.1,0.2,0.1,0,0,1
166,173,1,0.1,0,0.1,0.2,0,0,1
166,175,2,0.1,0.1,0.2,0.5,0,0,1
166,176,21,0.7,1.3,1.8,5.7,0,0,1
166,177,70,3,2,17,17,0,0,0
166,178,28.5,1,2,3,7,0,0,0
166,179,49,0,2,15,4,0,0,0
166,180,16,0.6,1.3,3.3,1.2,0.1,0,1
166,181,15,0.6,1.2,3.1,1.1,0.1,0,1
166,182,13,0.5,1,2.7,1,0.1,0,1
166,183,10,0.4,0.8,2.1,0.7,0.1,0,1
166,184,19.5,0.8,1.6,4.1,1.4,0.1,0,1
166,185,7,0.2,1.2,1,0.7,0,0,1
166,186,2,0,0.4,0.3,0.2,0,0,1
166,193,2,0,0.4,0.4,0.1,0,0,1
166,194,22.5,0.4,4.5,4.3,1.1,0,0,1
166,195,23,0,5,5,1,0,0,0
166,196,5,0.1,0.8,1,0.1,0,0,1
166,225,3,0,0.4,0.6,0.1,0,0,1
166,229,6,0,0.7,1.2,0.2,0,0,1
166,230,18,1,2,0,8,0,0,0
166,231,15.5,0,2.3,3.6,1,0,0,1
167,1,4,0.6,0.1,0.8,0.1,0,0,1
167,7,3,0.5,0.3,0.2,0.2,0,0,1
167,21,5,0.6,0.1,0.9,0.3,0,0,1
167,32,9,0,0.2,1.9,0.2,0,0,1
167,46,4,0.6,0.6,0.1,0.4,0,0,1
167,47,1,0.1,0.2,0,0.1,0,0,1
167,48,2,0.3,0.3,0,0.2,0,0,1
167,51,2,0.1,0.3,0.3,0,0,0,1
167,53,6,0.3,0.9,0.9,0,0,0,1
167,66,2,0.1,0.1,0.2,0.2,0.1,0,1
167,70,4,1.1,0.6,0.2,0,0,0,1
167,75,6,1.7,0.2,0.1,0.5,0,0,1
167,82,2,0.1,0.3,0.2,0.2,0,0,1
167,83,9,0.5,1.2,0.8,1,0,0,1
167,84,13,0.7,1.8,1.2,1.4,0,0,1
167,85,15,1.5,2.4,1.3,0.4,0.2,0,1
167,87,20,2,3.1,1.7,0.6,0.3,0,1
167,88,114,0,26,20,0,0,0,0
167,89,110.5,1,16,32,2,0,0,0
167,90,197,6,19,26,49,1,0,0
167,91,190,6,4,69,13,3,0,0
167,92,36.5,1,5,6,5,0,0,0
167,93,1,0.1,0.1,0.1,0,0.1,0,1
167,94,30,1.8,3,3.1,1.2,1.8,0,1
167,95,11,0.5,1.1,2.1,0.2,0.2,0,1
167,97,12,0.5,1.3,2.3,0.2,0.2,0,1
167,98,1,0.1,0.1,0.2,0,0,0,1
167,102,1,0.1,0.1,0.1,0.1,0,0,1
167,152,1,0.1,0.1,0.2,0,0,0,1
167,165,18,0.3,1.5,3.9,1.8,0,0,1
167,166,24,0,4,8,0,0,0,0
167,167,11,0.2,0.9,2.4,1.1,0,0,1
167,177,18,0.6,1.1,1.5,4.9,0,0,1
167,178,12,0.4,0.7,1,3.3,0,0,1
167,179,12,0.4,0.7,1,3.3,0,0,1
167,180,1,0,0.1,0.2,0.1,0,0,1
167,181,4,0.2,0.3,0.8,0.3,0,0,1
167,182,19,0.8,1.5,4,1.4,0.1,0,1
167,183,3,0.1,0.3,0.6,0.2,0,0,1
167,184,2,0.1,0.2,0.4,0.1,0,0,1
167,185,7,0.2,1.2,1,0.7,0,0,1
167,189,4,0.1,0.7,0.6,0.4,0,0,1
167,193,4,0.1,0.8,0.7,0.2,0,0,1
167,195,16,0.5,2.5,3.1,0.3,0.1,0,1
167,196,16,0.5,2.5,3.1,0.3,0.1,0,1
167,197,22,0.7,3.5,4.3,0.4,0.1,0,1
167,225,2,0,0.2,0.4,0.1,0,0,1
167,229,6,0,0.7,1.2,0.2,0,0,1
167,230,22.5,0,3.4,5.3,1.4,0,0,1
168,6,10,1.7,0.9,0.6,0.9,0,0,1
168,10,9,0.4,0.1,2.2,0.7,0,0,1
168,11,2,0.1,0,0.5,0.2,0,0,1
168,23,4,0.5,0.1,0.7,0.2,0,0,1
168,26,14,1.7,0.3,2.5,0.7,0,0,1
168,29,1,0.1,0,0.2,0.1,0,0,1
168,32,6,0,0.1,1.3,0.1,0,0,1
168,40,6,0.9,0.9,0.2,0.5,0,0,1
168,44,3,0.4,0.5,0.1,0.3,0,0,1
168,48,1,0.1,0.2,0,0.1,0,0,1
168,50,12,0.7,1.7,1.8,0,0,0,1
168,53,6,0.3,0.9,0.9,0,0,0,1
168,64,3,0.1,0.2,0.3,0.3,0.1,0,1
168,66,6,0.3,0.4,0.6,0.5,0.2,0,1
168,73,4,1.1,0.6,0.2,0,0,0,1
168,82,4,0.2,0.6,0.4,0.4,0,0,1
168,83,7,0.4,0.9,0.7,0.7,0,0,1
168,84,4,0.2,0.6,0.4,0.4,0,0,1
168,86,3,0.3,0.5,0.3,0.1,0,0,1
168,88,93.5,1,1,30,3,0,0,0
168,89,243,0,1,103,3,0,0,0
168,90,332,5,5,39,110,5,0,0
168,91,324.5,11,9,79,88,3,18,0
168,92,84,7,26,1,0,0,0,0
168,93,7,0.4,0.7,0.7,0.3,0.4,0,1
168,94,3,0.2,0.3,0.3,0.1,0.2,0,1
168,95,13,0.6,1.4,2.5,0.2,0.2,0,1
168,97,2,0.1,0.2,0.4,0,0,0,1
168,102,1,0.1,0.1,0.1,0.1,0,0,1
168,151,4,0.2,0.3,0.8,0.1,0.1,0,1
168,164,1,0.1,0,0.2,0.2,0,0,1
168,165,36,3,5,7,0,0,0,0
168,166,18,0.3,1.5,3.9,1.8,0,0,1
168,167,10,0.2,0.9,2.1,1,0,0,1
168,168,1,0,0.1,0.2,0.1,0,0,1
168,169,4,0.1,0.3,0.9,0.4,0,0,1
168,170,3,0.4,0.1,0.2,0.6,0,0,1
168,176,2,0.1,0.1,0.2,0.5,0,0,1
168,179,15.5,0,0,1,12,0,0,0
168,181,4,0.2,0.3,0.8,0.3,0,0,1
168,186,2,0,0.4,0.3,0.2,0,0,1
168,191,5,0.1,1,0.9,0.3,0,0,1
168,193,3,0,0.6,0.6,0.2,0,0,1
168,194,7,0.1,1.4,1.3,0.4,0,0,1
168,195,17.5,0.6,2.8,3.4,0.3,0.1,0,1
168,196,45,1,3,12,0,0,0,0
168,197,20,0.6,3.2,3.9,0.4,0.1,0,1
168,198,5,0.1,0.8,1,0.1,0,0,1
168,229,30,0,3.5,6.2,0.8,0,0,1
168,230,6,0,0.9,1.4,0.4,0,0,1
169,10,11,0.5,0.1,2.7,0.8,0,0,1
169,26,19,2.4,0.3,3.4,1,0,0,1
169,44,5,0.8,0.8,0.1,0.4,0,0,1
169,49,1,0.1,0.2,0,0.1,0,0,1
169,78,13,3.6,0.4,0.2,1.1,0,0,1
169,80,6,0.3,0.8,0.6,0.7,0,0,1
169,81,3,0.2,0.4,0.3,0.3,0,0,1
169,84,2,0.1,0.3,0.2,0.2,0,0,1
169,85,3,0.3,0.5,0.3,0.1,0,0,1
169,86,12,1.2,1.9,1,0.3,0.2,0,1
169,87,2,0.2,0.3,0.2,0.1,0,0,1
169,88,5,0.5,0.8,0.4,0.1,0.1,0,1
169,89,96,7,17,15,6,0,0,0
169,90,171.5,11,16,24,24,1,0,0
169,91,148.5,2,43,16,15,0,13,0
169,92,127,8,36,3,0,0,0,0
169,93,143,17,17,22,0,0,0,0
169,94,52,3,10,9,1,0,0,0
169,95,18,0.8,1.9,3.5,0.2,0.3,0,1
169,96,68,0,0,32,0,0,0,0
169,97,2,0.1,0.2,0.4,0,0,0,1
169,99,6,0.3,0.6,1.1,0.1,0.1,0,1
169,123,1,0,0,0.3,0,0,0,1
169,124,1,0,0,0.3,0,0,0,1
169,126,3,0,0.1,0.8,0,0,0,1
169,143,3,0,0.5,0.7,0,0,0,1
169,145,3,0,0.5,0.6,0,0,0,1
169,157,2,0.1,0.2,0.4,0.1,0,0,1
169,162,1,0.1,0,0.2,0.2,0,0,1
169,163,2,0.3,0,0.3,0.4,0,0,1
169,164,9,1.2,0.1,1.2,1.8,0,0,1
169,165,12,0.2,1,2.6,1.2,0,0,1
169,166,23,0.4,2,4.9,2.3,0,0,1
169,167,6,0.1,0.5,1.3,0.6,0,0,1
169,168,10,0.2,0.9,2.1,1,0,0,1
169,169,2,0,0.2,0.4,0.2,0,0,1
169,177,2,0.1,0.1,0.2,0.5,0,0,1
169,178,1,0,0.1,0.1,0.3,0,0,1
169,180,8,0.3,0.6,1.7,0.6,0.1,0,1
169,181,11,0.4,0.9,2.3,0.8,0.1,0,1
169,182,7,0.3,0.6,1.5,0.5,0,0,1
169,183,4,0.2,0.3,0.8,0.3,0,0,1
169,185,4,0.1,0.7,0.6,0.4,0,0,1
169,188,1,0,0.2,0.1,0.1,0,0,1
169,190,5,0.1,1,0.9,0.3,0,0,1
169,191,6,0.1,1.2,1.2,0.3,0,0,1
169,192,22,0.4,4.4,4.2,1.1,0,0,1
169,193,8,0.2,1.6,1.5,0.4,0,0,1
169,194,32,0,2,9,0,0,0,0
169,195,21,0.7,3.3,4.1,0.4,0.1,0,1
169,196,19,1,7,3,0,0,0,0
169,197,14,0.4,2.2,2.7,0.3,0.1,0,1
169,198,1,0,0.2,0.2,0,0,0,1
169,228,4,0,0.5,0.8,0.1,0,0,1
169,229,2,0,0.2,0.4,0.1,0,0,1
170,26,8,1.7,0,1.3,0,0.2,0,1
170,40,6,0.5,0.7,1.4,0.2,0,0,1
170,49,1,0.1,0.1,0.2,0.1,0,0,1
170,52,6.5,0.9,0.7,0,0.2,0.2,0,1
170,56,2,0.1,0.2,0.1,0.3,0,0,1
170,66,2,0.1,0.4,0.3,0,0,0,1
170,69,1,0,0.2,0.2,0,0,0,1
170,70,4,0.2,0.4,0.4,0.5,0.1,0,1
170,72,1,0.1,0.1,0.1,0.1,0,0,1
170,74,4,0.2,0.4,0.4,0.5,0.1,0,1
170,79,7,0.9,0,2.1,0.6,0,0,1
170,80,1,0.1,0.2,0.1,0,0,0,1
170,83,1,0.1,0.2,0.1,0,0,0,1
170,84,11,1,2.1,0.8,0.6,0,0,1
170,85,1,0.2,0.2,0,0.1,0,0,1
170,86,5,0.7,1.2,0.1,0.3,0,0,1
170,88,4,0.6,0.9,0.1,0.2,0,0,1
170,89,1,0.2,0.2,0,0.1,0,0,1
170,90,72,3,19,9,3,0,0,0
170,91,158,3,57,4,0,0,0,0
170,92,173.5,7,47,17,0,1,0,0
170,93,103,8,22,13,0,0,0,0
170,94,60,5,12,5,0,0,0,0
170,95,23,1.4,2,4,0,0,0,1
170,96,23.5,1.4,2,4.1,0,0,0,1
170,97,8,0.5,0.7,1.4,0,0,0,1
170,99,6,0.3,0.5,1.1,0,0,0,1
170,109,3,0.2,0.8,0.2,0,0,0,1
170,144,4,0.2,0.8,0.3,0.4,0,0,1
170,157,7,0.3,1.4,0.4,0.8,0,0,1
170,165,14,0,1,4.5,0.5,0,0,1
170,166,13,0,0.9,4.2,0.5,0,0,1
170,179,1,0,0.2,0.3,0.1,0,0,1
170,180,10,0,0.9,1.5,2,0.3,0,1
170,191,3,0.1,0.6,0.6,0.1,0,0,1
170,192,55,0,4,19,0,0,0,0
170,193,51,0,4,14,0,0,0,0
170,194,38,0,4,13,0,0,0,0
170,195,31,0,5,8,1,0,0,0
170,196,26,1.3,1.6,5.6,0.9,0,0,1
170,197,2,0.1,0.1,0.4,0.1,0,0,1
170,234,16,0,1.7,2.2,3.3,0,0,1
171,30,13,3.6,0.2,0.9,0.9,0,0,1
171,32,4,1.1,0,0.3,0.3,0,0,1
171,34,15,4.2,0.3,1,1,0,0,1
171,36,2,0.6,0,0.2,0.1,0,0,1
171,50,4,0.6,0.4,0,0.1,0.1,0,1
171,68,1,0,0.2,0.2,0,0,0,1
171,69,10,0.3,2.1,1.8,0,0,0,1
171,70,3,0.1,0.3,0.3,0.4,0.1,0,1
171,71,9,0.4,0.9,0.9,1.1,0.2,0,1
171,76,13,1.6,0,3.9,1.2,0,0,1
171,88,3,0.4,0.7,0.1,0.2,0,0,1
171,90,82,0,38,0,1,0,0,0
171,91,117,0,50,4,0,0,0,0
171,92,103,7,29,11,0,0,0,0
171,93,120,16,22,13,0,0,0,0
171,94,87,7,15,10,0,0,0,0
171,96,4,0.2,0.4,0.7,0,0,0,1
171,109,16,1,4.5,1,0,0,0,1
171,110,3,0,1,0.2,0,0,0,1
171,111,4,0,1.3,0.3,0,0,0,1
171,115,2,0,0.5,0.2,0,0,0,1
171,158,2,0.1,0.4,0.1,0.2,0,0,1
171,159,3,0.1,0.6,0.2,0.3,0,0,1
171,163,20,0,2,9,0,0,0,0
171,164,3,0.2,0.7,0.5,0.1,0,0,1
171,187,1,0,0.1,0.1,0.4,0,0,1
171,191,4,0.1,0.8,0.8,0.1,0,0,1
171,192,15,0.5,3.1,3.1,0.2,0,0,1
171,193,42,2,6,9,0,0,0,0
171,194,6,0.2,1.2,1.3,0.1,0,0,1
171,195,27,1.3,1.6,5.9,1,0,0,1
171,229,2,0,0.3,0.4,0.2,0,0,1
171,233,4,0,0.4,0.6,0.8,0,0,1
172,15,2,0.3,0.2,0.1,0.2,0,0,1
172,24,3.5,0.8,0,0.3,0.4,0,0,1
172,26,18,3.8,0,2.9,0,0.4,0,1
172,27,27,0,0,12,0,0,0,0
172,30,1,0.3,0,0.1,0,0,0,1
172,32,4,1.1,0,0.3,0.3,0,0,1
172,33,5,1.4,0.1,0.4,0.3,0,0,1
172,34,2,0.6,0,0.2,0.1,0,0,1
172,40,2,0.1,0.2,0.5,0.1,0,0,1
172,42,3,0.2,0.4,0.7,0.1,0,0,1
172,50,19,2.7,2.1,0,0.5,0.5,0,1
172,57,7,0.2,0.8,0.4,1.1,0,0,1
172,65,1,0,0.2,0.2,0,0,0,1
172,66,6,0.2,1.2,1.1,0,0,0,1
172,67,2,0.1,0.4,0.3,0,0,0,1
172,70,5,0.3,0.5,0.5,0.6,0.1,0,1
172,72,4,0.2,0.4,0.4,0.5,0.1,0,1
172,81,3,0.3,0.5,0.2,0.2,0,0,1
172,83,2,0.2,0.4,0.1,0.1,0,0,1
172,84,1,0.1,0.2,0.1,0,0,0,1
172,86,2,0.3,0.5,0,0.1,0,0,1
172,90,30,0,7.7,0.7,0.7,0,0,1
172,91,139,0,47,7,0,0,0,0
172,92,112,0,51,3,0,0,0,0
172,93,90,35,4,4,0,0,0,0
172,94,99,5,25,11,0,0,0,0
172,95,41,0,13,4,0,0,0,0
172,108,3,0.2,0.8,0.2,0,0,0,1
172,109,1,0,0.3,0.1,0,0,0,1
172,114,3,0,1,0.2,0,0,0,1
172,115,16.5,0,4.1,1.4,0,0.3,0,1
172,119,2,0,0.5,0.2,0,0,0,1
172,124,3,0.1,0.5,0.1,0.6,0,0,1
172,127,2,0.1,0.3,0.1,0.4,0,0,1
172,143,2,0.1,0.4,0.1,0.2,0,0,1
172,160,2,0.1,0.5,0.4,0,0,0,1
172,164,1,0.1,0.2,0.2,0,0,0,1
172,165,1,0,0.1,0.3,0,0,0,1
172,173,1,0,0.2,0.3,0.1,0,0,1
172,180,2,0,0.2,0.3,0.4,0,0,1
172,181,5,0,0.5,0.7,1,0.2,0,1
172,187,4,0.2,0.2,0.4,1.6,0,0,1
172,188,1,0,0.1,0.1,0.4,0,0,1
172,189,10,0.3,0.4,1.1,4.1,0,0,1
172,190,7,0.3,1.4,1.4,0.1,0,0,1
172,191,38,1,2,10,1,0,0,0
172,192,4,0.1,0.8,0.8,0.1,0,0,1
172,193,5,0.2,1,1,0.1,0,0,1
172,194,13,0.5,2.7,2.7,0.1,0,0,1
172,195,22,1,2,7,2,0,0,0
172,196,1,0.1,0.1,0.2,0,0,0,1
172,202,3,0,0.1,0.8,0.3,0,0,1
172,203,1,0,0,0.3,0.1,0,0,1
173,22,9,1.9,0,0.8,1.1,0,0,1
173,23,5,1,0,0.5,0.6,0,0,1
173,27,8,1.7,0,1.3,0,0.2,0,1
173,43,10.5,0.8,1.2,2.5,0.4,0,0,1
173,49,3,0.2,0.4,0.7,0.1,0,0,1
173,51,4.5,0.6,0.5,0,0.1,0.2,0,1
173,58,3,0.1,0.4,0.2,0.4,0,0,1
173,62,1,0,0.4,0.1,0,0,0,1
173,63,2,0,0.7,0.2,0,0,0,1
173,64,13,0,4.8,1.1,0,0,0,1
173,65,63,0,26,0,0,0,0,0
173,66,41.5,0,4,8,0,0,0,0
173,67,96,0,0,29,0,1,0,0
173,68,84.5,0,0,31,0,0,24,0
173,69,5,0.2,1,0.9,0,0,0,1
173,70,6,0.3,0.6,0.6,0.7,0.1,0,1
173,73,2,0.1,0.2,0.2,0.2,0.1,0,1
173,81,5,0.4,0.9,0.4,0.3,0,0,1
173,82,2,0.2,0.4,0.1,0.1,0,0,1
173,83,6,0.6,1.1,0.4,0.3,0,0,1
173,84,15,1.4,2.8,1.1,0.8,0,0,1
173,85,2,0.3,0.5,0,0.1,0,0,1
173,90,4,0,1,0.1,0.1,0,0,1
173,91,96.5,0,25,14,0,0,0,0
173,92,124,2,37,13,0,0,0,0
173,93,105,0,45,3,2,0,0,0
173,94,104,0,40,5,0,0,0,0
173,95,102,0,44,2,0,0,0,0
173,96,4,0.2,0.4,0.7,0,0,0,1
173,103,19,0.6,2.3,1.8,1.2,0.6,0,1
173,109,6,0.3,1.7,0.4,0,0,0,1
173,110,1,0,0.3,0.1,0,0,0,1
173,111,7,0,2.3,0.5,0,0,0,1
173,112,3,0,1,0.2,0,0,0,1
173,114,10,0,3.3,0.7,0,0,0,1
173,115,18,0,4.4,1.5,0,0.4,0,1
173,116,5,0,1.3,0.4,0,0.1,0,1
173,158,6,0.3,1.2,0.4,0.6,0,0,1
173,159,1,0,0.2,0.1,0.1,0,0,1
173,163,4,0.3,1,0.7,0.1,0,0,1
173,164,6,0.5,1.4,1.1,0.1,0,0,1
173,172,2,0,0.3,0.6,0.2,0,0,1
173,173,2,0,0.3,0.6,0.2,0,0,1
173,184,6,0,0.5,0.9,1.2,0.2,0,1
173,186,1,0,0.1,0.1,0.4,0,0,1
173,188,1,0,0.1,0.1,0.4,0,0,1
173,189,1,0,0.1,0.1,0.4,0,0,1
173,190,3,0.1,0.6,0.6,0.1,0,0,1
173,191,46,0,3,22,1,0,0,0
173,192,45,1,17,3,2,0,0,0
173,193,62,3,13,1,9,0,0,0
173,194,47.5,2,13,0,9,0,8,0
173,195,61,0,14,8,2,0,0,0
173,196,59,0,6,19,2,0,0,0
173,197,8,0.4,0.5,1.7,0.3,0,0,1
173,224,1,0,0.1,0.2,0.1,0,0,1
173,229,6,0,0.8,1.3,0.6,0,0,1
173,230,5,0,0.5,0.7,1,0,0,1
174,23,1,0.2,0,0.1,0.1,0,0,1
174,27,9,1.9,0,1.5,0,0.2,0,1
174,55,10,0.3,1.2,0.6,1.5,0,0,1
174,56,8,0.2,1,0.5,1.2,0,0,1
174,58,3,0.1,0.4,0.2,0.4,0,0,1
174,64,94,0,35,7.7,0,0,0,1
174,65,128.5,0,45,9,0,0,0,0
174,66,111,0,24,17,0,0,0,0
174,67,103,0,3,29,0,1,0,0
174,68,62,0,3,17,0,0,0,0
174,69,5.5,0.2,1.1,1,0,0,0,1
174,72,3,0.1,0.3,0.3,0.4,0.1,0,1
174,79,9,1.1,0,2.7,0.8,0,0,1
174,82,2,0.2,0.4,0.1,0.1,0,0,1
174,84,5,0.4,0.9,0.4,0.3,0,0,1
174,88,2,0.3,0.5,0,0.1,0,0,1
174,89,2,0.3,0.5,0,0.1,0,0,1
174,91,9,0,2.3,0.2,0.2,0,0,1
174,92,105,0,17,20,0,0,0,0
174,93,100,0,44,4,0,0,0,0
174,94,132.5,0,47,3,0,0,0,0
174,95,128.5,0,42,7,0,0,0,0
174,96,33,0,5,7,0,0,0,0
174,101,8,0.2,1,0.8,0.5,0.3,0,1
174,103,4,0.1,0.5,0.4,0.3,0.1,0,1
174,104,1,0,0.1,0.1,0.1,0,0,1
174,107,3,0.2,0.8,0.2,0,0,0,1
174,110,6,0,2,0.4,0,0,0,1
174,111,2,0,0.7,0.1,0,0,0,1
174,112,4,0,1.3,0.3,0,0,0,1
174,115,5,0,1.3,0.4,0,0.1,0,1
174,124,5,0.2,0.8,0.1,1.1,0,0,1
174,126,1,0,0.2,0,0.2,0,0,1
174,156,3,0.1,0.6,0.2,0.3,0,0,1
174,157,4.5,0.2,0.9,0.3,0.5,0,0,1
174,158,15,0.7,3,0.9,1.6,0,0,1
174,159,8.5,0.4,1.7,0.5,0.9,0,0,1
174,161,5,0.4,1.2,0.9,0.1,0,0,1
174,163,24,1,5,6,0,0,0,0
174,164,18,1.4,4.1,3.2,0.5,0,0,1
174,173,3,0,0.4,1,0.3,0,0,1
174,179,2,0,0.3,0.6,0.2,0,0,1
174,188,4,0.2,0.2,0.4,1.6,0,0,1
174,189,4,0.2,0.2,0.4,1.6,0,0,1
174,190,9.5,0.3,2,2,0.1,0,0,1
174,191,13,0.5,2.7,2.7,0.1,0,0,1
174,192,29,0,3,7,9,0,6,0
174,193,261.5,2,11,23,106,1,0,0
174,194,90.5,5,8,3,32,0,0,0
174,195,55,0,0,26,0,0,0,0
174,196,45,0,4,17,0,1,0,0
174,197,19,0.9,1.2,4.1,0.7,0,0,1
174,227,11,0,1.5,2.3,1.1,0,0,1
174,228,2,0,0.3,0.4,0.2,0,0,1
174,229,7,0,1,1.4,0.7,0,0,1
174,230,4,0,0.4,0.6,0.8,0,0,1
175,28,4,0.8,0,0.4,0.5,0,0,1
175,34,6,1.7,0.1,0.4,0.4,0,0,1
175,36,4,1.1,0,0.3,0.3,0,0,1
175,48,18,6,0.7,0.8,0.7,0,0,1
175,59,2,0.1,0.4,0.1,0.1,0,0,1
175,61,2,0,0.7,0.2,0,0,0,1
175,62,3,0,1.1,0.2,0,0,0,1
175,63,7,0,2.6,0.5,0,0,0,1
175,64,134,0,56,1,0,0,0,0
175,65,105,3,44,3,0,0,0,0
175,66,121.5,0,20,29,0,0,0,0
175,67,152,0,0,47,0,0,25,0
175,68,136,0,2,41,0,0,0,0
175,69,41,0,1,12,0,0,0,0
175,72,9,0,2.3,0.3,0.5,0,0,1
175,73,3,0,0.7,0.1,0.2,0,0,1
175,74,2,0,0.5,0.1,0.1,0,0,1
175,81,1,0.2,0.2,0,0.1,0,0,1
175,84,7,1,1.7,0.2,0.3,0,0,1
175,85,1,0.1,0.1,0.1,0.1,0,0,1
175,86,7,0.7,1,0.5,0.7,0,0,1
175,88,7,0.7,1,0.5,0.7,0,0,1
175,92,37,0,4,10,0,0,0,0
175,93,117.5,0,13,33,0,0,0,0
175,94,122,0,15,29,0,0,0,0
175,95,223,0,12,61,0,2,21,0
175,96,172.5,0,0,53,0,1,22,0
175,100,14,0,2.8,1.5,0,0.1,0,1
175,102,2,0,0.4,0.2,0,0,0,1
175,104,8,0,1.6,0.8,0,0.1,0,1
175,106,5,0,1.7,0.2,0.1,0,0,1
175,107,4,0,1.4,0.1,0.1,0,0,1
175,109,2,0,0.7,0.1,0,0,0,1
175,110,2,0,0.5,0.2,0,0,0,1
175,111,7,0.1,1.8,0.6,0,0,0,1
175,112,4,0.1,1,0.3,0,0,0,1
175,117,2,0,0,0.6,0,0,0,1
175,128,4,0.2,0.7,0.1,0.8,0,0,1
175,156,2,0,0.6,0.1,0.1,0,0,1
175,157,3,0.1,0.9,0.2,0.1,0,0,1
175,158,21,0.3,6,1.6,0.9,0,0,1
175,159,13,0.2,3.7,0.9,0.6,0,0,1
175,160,3,0.1,0.5,0.6,0.1,0,0,1
175,163,6,0.2,1,1.2,0.1,0,0,1
175,164,21,1,3,5,2,0,0,0
175,165,10,0.4,2.9,1.2,0,0,0,1
175,173,14,0.1,1.2,4.4,0,0.1,0,1
175,181,2,0,0.2,0.3,0.4,0,0,1
175,184,2,0,0.2,0.3,0.4,0,0,1
175,185,11,0.6,1.5,1,1.6,0,0,1
175,186,8,0.4,1.1,0.7,1.2,0,0,1
175,187,37,0,2,12,1,0,0,0
175,188,24,0,2,9,1,0,0,0
175,189,19,1,2.6,1.8,2.7,0,0,1
175,190,74,4,11,14,6,0,0,0
175,191,63.5,0,6,11,9,1,0,0
175,192,51,1,11,7,9,0,0,0
175,193,119,2,2,7,52,0,0,0
175,194,66,2,6,9,10,1,0,0
175,195,54.5,0,10,12,0,0,0,0
175,196,2,0,0.6,0.4,0,0,0,1
175,218,3,0,0.1,0.8,0.3,0,0,1
175,228,14,0.1,2.4,2.6,0.7,0.1,0,1
175,229,5,0,0.8,0.9,0.3,0.1,0,1
175,234,2,0,0.3,0.5,0.1,0,0,1
176,28,7,1.5,0,0.6,0.8,0,0,1
176,38,2,0.6,0,0.2,0.1,0,0,1
176,48,2,0.6,0.1,0.1,0.1,0,0,1
176,56,2,0.1,0.4,0.1,0.1,0,0,1
176,58,1,0,0.2,0,0.1,0,0,1
176,59,21,0.5,4.7,0.8,1,0,0,1
176,60,4,0,1.5,0.3,0,0,0,1
176,61,11,0,4.1,0.9,0,0,0,1
176,62,51,0,4,11,1,0,0,0
176,63,87,0,14,14,0,0,0,0
176,64,91,0,29,6,0,0,0,0
176,65,111.5,2,39,6,0,0,0,0
176,66,108.5,1,29,15,0,0,0,0
176,67,112.5,0,37,9,1,0,0,0
176,68,87.5,0,12,17,0,0,0,0
176,69,8,0.1,2.1,0.7,0.3,0,0,1
176,71,17,0,4.3,0.7,0.9,0,0,1
176,72,4,0,1,0.2,0.2,0,0,1
176,73,6,0,1.5,0.3,0.3,0,0,1
176,80,5,0.7,1.2,0.1,0.3,0,0,1
176,81,2,0.3,0.5,0,0.1,0,0,1
176,85,1,0.1,0.1,0.1,0.1,0,0,1
176,90,13,0,0.5,1,0,4.2,0,1
176,93,134,0,3,41,0,0,0,0
176,94,132,0,17,30,0,0,0,0
176,95,64,0,5,19,0,0,0,0
176,96,4,0,0.1,0.6,0.8,0,0,1
176,98,62,0,2,17,0,0,0,0
176,99,114,0,6,32,0,0,0,0
176,100,105,0,9,26,0,0,0,0
176,101,9,0,1.8,0.9,0,0.1,0,1
176,103,2,0,0.4,0.2,0,0,0,1
176,106,4,0,1.4,0.1,0.1,0,0,1
176,107,5,0,1.7,0.2,0.1,0,0,1
176,110,6,0.1,1.6,0.5,0,0,0,1
176,111,1,0,0.3,0.1,0,0,0,1
176,112,3,0.1,0.8,0.2,0,0,0,1
176,113,2,0,0.5,0.2,0,0,0,1
176,154,1,0,0.2,0.1,0.1,0,0,1
176,157,13,0.2,3.7,0.9,0.6,0,0,1
176,159,4,0.1,1.1,0.3,0.2,0,0,1
176,160,24,0.8,3.9,4.9,0.6,0,0,1
176,161,2,0.1,0.3,0.4,0,0,0,1
176,162,24,0.8,3.9,4.9,0.6,0,0,1
176,163,22,0,2,9,0,0,0,0
176,164,53,3,2,4,20,0,0,0
176,165,66,2,15,6,10,0,0,0
176,166,20,0.7,5.8,2.5,0,0,0,1
176,167,20,0.7,5.8,2.5,0,0,0,1
176,173,3,0,0.3,1,0,0,0,1
176,174,7,0,0.6,2.2,0,0.1,0,1
176,186,1,0.1,0.1,0.1,0.1,0,0,1
176,187,24.5,1,4,5,2,0,0,0
176,188,30,0,1,12,1,0,0,0
176,189,68.5,1,5,23,0,0,9,0
176,190,45,0,13,9,0,0,0,0
176,191,34.5,0,9,8,1,0,0,0
176,192,49,2,18,2,1,0,0,0
176,193,23,0,4.4,4.9,0.6,0,0,1
176,195,29,0.8,8.3,5.8,0,0,0,1
176,228,30,0,1,5,12,0,0,0
176,229,18,0.2,3,3.3,0.9,0.2,0,1
176,230,10,0,1.4,2.6,0.3,0,0,1
176,234,2,0,0.3,0.5,0.1,0,0,1
177,42,2,0.6,0,0.1,0,0,0,1
177,56,6,0.2,1.3,0.2,0.3,0,0,1
177,57,4,0.1,0.9,0.1,0.2,0,0,1
177,62,65,0,0,19,0,1,0,0
177,63,195,0,11,47,0,1,25,0
177,64,78,0,22,10,0,0,0,0
177,65,77,0,29,7,2,1,0,0
177,66,79.5,10,15,8,2,0,0,0
177,67,137,4,7,14,39,0,0,0
177,68,14,0.2,3.7,1.1,0.5,0,0,1
177,72,17,0,4.3,0.7,0.9,0,0,1
177,81,3,0.4,0.7,0.1,0.2,0,0,1
177,83,2,0.3,0.5,0,0.1,0,0,1
177,86,2,0.2,0.3,0.1,0.2,0,0,1
177,87,4.5,0.5,0.7,0.3,0.4,0,0,1
177,93,9,0,0.4,0.7,0,2.9,0,1
177,94,3,0,0.1,0.2,0,1,0,1
177,98,35,2,7,5,0,0,0,0
177,99,146,3,19,28,0,0,0,0
177,100,116,4,29,10,0,0,0,0
177,101,21,0,4.2,2.2,0,0.2,0,1
177,103,3,0,0.6,0.3,0,0,0,1
177,104,2,0,0.4,0.2,0,0,0,1
177,110,2,0,0.5,0.2,0,0,0,1
177,115,4,0,0,1.1,0,0,0,1
177,127,2,0.1,0.3,0.1,0.4,0,0,1
177,156,5,0.1,1.4,0.4,0.2,0,0,1
177,157,1,0,0.3,0.1,0,0,0,1
177,158,1,0,0.3,0.1,0,0,0,1
177,159,4,0.1,1.1,0.3,0.2,0,0,1
177,161,4,0.1,0.7,0.8,0.1,0,0,1
177,162,19,0.6,3.1,3.9,0.5,0,0,1
177,163,9,0.3,1.5,1.8,0.2,0,0,1
177,164,29,0,8,5,2,0,0,0
177,166,15,0.6,4.3,1.9,0,0,0,1
177,167,49,0,1,17,0,0,0,0
177,168,52.5,0,1,15,0,0,0,0
177,169,53,0,0,14,0,0,0,0
177,172,6,0,0.6,1.9,0,0,0,1
177,173,24,0.1,2.2,7.5,0,0.2,0,1
177,174,17.5,0.1,1.6,5.5,0,0.1,0,1
177,186,2,0.1,0.3,0.2,0.3,0,0,1
177,187,4,0.2,0.5,0.4,0.6,0,0,1
177,188,34,0,4,7,1,0,0,0
177,189,24,1.2,3.2,2.3,3.5,0,0,1
177,190,30,1,3,9,2,0,0,0
177,191,22,0,4.1,4.7,0.6,0,0,1
177,192,22,0,5,6,0,0,0,0
177,193,15,0,2.8,3.2,0.4,0,0,1
177,195,3,0.1,0.8,0.6,0,0,0,1
177,230,7,0,1,1.8,0.2,0,0,1
177,231,5,0,0.7,1.3,0.2,0,0,1
177,232,4,0,0.6,1,0.1,0,0,1
177,233,2,0,0.3,0.5,0.1,0,0,1
177,234,2,0,0.3,0.5,0.1,0,0,1
178,1,13,2.3,1.2,0.8,1.1,0,0,1
178,21,4,0.8,0,0.4,0.5,0,0,1
178,42,3,0.9,0,0.2,0,0,0,1
178,56,19,0.5,4.2,0.7,0.9,0,0,1
178,57,4,0.1,0.9,0.1,0.2,0,0,1
178,58,11,0.3,2.5,0.4,0.5,0,0,1
178,59,11,0.3,2.5,0.4,0.5,0,0,1
178,60,4,0,1.5,0.3,0,0,0,1
178,61,3,0,1.1,0.2,0,0,0,1
178,62,41,0,13,2,0,0,0,0
178,63,77,0,24,8,0,0,0,0
178,64,52,1,19,5,0,0,0,0
178,65,78,0,31,6,3,0,0,0
178,66,226,6,39,16,60,0,35,0
178,67,369.5,12,3,53,120,0,9,0
178,68,21,0.3,5.5,1.7,0.8,0,0,1
178,69,13,0.2,3.4,1,0.5,0,0,1
178,72,7,0,1.8,0.3,0.3,0,0,1
178,74,3,0,0.7,0.1,0.2,0,0,1
178,77,4,0.5,0,1.2,0.4,0,0,1
178,86,2,0.2,0.3,0.1,0.2,0,0,1
178,87,10,1,1.5,0.7,1,0,0,1
178,88,2,0.2,0.3,0.1,0.2,0,0,1
178,98,24.5,0,0.6,3.9,4.6,0,0,1
178,99,85,1,6,13,14,2,0,0
178,100,113,2,11,27,8,1,0,0
178,101,28,0,5.6,2.9,0,0.3,0,1
178,103,6,0,1.2,0.6,0,0.1,0,1
178,105,5,0,1.7,0.2,0.1,0,0,1
178,106,10,0,3.4,0.4,0.2,0,0,1
178,107,5,0,1.7,0.2,0.1,0,0,1
178,112,4,0.1,1,0.3,0,0,0,1
178,114,4,0.1,1,0.3,0,0,0,1
178,115,6,0,0,1.7,0,0,0,1
178,126,3,0.1,0.5,0.1,0.6,0,0,1
178,153,3,0.1,0.6,0.2,0.3,0,0,1
178,161,11,0.4,1.8,2.2,0.3,0,0,1
178,162,48,0,0,15,0,0,0,0
178,168,15,0.6,4.3,1.9,0,0,0,1
178,171,2,0,0.2,0.6,0,0,0,1
178,172,14,0.1,1.2,4.4,0,0.1,0,1
178,173,31,0,3,8,0,4,0,0
178,174,14,0.1,1.2,4.4,0,0.1,0,1
178,175,1,0,0.2,0.3,0.1,0,0,1
178,180,3,0,0.3,0.4,0.6,0.1,0,1
178,181,2,0,0.2,0.3,0.4,0,0,1
178,182,2,0,0.2,0.3,0.4,0,0,1
178,186,9,0.5,1.2,0.8,1.3,0,0,1
178,188,16,0.8,2.2,1.5,2.3,0,0,1
178,189,38,2,6,7,0,0,0,0
178,190,10,0,1.9,2.1,0.3,0,0,1
178,191,9,0,1.7,1.9,0.3,0,0,1
178,192,22,0,4.1,4.7,0.6,0,0,1
178,193,10,0,1.9,2.1,0.3,0,0,1
178,197,1,0,0.3,0.2,0,0,0,1
178,227,4,0,0.7,0.8,0.2,0,0,1
178,228,17,0.1,2.9,3.2,0.9,0.1,0,1
178,229,13,0.1,2.2,2.4,0.7,0.1,0,1
178,230,8,0,1.2,2.1,0.2,0,0,1
178,231,4,0,0.6,1,0.1,0,0,1
178,233,1,0,0.1,0.3,0,0,0,1
178,234,10,0,1.4,2.6,0.3,0,0,1
178,248,1,0.1,0.2,0.2,0,0,0,1
179,40,3,0.9,0,0.2,0,0,0,1
179,41,30,8.5,0,2.3,0,0,0,1
179,44,1,0.3,0,0.1,0,0,0,1
179,46,3,1,0.1,0.2,0.1,0,0,1
179,49,1,0.3,0.1,0.1,0,0,0,1
179,50,2,0.3,0.2,0,0,0.1,0,1
179,61,6,0,2.2,0.5,0,0,0,1
179,62,79,0,23,5,0,1,0,0
179,63,112,0,44,0,0,0,0,0
179,64,120,3,39,6,0,0,0,0
179,65,108,0,32,8,0,0,0,0
179,66,113.5,2,12,15,24,0,0,0
179,67,164,2,5,28,51,0,0,0
179,68,153.5,7,45,3,10,0,0,0
179,69,20,0.3,5.2,1.6,0.8,0,0,1
179,71,7,0,1.8,0.3,0.3,0,0,1
179,87,1,0.1,0.1,0.1,0.1,0,0,1
179,89,3,0.3,0.5,0.2,0.3,0,0,1
179,98,9,0,0.3,1.4,1.7,0,0,1
179,99,234.5,4,6,21,62,0,0,0
179,100,93,4,10,12,14,0,0,0
179,101,32,0,11,1,0,0,0,0
179,103,8,0,1.6,0.8,0,0.1,0,1
179,104,2,0,0.4,0.2,0,0,0,1
179,107,7,0,2.4,0.3,0.1,0,0,1
179,108,2,0,0.7,0.1,0,0,0,1
179,109,1,0,0.4,0,0,0,0,1
179,110,5,0.1,1.3,0.4,0,0,0,1
179,111,1,0,0.3,0.1,0,0,0,1
179,112,2,0,0.5,0.2,0,0,0,1
179,113,7,0.1,1.8,0.6,0,0,0,1
179,114,53,0,10,9,0,0,0,0
179,115,61,0,7,15,0,0,0,0
179,116,39,0,7,11,0,0,0,0
179,117,53,0,0,14.7,0,0,0,1
179,122,3,0.1,0.5,0.1,0.6,0,0,1
179,126,20,0.9,3.2,0.5,4.2,0,0,1
179,141,1,0,0.2,0.1,0.1,0,0,1
179,153,4,0.2,0.8,0.3,0.4,0,0,1
179,161,10,0.3,1.6,2,0.3,0,0,1
179,162,6,0.2,1,1.2,0.1,0,0,1
179,172,14,0.1,1.2,4.4,0,0.1,0,1
179,173,14,0.1,1.2,4.4,0,0.1,0,1
179,174,24,0.1,2.2,7.5,0,0.2,0,1
179,175,2,0,0.3,0.6,0.2,0,0,1
179,176,4,0,0.6,1.3,0.4,0,0,1
179,177,4,0,0.6,1.3,0.4,0,0,1
179,178,6,0,0.9,1.9,0.6,0,0,1
179,189,2,0.1,0.3,0.2,0.3,0,0,1
179,190,3,0,0.6,0.6,0.1,0,0,1
179,191,7,0,1.3,1.5,0.2,0,0,1
179,192,24,0,4.5,5.2,0.6,0,0,1
179,193,9,0,1.7,1.9,0.3,0,0,1
179,227,11,0.1,1.9,2,0.6,0.1,0,1
179,228,23,0.2,3.9,4.3,1.2,0.2,0,1
179,229,8,0.1,1.3,1.5,0.4,0.1,0,1
179,233,12,0,1.7,3.1,0.4,0,0,1
180,25,2,0,0.1,0.5,0,0.1,0,1
180,39,2,0,0,0.5,0.2,0,0,1
180,40,1,0.1,0,0.1,0.1,0,0,1
180,44,18,1.5,0.9,0.9,2.4,0.3,0,1
180,58,4,0.4,0.5,0.5,0.1,0,0,1
180,62,81,0,14,18,0,0,0,0
180,65,8,0.2,0.6,1.2,0.1,0,0,1
180,66,87,3,15,17,0,0,0,0
180,67,88,0,32,11,0,0,0,0
180,68,33,0.9,2.7,4.9,0.4,0,0,1
180,69,62,5,19,2,0,0,0,0
180,70,43,0,15,1,0,0,0,0
180,71,8.5,0,1.8,1,0.3,0,0,1
180,87,2,0,0.1,0.2,0.1,0.1,0,1
180,94,4,0,0.8,0.9,0,0,0,1
180,99,16,0,3.1,3.7,0,0,0,1
180,100,87,8,17,13,0,0,0,0
180,101,38,0,12,3,0,0,0,0
180,102,3,0.2,0.4,0.5,0,0,0,1
180,105,3,0,0.9,0.2,0.1,0,0,1
180,106,2,0,0.6,0.1,0.1,0,0,1
180,107,2,0,0.6,0.1,0.1,0,0,1
180,108,2,0,0.6,0.1,0.1,0,0,1
180,111,4,0,0.4,1.1,0,0,0,1
180,112,2,0,0.2,0.5,0,0,0,1
180,113,74.5,0,8,18,0,0,0,0
180,114,78,1,11,19,1,1,4,0
180,115,66,1,16,6,2,0,0,0
180,116,35,0,7,5,0,0,0,0
180,121,4,0.1,0.5,0.6,0.1,0,0,1
180,122,5,0.1,0.7,0.8,0.1,0,0,1
180,144,3,0,0.5,0.7,0,0,0,1
180,161,6,0,1,1.1,0.9,0,0,1
180,173,2,0.1,0.1,0.6,0,0,0,1
180,174,18,0.4,1,5.3,0,0.1,0,1
180,182,2,0,0.5,0.4,0.1,0,0,1
180,191,5,0,1.6,0.2,0.4,0,0,1
180,192,3,0,1,0.1,0.2,0,0,1
180,193,8,0,2.7,0.3,0.6,0,0,1
180,194,6,0,2,0.2,0.5,0,0,1
180,225,3,0.1,0.4,0.7,0.1,0,0,1
180,227,11,0.3,1.6,2.4,0.5,0.1,0,1
180,228,18,0.5,2.7,3.9,0.8,0.1,0,1
180,229,9,0.3,1.3,1.9,0.4,0.1,0,1
180,247,7,0,0.8,1.5,0.5,0,0,1
181,23,6,0,0.2,1.6,0.1,0.1,0,1
181,25,3,0,0.1,0.8,0,0.1,0,1
181,33,1.5,0,0,0.4,0.2,0,0,1
181,45,2,0.2,0.1,0.1,0.3,0,0,1
181,61,3,0,0.8,0.2,0,0,0,1
181,62,88.5,0,29,7,0,2,0,0
181,63,47,0,14,3,0,0,0,0
181,66,69,0,28,0,0,0,0,0
181,67,116.5,31,16,3,0,0,0,0
181,68,30,0,13,1,0,0,0,0
181,69,112,1,16,24,0,0,0,0
181,70,103,4,16,17,2,0,0,0
181,71,19,0,4.1,2.2,0.6,0,0,1
181,88,7,0.2,0.4,0.6,0.4,0.3,0,1
181,91,2,0,0.4,0.5,0,0,0,1
181,99,3.5,0,0.7,0.8,0,0,0,1
181,100,89.5,3,22,10,0,0,0,0
181,101,100,1,1,24,0,0,3,0
181,105,6,0,1.8,0.4,0.2,0,0,1
181,107,6.5,0,2,0.4,0.2,0,0,1
181,108,2,0,0.6,0.1,0.1,0,0,1
181,111,28.5,0,2.8,7.6,0,0,0,1
181,112,91,0,5,26,0,0,0,0
181,113,43,0,2,11,0,0,0,0
181,114,109,12,5,7,28,0,0,0
181,115,94,2,12,18,14,0,0,0
181,116,6,0,1.7,0.9,0.3,0,0,1
181,126,3,0.1,0.4,0.5,0,0,0,1
181,141,4,0,0.7,0.9,0,0,0,1
181,142,8.5,0,1.5,1.9,0,0,0,1
181,144,14,0,2.5,3.2,0,0,0,1
181,147,1.5,0,0,0.5,0,0,0,1
181,174,15,0.3,0.8,4.5,0,0.1,0,1
181,175,18,0.5,2.2,4.9,0.5,0,0,1
181,180,1,0,0.3,0.2,0,0,0,1
181,183,4,0,1,0.8,0.1,0,0,1
181,186,1,0,0.3,0.2,0,0,0,1
181,189,1,0,0.3,0.2,0,0,0,1
181,191,8,0,2.7,0.3,0.6,0,0,1
181,192,4,0,1.3,0.2,0.3,0,0,1
181,193,7,0,2.3,0.3,0.5,0,0,1
181,194,10,0,3.3,0.4,0.7,0,0,1
181,221,2,0.1,0.4,0.4,0.1,0,0,1
181,226,5,0.1,0.8,1.1,0.2,0,0,1
181,227,39,0,3,9,0,0,0,0
181,228,10,0.3,1.5,2.1,0.5,0,0,1
181,233,2,0,0.6,0.3,0.1,0,0,1
181,246,4,0,0.4,0.9,0.3,0,0,1
182,48,3,0.2,0.1,0.2,0.4,0.1,0,1
182,62,4,0,1,0.3,0,0,0,1
182,64,6,0,1.6,0.4,0,0,0,1
182,66,65,0,24,4,0,0,0,0
182,67,70,0,31,0,0,0,0,0
182,70,30,1,2,9,0,0,0,0
182,71,19,0,4.1,2.2,0.6,0,0,1
182,75,6,0,1,0.9,0,0.4,0,1
182,76,6,0,1,0.9,0,0.4,0,1
182,85,8,0.3,0.4,0.7,0.4,0.3,0,1
182,87,5,0.2,0.3,0.4,0.2,0.2,0,1
182,100,75.5,0,14,13,0,0,0,0
182,101,57.5,0,15,8,0,0,0,0
182,103,2,0.1,0.3,0.3,0,0,0,1
182,109,6,0,1.8,0.4,0.2,0,0,1
182,111,61,0,3,16,0,0,0,0
182,112,57,0,14,10,0,0,0,0
182,113,81.5,1,8,19,0,0,0,0
182,114,86.5,9,10,10,16,0,0,0
182,115,30,2,3,8,2,0,0,0
182,141,25,0,4.5,5.6,0,0,0,1
182,142,7,0,1.2,1.6,0,0,0,1
182,144,24,0,4.3,5.4,0,0,0,1
182,145,56.5,0,0,20,0,0,0,0
182,146,3,0,0.1,0.9,0,0,0,1
182,149,5,0,0.1,1.5,0,0,0,1
182,158,2,0.2,0.4,0.2,0.1,0,0,1
182,174,22,0.4,1.2,6.5,0,0.2,0,1
182,175,8,0.2,1,2.2,0.2,0,0,1
182,176,1,0.1,0.1,0.3,0,0,0,1
182,177,2,0.1,0.2,0.5,0.1,0,0,1
182,180,7,0.1,1.7,1.4,0.2,0,0,1
182,181,5,0.1,1.2,1,0.1,0,0,1
182,185,2,0,0.5,0.4,0.1,0,0,1
182,191,21,0,7,0.8,1.5,0,0,1
182,192,12,0,4,0.4,0.9,0,0,1
182,193,2,0,0.7,0.1,0.1,0,0,1
182,219,2,0,0.1,0.5,0.2,0,0,1
182,221,3,0.1,0.6,0.6,0.2,0,0,1
182,222,1,0,0.2,0.2,0.1,0,0,1
182,224,12,0.4,2.6,2.3,0.7,0,0,1
182,225,7.5,0.2,1.1,1.6,0.4,0,0,1
182,226,46.5,3,3,10,7,0,0,0
182,227,52,1,12,10,0,0,0,0
182,228,30,0,8,3,0,0,0,0
182,232,4,0,1.2,0.6,0.1,0,0,1
182,233,3,0,0.9,0.4,0.1,0,0,1
182,250,1,0.1,0.1,0.2,0.2,0,0,1
182,252,5,0.2,0.6,1,1,0,0,1
183,3,10,0,0,1.2,2.3,0,0,1
183,25,5,0.1,0.1,1.3,0.1,0.1,0,1
183,40,5.5,0.4,0.3,0.3,0.7,0.1,0,1
183,46,6,0.5,0.3,0.3,0.8,0.1,0,1
183,51,2,0.2,0.2,0.3,0.1,0,0,1
183,60,22.5,0,5.9,1.4,0,0.2,0,1
183,62,2,0,0.5,0.2,0,0,0,1
183,63,5,0,1.3,0.3,0,0.1,0,1
183,64,13,0,3.4,0.8,0,0.2,0,1
183,65,33.5,0.9,2.7,4.9,0.5,0,0,1
183,66,105.5,0,2,37,0,0,29,0
183,67,126,0,0,38,0,0,0,0
183,68,69.5,0,1,30,0,0,30,0
183,71,29,0,6.3,3.4,0.9,0,0,1
183,75,3,0,0.5,0.4,0,0.2,0,1
183,84,4,0.1,0.2,0.4,0.2,0.2,0,1
183,85,8,0.3,0.4,0.7,0.4,0.3,0,1
183,100,25,1.4,3.4,3.8,0,0.3,0,1
183,101,56.5,0,0,15,0,1,11,0
183,111,2,0,0.2,0.5,0,0,0,1
183,112,26.5,0,2.6,7.1,0,0,0,1
183,113,41,0,16,2,0,1,0,0
183,114,33.5,1,10,4,0,0,0,0
183,115,21.5,0,6.1,3.1,1,0,0,1
183,141,8,0,1.4,1.8,0,0,0,1
183,142,14,0,2.5,3.2,0,0,0,1
183,143,26,0,4.7,5.8,0,0,0,1
183,144,35,0,4,12,0,0,0,0
183,145,31,0,0,11,0,0,0,0
183,146,6,0,0.2,1.8,0,0,0,1
183,154,2,0.2,0.4,0.2,0.1,0,0,1
183,171,19,0.4,1,5.7,0,0.1,0,1
183,172,26,0.5,1.4,7.7,0,0.2,0,1
183,173,26.5,0.5,1.4,7.9,0,0.2,0,1
183,174,61,0,2,19,0,0,0,0
183,175,31,1,4,8,0,0,0,0
183,176,33,1,4,4,5,0,0,0
183,177,45,4,2,1,15,0,0,0
183,181,6,0.1,1.5,1.1,0.2,0,0,1
183,182,4,0,1,0.8,0.1,0,0,1
183,191,13,0,4.3,0.5,1,0,0,1
183,192,2,0,0.7,0.1,0.1,0,0,1
183,195,2,0,0.3,0.4,0.1,0,0,1
183,196,7,0,1.2,1.4,0.4,0,0,1
183,200,2,0,0.4,0.4,0,0,0,1
183,225,14,0.4,2.1,3,0.6,0.1,0,1
183,226,41,3,0,7,17,0,0,0
183,227,25,0.7,3.7,5.4,1.2,0.1,0,1
183,228,20,0.5,3,4.3,1,0.1,0,1
183,229,4,0.1,0.6,0.9,0.2,0,0,1
184,2,1,0,0,0.1,0.3,0,0,1
184,3,7,0,0,0.8,1.7,0,0,1
184,6,2,0,0,0.2,0.5,0,0,1
184,15,5,0.2,0.5,1.3,0.7,0.3,0,1
184,29,1,0,0,0.3,0,0,0,1
184,35,4,0.1,0.1,0.9,0.4,0,0,1
184,36,2,0,0,0.5,0.2,0,0,1
184,61,6,0,1.6,0.4,0,0,0,1
184,63,14,0,3.7,0.9,0,0.1,0,1
184,64,20,0,5.2,1.3,0,0.2,0,1
184,65,116,0,0,38,0,0,21,0
184,66,70,0,2,24,0,0,15,0
184,67,141,2,4,38,0,1,18,0
184,71,18,0,3.9,2.1,0.6,0,0,1
184,72,6,0,1.3,0.7,0.2,0,0,1
184,73,2,0,0.4,0.2,0.1,0,0,1
184,75,2,0,0.3,0.3,0,0.2,0,1
184,76,12,0,2,1.7,0,0.9,0,1
184,77,2,0,0.3,0.3,0,0.2,0,1
184,78,11,0,1.8,1.6,0,0.8,0,1
184,86,3,0.1,0.2,0.3,0.1,0.1,0,1
184,95,1,0,0.2,0.2,0,0,0,1
184,100,10,0.6,1.4,1.5,0,0.1,0,1
184,101,8,0.4,1.1,1.2,0,0.1,0,1
184,103,10,0.6,1.4,1.5,0,0.1,0,1
184,104,15,0.8,2,2.3,0,0.2,0,1
184,113,1,0,0.1,0.3,0,0,0,1
184,114,7,0,0.7,1.9,0,0,0,1
184,115,5,0,1.4,0.7,0.3,0,0,1
184,141,28,0,1,1,11,0,0,0
184,142,33,0,4,6,1,0,0,0
184,143,48,0,7,12,0,0,0,0
184,144,60.5,0,8,21,2,0,0,0
184,145,23.5,0,0.5,7.2,0,0,0,1
184,156,3,0.3,0.5,0.3,0.2,0,0,1
184,170,36,0,1,12,0,0,0,0
184,171,51,0,1,17,0,0,0,0
184,172,30,0,5,9,0,0,0,0
184,173,20,0.4,1.1,5.9,0,0.1,0,1
184,174,39,0,8,10,0,0,0,0
184,175,14,0.4,1.7,3.8,0.4,0,0,1
184,176,9,0.3,1.1,2.5,0.2,0,0,1
184,177,16,0.4,2,4.4,0.4,0,0,1
184,178,2,0.1,0.2,0.5,0.1,0,0,1
184,179,3,0.1,0.4,0.8,0.1,0,0,1
184,180,10,0.1,2.5,2,0.3,0,0,1
184,181,14,0.2,3.5,2.7,0.4,0,0,1
184,182,4,0,1,0.8,0.1,0,0,1
184,187,1,0,0.3,0.2,0,0,0,1
184,189,3,0,0.8,0.6,0.1,0,0,1
184,190,3,0,1,0.1,0.2,0,0,1
184,191,2,0,0.7,0.1,0.1,0,0,1
184,194,2,0,0.7,0.1,0.1,0,0,1
184,195,3,0,0.5,0.6,0.2,0,0,1
184,196,3,0,0.5,0.6,0.2,0,0,1
184,204,3,0.1,0.5,0.6,0,0,0,1
184,225,13,0.4,1.9,2.8,0.6,0.1,0,1
184,226,56,0,7,7,20,0,2,0
184,227,6,0.2,0.9,1.3,0.3,0,0,1
184,229,3.5,0.1,0.5,0.8,0.2,0,0,1
184,231,2,0,0.6,0.3,0.1,0,0,1
184,253,6,0.3,0.7,1.2,1.2,0,0,1
184,254,13,0.5,1.6,2.6,2.6,0,0,1
184,255,7,0,0.8,1.5,0.5,0,0,1
185,15,3,0.1,0.3,0.8,0.4,0.2,0,1
185,26,5,0.1,0.1,1.3,0.1,0.1,0,1
185,29,63,0,0,16,0,0,2,0
185,30,4,0.1,0.1,0.9,0.4,0,0,1
185,33,1,0,0,0.3,0.1,0,0,1
185,37,3,0,0.1,0.7,0.3,0,0,1
185,49,4,0.3,0.2,0.2,0.5,0.1,0,1
185,51,5,0.5,0.6,0.6,0.2,0,0,1
185,61,6,0,0.7,1.3,0.4,0,0,1
185,63,4,0,0.5,0.9,0.2,0,0,1
185,65,2,0,0.3,0.4,0.1,0,0,1
185,66,2,0,0.3,0.4,0.1,0,0,1
185,67,58.5,0,11,9,0,0,0,0
185,68,14,0,1.7,3,0.8,0,0,1
185,70,13,0.8,1.8,1.5,0.7,0,0,1
185,71,38.5,3,3,6,2,0,0,0
185,72,47,0,7,11,0,0,0,0
185,73,83,0,9,16,2,0,0,0
185,74,8,0.5,1.1,0.9,0.4,0,0,1
185,76,2,0.1,0.6,0,0.1,0,0,1
185,77,17,0.5,5.3,0.2,0.4,0,0,1
185,78,25,0.8,7.8,0.3,0.5,0,0,1
185,79,2,0.1,0.6,0,0.1,0,0,1
185,94,4,0,0.8,0.9,0,0,0,1
185,96,2,0.2,0.1,0.4,0.1,0,0,1
185,97,6,0.4,0.3,1.2,0.4,0,0,1
185,99,30,0,2,10,0,0,0,0
185,100,84,1,10,26,0,0,0,0
185,101,122,2,36,12,0,0,0,0
185,102,14,0,4.3,1.2,0,0,0,1
185,103,31,0,9.5,2.6,0,0,0,1
185,104,19,0,9,2,0,0,0,0
185,107,3,0,1.2,0.1,0,0,0,1
185,109,1,0,0.4,0,0,0,0,1
185,112,1,0,0.3,0.1,0.1,0,0,1
185,140,8,0.7,1.2,1.3,0.7,0,0,1
185,141,169.5,6,8,18,47,0,0,0
185,142,65,3,3,6,20,0,0,0
185,143,35,2,7,3,1,1,0,0
185,144,17,1.5,2.7,2.7,1.5,0,0,1
185,145,3,0,0.1,0.9,0,0,0,1
185,170,1,0,0.3,0.2,0,0,0,1
185,171,13,0.1,4,1.8,0,0,0,1
185,172,22,0.2,6.7,3.1,0,0,0,1
185,173,13,0.1,4,1.8,0,0,0,1
185,174,1,0,0.3,0.2,0,0,0,1
185,175,5,0.3,1.1,1,0,0,0,1
185,176,11.5,0.7,2.6,2.2,0,0,0,1
185,181,4,0,1,0.8,0.1,0,0,1
185,191,6,0,1,1.2,0.3,0,0,1
185,196,4,0,0.7,0.8,0.2,0,0,1
185,200,11,0.2,1.9,2.2,0.2,0,0,1
185,201,6,0.1,1,1.2,0.1,0,0,1
185,225,5,0.1,0.9,0.9,0.1,0,0,1
185,226,28.5,0,1,7,3,0,0,0
185,227,2,0,0.3,0.4,0.1,0,0,1
185,231,3,0,0.9,0.4,0.1,0,0,1
185,253,4,0,0.8,0.8,0.3,0,0,1
185,254,21,0,4.2,4.2,1.7,0,0,1
185,255,16,0.2,1.4,4.2,0.5,0,0,1
186,20,1,0,0,0.3,0,0,0,1
186,27,13,0.1,0.4,3.4,0.2,0.3,0,1
186,29,85,0,0,44,0,0,0,0
186,30,312,0,0,107,0,1,71,0
186,31,53,0,0,16,0,0,0,0
186,32,15,0.2,0.2,3.5,1.6,0,0,1
186,36,3,0,0.1,0.7,0.3,0,0,1
186,49,7,0.6,0.3,0.4,0.9,0.1,0,1
186,50,3,0.3,0.4,0.4,0.1,0,0,1
186,59,6,0.6,0.7,0.8,0.2,0,0,1
186,69,5,0,0.6,1.1,0.3,0,0,1
186,70,2,0.1,0.3,0.2,0.1,0,0,1
186,71,56.5,0,2,18,2,0,0,0
186,72,30.5,2,5,2,3,2,0,0
186,73,99.5,1,2,37,1,0,23,0
186,74,151.5,0,1,46,0,0,6,0
186,75,73,0,2,21,0,0,0,0
186,76,30,0,3,10,0,0,0,0
186,77,10,0.4,3.1,0.1,0.2,0,0,1
186,78,3,0.1,0.9,0,0.1,0,0,1
186,84,8,0.3,0.4,0.7,0.4,0.3,0,1
186,85,8,0.3,0.4,0.7,0.4,0.3,0,1
186,99,21,1.5,1,4.3,1.4,0,0,1
186,100,53,1,3,14,2,0,0,0
186,101,172.5,0,14,29,30,0,0,0
186,102,29,0,6,6,0,0,0,0
186,103,13,0,4,1.1,0,0,0,1
186,104,39,0,15,0,0,0,0,0
186,105,9,0,3.6,0.3,0,0,0,1
186,109,1,0,0.4,0,0,0,0,1
186,113,1,0,0.3,0.1,0.1,0,0,1
186,140,3,0.3,0.5,0.5,0.2,0,0,1
186,141,41.5,4,2,9,7,0,0,0
186,142,27,2,4,4,3,0,0,0
186,143,35,4,3,6,0,0,0,0
186,144,13,1.1,2.1,2.1,1.1,0,0,1
186,151,3,0.3,0.5,0.3,0.2,0,0,1
186,157,4,0.4,0.7,0.5,0.2,0,0,1
186,170,7,0.1,2.1,1,0,0,0,1
186,171,14,0.2,4.3,1.9,0,0,0,1
186,172,31,0,8,6,0,0,0,0
186,173,16,0.2,4.9,2.2,0,0,0,1
186,174,17,0.2,5.2,2.3,0,0,0,1
186,175,10,0.7,2.2,1.9,0,0,0,1
186,179,2,0.1,0.5,0.4,0,0,0,1
186,180,1,0,0.3,0.2,0,0,0,1
186,190,17,0,2.8,3.5,0.9,0,0,1
186,191,27,0,1,9,1,0,0,0
186,192,2,0,0.3,0.4,0.1,0,0,1
186,200,3,0.1,0.5,0.6,0,0,0,1
186,201,34,0,7,6,0,0,0,0
186,226,46,5,6,9,0,0,0,0
186,227,19,1,5,5,0,0,0,0
186,228,7.5,0.1,1.3,1.4,0.2,0,0,1
186,255,2,0,0.2,0.5,0.1,0,0,1
187,12,6,0.3,0.6,1.5,0.9,0.3,0,1
187,18,2,0.1,0.2,0.5,0.3,0.1,0,1
187,19,2,0.1,0.2,0.5,0.3,0.1,0,1
187,26,3,0,0.1,0.8,0,0.1,0,1
187,27,50,0,0,17,0,0,0,0
187,28,10,0.1,0.3,2.6,0.2,0.2,0,1
187,29,184.5,0,0,59,0,0,20,0
187,30,116,0,0,31,0,1,0,0
187,31,62,0,0,20,0,0,0,0
187,33,1,0,0,0.3,0.1,0,0,1
187,41,2,0.2,0.1,0.1,0.3,0,0,1
187,70,34,2,2,3,5,2,0,0
187,71,143,0,0,41,0,0,0,0
187,72,106,0,8,27,0,0,0,0
187,73,107.5,2,7,27,0,2,0,0
187,74,113,1,11,35,0,0,20,0
187,75,117,1,14,26,0,0,0,0
187,76,93,0,15,18,0,0,0,0
187,77,16,0.5,5,0.2,0.3,0,0,1
187,79,2,0.1,0.6,0,0.1,0,0,1
187,96,2.5,0.2,0.1,0.5,0.2,0,0,1
187,97,1,0.1,0,0.2,0.1,0,0,1
187,98,6,0.4,0.3,1.2,0.4,0,0,1
187,99,3,0.2,0.2,0.6,0.2,0,0,1
187,100,51.5,0,3,8,11,1,0,0
187,101,168,10,5,9,55,0,0,0
187,102,71.5,0,1,18,0,0,0,0
187,103,13,0,4,1.1,0,0,0,1
187,104,53,0,18,1,0,0,0,0
187,105,44.5,0,17,2,0,0,0,0
187,113,4.5,0,1.3,0.6,0.2,0,0,1
187,140,2,0.2,0.3,0.3,0.2,0,0,1
187,142,13,1.1,2.1,2.1,1.1,0,0,1
187,143,12,1.1,1.9,1.9,1,0,0,1
187,144,2,0.2,0.3,0.3,0.2,0,0,1
187,158,1,0.1,0.2,0.1,0,0,0,1
187,170,2,0,0.6,0.3,0,0,0,1
187,171,3,0.1,0.9,0.4,0,0,0,1
187,172,8,0.1,2.4,1.1,0,0,0,1
187,173,25,0.3,7.6,3.5,0,0,0,1
187,174,16,0.2,4.9,2.2,0,0,0,1
187,175,3,0.2,0.6,0.6,0,0,0,1
187,190,1,0,0.2,0.2,0,0,0,1
187,191,9,0,1.5,1.8,0.5,0,0,1
187,200,23,0.3,4,4.7,0.3,0,0,1
187,201,43,0,12,7,1,1,0,0
187,219,2,0,0.1,0.5,0.2,0,0,1
187,220,1,0,0.2,0.2,0.1,0,0,1
187,225,10,0.1,1.8,1.8,0.3,0,0,1
187,226,25,2,7,3,0,0,0,0
187,227,22,4,6,2,0,0,0,0
187,228,21,0.2,3.8,3.8,0.6,0,0,1
188,0,5,0,0,0.6,1.2,0,0,1
188,5,12,0,0,1.4,2.8,0,0,1
188,27,82,0,0,26,0,2,0,0
188,28,31,0.3,0.8,8.1,0.6,0.6,0,1
188,29,138,0,0,46,0,0,0,0
188,30,117.5,0,1,39,0,0,0,0
188,31,27,0.3,0.3,6.3,3,0,0,1
188,32,14,0.2,0.2,3.3,1.5,0,0,1
188,35,2,0,0,0.5,0.2,0,0,1
188,43,4,0.3,0.2,0.2,0.5,0.1,0,1
188,70,12.5,0.7,1.8,1.4,0.7,0,0,1
188,71,78,0,2,16,4,0,0,0
188,72,96,6,4,14,14,1,0,0
188,73,277.5,5,12,33,72,0,0,0
188,74,253,5,17,38,45,1,0,0
188,75,37,0,14,2,1,0,0,0
188,76,66,0,9,13,0,0,0,0
188,77,2,0.1,0.6,0,0.1,0,0,1
188,78,4,0.1,1.3,0,0.1,0,0,1
188,79,3,0.1,0.9,0,0.1,0,0,1
188,96,1,0.1,0,0.2,0.1,0,0,1
188,100,85,0,5,16,27,0,0,0
188,101,182,2,14,33,43,0,17,0
188,102,82,1,3,29,6,0,0,0
188,103,6,0,1.8,0.5,0,0,0,1
188,104,75,1,24,3,0,0,0,0
188,105,34.5,0,13.6,1.4,0,0,0,1
188,113,3,0,0.9,0.4,0.1,0,0,1
188,140,14,1.2,2.2,2.3,1.2,0,0,1
188,141,22,6,2,2,2,0,0,0
188,143,2,0.2,0.3,0.3,0.2,0,0,1
188,146,4,0,0.1,1.2,0,0,0,1
188,173,13,0.1,4,1.8,0,0,0,1
188,174,9,0.1,2.7,1.3,0,0,0,1
188,190,9,0,1.5,1.8,0.5,0,0,1
188,200,10,0.2,1.7,2,0.2,0,0,1
188,201,39,0,5,9,0,0,0,0
188,219,4,0,0.2,1,0.4,0,0,1
188,220,7,0.2,1.5,1.3,0.5,0,0,1
188,225,16,0.1,2.9,2.9,0.5,0,0,1
188,226,13,0.2,2.3,2.3,0.4,0,0,1
188,227,17,0.2,3,3.1,0.5,0,0,1
188,228,7,0.1,1.2,1.3,0.2,0,0,1
189,0,14,0,0,1.6,3.3,0,0,1
189,18,2,0.1,0.2,0.5,0.3,0.1,0,1
189,27,27,0.2,0.8,7.1,0.5,0.5,0,1
189,28,57,0,1,17,0,0,0,0
189,29,43,0,9,7,0,0,0,0
189,30,65,1,12,12,0,0,0,0
189,31,192,0,71,10,0,0,59,0
189,35,2,0,0,0.5,0.2,0,0,1
189,45,4,0.3,0.2,0.2,0.5,0.1,0,1
189,47,4,0.3,0.2,0.2,0.5,0.1,0,1
189,57,3,0.3,0.4,0.4,0.1,0,0,1
189,58,5,0.5,0.6,0.6,0.2,0,0,1
189,70,43,0,0,12,0,0,0,0
189,71,162.5,0,0,45,0,0,0,0
189,72,137,1,5,29,15,0,0,0
189,73,274,7,12,47,57,1,0,0
189,74,137,11,17,9,32,0,0,0
189,75,113.5,0,29,10,0,0,0,0
189,76,56,0,7,13,0,0,0,0
189,77,4,0.1,1.3,0,0.1,0,0,1
189,80,3,0.1,0.2,0.3,0.1,0.1,0,1
189,99,1,0.1,0,0.2,0.1,0,0,1
189,100,70,0,17,7,0,0,0,0
189,101,79,5,21,8,0,0,0,0
189,102,92,3,22,14,0,1,0,0
189,103,5,0,1.5,0.5,0,0,0,1
189,105,2,0,0.8,0.1,0,0,0,1
189,140,5,0.5,0.8,0.8,0.4,0,0,1
189,141,15,1.3,2.4,2.4,1.3,0,0,1
189,143,4,0.4,0.6,0.6,0.4,0,0,1
189,144,16,1.4,2.5,2.6,1.4,0,0,1
189,188,2,0,0.5,0.4,0.1,0,0,1
189,190,9,0,1.5,1.8,0.5,0,0,1
189,191,5,0,0.8,1,0.3,0,0,1
189,199,1,0,0.2,0.2,0,0,0,1
189,200,11,0.2,1.9,2.2,0.2,0,0,1
189,201,47,3,7,3,9,1,0,0
189,219,19,0,0.8,4.9,1.9,0,0,1
189,220,6,0.2,1.3,1.1,0.4,0,0,1
189,228,2,0,0.3,0.4,0.1,0,0,1
190,18,7,0.2,0.7,0.5,1.7,0.2,0,1
190,27,75,0,12,18,1,0,0,0
190,28,97.5,5,18,12,6,0,0,0
190,29,24,1.3,5,2.1,1.7,0,0,1
190,31,27,0.9,1.3,6.3,0.2,1.6,0,1
190,32,15,0.5,0.8,3.5,0.1,0.9,0,1
190,33,19,0.6,1,4.4,0.2,1.1,0,1
190,35,4,0,0.2,1.4,0,0,0,1
190,47,2,0.2,0.2,0.3,0.1,0,0,1
190,50,3,0.7,0.2,0.2,0.1,0,0,1
190,57,4,0.9,0.3,0.2,0.2,0,0,1
190,58,4,0.9,0.3,0.2,0.2,0,0,1
190,70,46,0,5,5,3,0,0,0
190,71,85,1,14,13,0,0,0,0
190,72,31,3,3,5,1,0,0,0
190,73,68,2,1,17,2,0,0,0
190,74,99,1,7,24,1,1,0,0
190,75,117,8,12,22,1,0,0,0
190,76,41,1,11,5,0,0,0,0
190,77,1,0,0.2,0.1,0.1,0,0,1
190,78,3,0,0.5,0.3,0.3,0.1,0,1
190,84,1,0.1,0.1,0.1,0.1,0,0,1
190,100,22,2,3.3,3.3,0.3,0.3,0,1
190,101,90.5,1,2,27,0,0,0,0
190,102,54,1,20,5,0,0,0,0
190,103,14,1.3,2.1,2.1,0.2,0.2,0,1
190,111,5,0.1,1.1,0.5,0,0,0,1
190,140,3,0.1,0.8,0.4,0.1,0,0,1
190,141,8,0.3,2.1,1,0.3,0,0,1
190,143,8,0.3,2.1,1,0.3,0,0,1
190,144,25,1,6.7,3,1,0,0,1
190,145,1,0.1,0.2,0.1,0,0,0,1
190,178,6,0,1,1.1,0.9,0,0,1
190,189,2,0,0.3,0.5,0,0,0,1
190,190,6,0,0.5,1.9,0.3,0,0,1
190,191,9,0,0.8,2.8,0.5,0,0,1
190,192,2,0,0.2,0.6,0.1,0,0,1
190,200,21,0,1.4,2.1,7,0,0,1
190,201,100.5,1,4,8,26,2,0,0
190,218,1,0.1,0.1,0.2,0.1,0,0,1
190,219,46,1,3,6,10,1,0,0
190,220,4,0.1,0.6,0.1,1.3,0,0,1
190,222,4,0.1,0.6,0.1,1.3,0,0,1
190,225,3,0,0.9,0.4,0.1,0,0,1
190,255,1,0,0.1,0.3,0,0,0,1
191,0,2,0,0,0.2,0.6,0,0,1
191,25,2,0.1,0.4,0.2,0.1,0,0,1
191,27,51,0,23,1,0,0,0,0
191,28,153,3,31,18,23,0,0,0
191,29,237,5,9,19,77,0,0,0
191,30,56,2,2,8,19,0,0,0
191,31,53,5,2,3,13,0,0,0
191,32,53.5,4,2,11,7,0,0,0
191,33,26,0.9,1.3,6.1,0.2,1.5,0,1
191,34,40,0,0,12,0,0,0,0
191,37,3,0,0.1,1.1,0,0,0,1
191,45,5,0.5,0.6,0.6,0.2,0,0,1
191,48,1,0.1,0.1,0.1,0.1,0,0,1
191,50,1,0.2,0.1,0.1,0,0,0,1
191,55,12,2.8,0.9,0.6,0.6,0,0,1
191,70,2,0.1,0.5,0.3,0,0,0,1
191,71,93.5,2,27,9,0,0,0,0
191,72,10,0.2,2.4,1.6,0.1,0,0,1
191,73,24,0.5,5.8,3.7,0.3,0,0,1
191,74,34,0,5,6,0,1,0,0
191,75,20,0.3,3.5,1.8,1.8,0.3,0,1
191,78,7,0.1,1.3,0.6,0.6,0.1,0,1
191,82,3,0.4,0.3,0.2,0.2,0,0,1
191,100,5,0.5,0.7,0.7,0.1,0.1,0,1
191,101,95,2,1,28,0,0,0,0
191,102,73,5,2,26,0,0,0,0
191,103,26,0,12,2,0,0,0,0
191,121,2,0.1,0.3,0.3,0,0,0,1
191,140,1,0.1,0.3,0.1,0,0,0,1
191,143,2,0.1,0.5,0.2,0.1,0,0,1
191,144,1,0.1,0.3,0.1,0,0,0,1
191,177,2,0,0.3,0.4,0.3,0,0,1
191,178,2,0,0.3,0.4,0.3,0,0,1
191,188,6,0,1,1.3,0.1,0,0,1
191,189,3,0,0.5,0.7,0,0,0,1
191,190,38,1,4,2,14,0,0,0
191,200,3,0,0.2,0.3,1,0,0,1
191,201,41.5,0,1,12,6,0,0,0
191,216,2,0.1,0.3,0.4,0.2,0,0,1
191,218,2,0.1,0.3,0.4,0.2,0,0,1
191,219,27,0,0,1,12,0,0,0
191,220,14,0.5,1.9,0.5,4.3,0,0,1
191,222,3,0.1,0.4,0.1,1,0,0,1
192,7,8,0,0,0.8,2.5,0,0,1
192,19,5,0.1,0.5,0.4,1.2,0.2,0,1
192,20,14,0,1.5,2.5,0.2,0.2,0,1
192,26,5,0.3,1.1,0.4,0.3,0,0,1
192,27,76,0,30,4,1,0,0,0
192,28,74,2,20,11,3,0,0,0
192,29,321.5,12,34,20,82,2,2,0
192,30,303,3,15,36,99,3,0,0
192,31,100,5,8,18,15,0,0,0
192,32,6,0.2,0.3,1.4,0,0.4,0,1
192,33,40,0,5,10,0,0,0,0
192,34,66,0,1,24,0,0,0,0
192,68,2,0.1,0.2,0.6,0,0,0,1
192,70,11,0.2,2.7,1.7,0.1,0,0,1
192,71,25,0.6,6,3.8,0.3,0,0,1
192,74,3,0.1,0.7,0.5,0,0,0,1
192,77,5,0.1,0.9,0.4,0.4,0.1,0,1
192,83,3,0.4,0.3,0.2,0.2,0,0,1
192,101,39,2,0,10,0,0,0,0
192,102,41,7,2,12,0,0,0,0
192,144,1,0.1,0.3,0.1,0,0,0,1
192,149,4,0.4,0.7,0.5,0.2,0,0,1
192,167,1,0,0.2,0.2,0.1,0,0,1
192,184,4,0.2,0.2,0.1,1.3,0.1,0,1
192,189,20.5,0,3.3,4.6,0.4,0,0,1
192,190,12,0,1.1,3.8,0.6,0,0,1
192,191,4,0,0.4,1.2,0.2,0,0,1
192,201,6,0,0.4,0.6,2,0,0,1
192,219,20,0.9,2.7,4.1,2.3,0,0,1
192,220,1,0,0.2,0,0.3,0,0,1
192,222,1,0,0.2,0,0.3,0,0,1
192,224,2,0,0.3,0.1,0.6,0,0,1
192,225,3,0,0.9,0.4,0.1,0,0,1
192,245,4,0,0.4,0.6,0.4,0,0,1
192,249,5,0,0.5,0.8,0.4,0,0,1
192,254,1,0,0.1,0.3,0,0,0,1
193,20,15,0,1.6,2.6,0.2,0.3,0,1
193,21,4,0,0.4,0.7,0.1,0.1,0,1
193,24,3,0,0.3,0.5,0,0.1,0,1
193,25,1,0,0.2,0.1,0.1,0,0,1
193,26,91,0,30,3,0,0,0,0
193,27,102,0,17,23,0,0,0,0
193,28,73.5,2,9,13,7,0,0,0
193,29,162.5,2,13,10,60,0,0,0
193,30,182,5,5,10,60,1,0,0
193,31,54.5,2,3,7,11,0,0,0
193,32,2,0.1,0.1,0.5,0,0.1,0,1
193,33,78,2,3,23,0,0,0,0
193,34,65,0,6,18,0,0,0,0
193,35,4,0,0.2,1.4,0,0,0,1
193,39,3,0,0.1,1.1,0,0,0,1
193,69,2,0.1,0.2,0.6,0,0,0,1
193,74,2,0.1,0.5,0.3,0,0,0,1
193,102,7,0.6,1,1.1,0.1,0.1,0,1
193,140,5,0.2,1.3,0.6,0.2,0,0,1
193,141,5,0.2,1.3,0.6,0.2,0,0,1
193,154,2,0.1,0.1,0.4,0.1,0,0,1
193,155,48,0,5,10,4,0,0,0
193,156,8,0.2,1,1.5,0.5,0,0,1
193,182,4,0.2,0.2,0.1,1.3,0.1,0,1
193,184,7,0.3,0.3,0.2,2.3,0.2,0,1
193,185,44,0,0,18,0,1,0,0
193,189,5,0,0.8,1.1,0.1,0,0,1
193,190,9.5,0,0.8,3,0.5,0,0,1
193,191,30.5,0,0,12,0,0,0,0
193,217,2,0.1,0.3,0.4,0.2,0,0,1
193,218,2,0.1,0.3,0.4,0.2,0,0,1
193,245,12,0,1.3,1.8,1,0,0,1
193,246,14,0,1.5,2.1,1.2,0,0,1
193,247,26,0,2.8,4,2.1,0,0,1
194,19,12,0.3,1.3,1,2.8,0.3,0,1
194,20,5,0,0.5,0.9,0.1,0.1,0,1
194,21,45,2,6,8,0,0,0,0
194,22,9,0,0.9,1.6,0.1,0.2,0,1
194,24,7,0,0.8,1.2,0.1,0.1,0,1
194,25,39,0,7,7,0,0,0,0
194,26,72,0,25,8,0,0,0,0
194,27,127,0,49,2,0,0,0,0
194,28,25,1.3,5.3,2.2,1.7,0,0,1
194,29,26,6,4,1,0,0,0,0
194,30,103.5,14,21,9,1,0,0,0
194,31,93,11,12,13,5,0,0,0
194,32,83,4,14,15,2,0,0,0
194,33,92,0,5,27,0,0,0,0
194,34,25,0.8,1.3,5.8,0.2,1.5,0,1
194,43,7,0.7,0.9,0.9,0.2,0,0,1
194,49,5,0.5,0.6,0.6,0.2,0,0,1
194,64,2,0.1,0.2,0.6,0,0,0,1
194,71,7,0.1,1.7,1.1,0.1,0,0,1
194,72,5,0.1,1.2,0.8,0,0,0,1
194,74,2,0.1,0.5,0.3,0,0,0,1
194,103,7,0.6,1,1.1,0.1,0.1,0,1
194,104,2,0.2,0.3,0.3,0,0,0,1
194,108,2,0.2,0.3,0.3,0,0,0,1
194,117,5,0.1,1.1,0.5,0,0,0,1
194,140,10,0.4,2.7,1.2,0.4,0,0,1
194,142,4,0.2,1.1,0.5,0.1,0,0,1
194,143,2,0.1,0.5,0.2,0.1,0,0,1
194,148,1,0.1,0.2,0.1,0,0,0,1
194,149,3,0.3,0.5,0.3,0.2,0,0,1
194,150,1,0,0.1,0.2,0.1,0,0,1
194,151,9.5,0.2,0.7,2.1,0.5,0,0,1
194,154,11,0.2,0.8,2.4,0.6,0,0,1
194,155,38,0.8,4.7,7.1,2.4,0,0,1
194,156,68,0,2,16,5,0,0,0
194,157,2,0,0.3,0.4,0.1,0,0,1
194,175,4,0,0.6,0.8,0.6,0,0,1
194,177,2,0,0.3,0.4,0.3,0,0,1
194,178,7,0,1.1,1.3,1.1,0,0,1
194,184,25,1.3,1.3,0.6,8.1,0.6,0,1
194,185,32,0,4,10,0,0,0,0
194,186,10,0,1.6,2.2,0.2,0,0,1
194,189,3,0,0.5,0.7,0,0,0,1
194,190,6,0,0.5,1.9,0.3,0,0,1
194,191,24,0,2.2,7.5,1.3,0,0,1
194,218,1,0.1,0.1,0.2,0.1,0,0,1
194,244,3,0,0.3,0.5,0.2,0,0,1
194,245,4,0,0.4,0.6,0.4,0,0,1
194,246,11.5,0,1.2,1.8,0.9,0,0,1
194,247,5,0,0.5,0.8,0.4,0,0,1
195,2,17,0,0,1.7,5.3,0,0,1
195,12,5,0.1,0.5,0.4,1.2,0.2,0,1
195,19,6,0.1,0.6,0.5,1.4,0.2,0,1
195,20,4,0.7,0.2,0.6,0.2,0,0,1
195,21,6,1,0.4,0.9,0.2,0,0,1
195,22,13,2.2,0.8,1.9,0.5,0,0,1
195,23,4,0.7,0.2,0.6,0.2,0,0,1
195,24,10,1.7,0.6,1.5,0.4,0,0,1
195,26,10,0.2,1.7,0.9,0.5,0,0,1
195,27,12,0.3,2,1.1,0.6,0,0,1
195,28,13,0.3,2.2,1.2,0.6,0,0,1
195,29,112,0,2,31,0,0,0,0
195,30,52.5,1,5,9,2,0,0,0
195,31,101,1,17,14,4,0,0,0
195,32,89,2,20,8,7,0,0,0
195,33,118,0,7,32,0,0,0,0
195,34,116,0,0,38,0,1,0,0
195,35,18,0,0.9,6.4,0,0,0,1
195,44,3,0.3,0.4,0.4,0.1,0,0,1
195,70,14,0.2,2.5,1.2,1.2,0.3,0,1
195,71,7,0.1,1.3,0.6,0.6,0.1,0,1
195,91,6,0.8,0.6,0.3,0.5,0,0,1
195,117,10,0.2,2.5,1,0,0,0,1
195,118,5,0.1,1.2,0.5,0,0,0,1
195,119,27,1,4,3,4,0,0,0
195,120,41,0,2,2,20,0,0,0
195,121,20,0.4,2.7,3.2,0.4,0,0,1
195,140,13.5,1.2,1.8,2.8,0,0,0,1
195,151,6,0.1,0.4,1.3,0.4,0,0,1
195,152,1,0,0.1,0.2,0.1,0,0,1
195,153,12,0.3,0.8,2.6,0.7,0,0,1
195,154,48,3,3,12,0,0,0,0
195,155,89,0,6,29,0,0,0,0
195,156,77,0,0,25.5,0.9,0,0,1
195,157,2,0,0,0.7,0,0,0,1
195,175,12,0.2,1.3,2.2,0.7,0.1,0,1
195,176,5,0.1,0.5,0.9,0.3,0.1,0,1
195,177,14,0.2,1.5,2.5,0.9,0.1,0,1
195,178,39,0,2,5,6,1,0,0
195,183,1,0,0.1,0.3,0,0,0,1
195,184,24,1,7,6,1,0,0,0
195,185,26,0,3,8,0,0,0,0
195,186,11,0,0.9,3.6,0,0,0,1
195,191,4,0,0.4,1.2,0.2,0,0,1
195,230,2,0,0.6,0.3,0.1,0,0,1
195,243,8,0,0.7,1.7,0.3,0,0,1
195,244,16,0,1.5,3.3,0.6,0,0,1
195,245,8,0.2,0.9,1.5,0.3,0,0,1
195,246,11,0.3,1.2,2,0.5,0.1,0,1
195,247,3,0.1,0.3,0.6,0.1,0,0,1
196,7,2,0,0,0.2,0.6,0,0,1
196,21,3,0.5,0.2,0.4,0.1,0,0,1
196,22,1,0.2,0.1,0.1,0,0,0,1
196,23,4,0.7,0.2,0.6,0.2,0,0,1
196,28,5,0.1,0.8,0.5,0.3,0,0,1
196,29,56,0,0,17,0,0,0,0
196,30,87,0,1,30,0,0,0,0
196,31,107.5,0,7,29,0,0,0,0
196,32,123,0,3,43,0,0,24,0
196,33,20,0,0.4,5.8,0,0,0,1
196,34,60.5,0,1,19,0,0,0,0
196,35,59,2,6,13,2,0,0,0
196,91,3,0.4,0.3,0.2,0.2,0,0,1
196,117,34,0,1,11,0,1,0,0
196,118,45,0,5,11,2,0,0,0
196,119,77,3,0,12,16,0,0,0
196,120,219,5,5,30,54,0,0,0
196,121,35.5,1,5,5,1,0,0,0
196,122,4,0.1,0.5,0.6,0.1,0,0,1
196,140,9,0.8,1.2,1.9,0,0,0,1
196,153,9,0.2,0.6,2,0.5,0,0,1
196,154,23.5,0.5,1.6,5.1,1.4,0,0,1
196,155,8,0,0,2.6,0.1,0,0,1
196,156,3.5,0,0,1.2,0,0,0,1
196,176,6,0.1,0.6,1.1,0.4,0,0,1
196,177,2,0,0.2,0.4,0.1,0,0,1
196,183,10,0,1.1,2.8,0.2,0,0,1
196,184,38.5,0,4.1,10.9,0.7,0,0,1
196,185,10,0,0.8,3.3,0,0,0,1
196,186,23,0,1.9,7.5,0,0,0,1
196,218,1,0.1,0.1,0.2,0.1,0,0,1
196,229,4,0,1.2,0.6,0.1,0,0,1
196,243,4,0,0.4,0.8,0.1,0,0,1
196,244,40,0,0,11,0,0,0,0
196,245,23,0.7,2.6,4.2,0.9,0.1,0,1
196,246,48,2,5,4,9,0,0,0
196,247,5,0.1,0.6,0.9,0.2,0,0,1
196,250,2,0,0.3,0.5,0.1,0,0,1
196,251,5,0,0.6,1.3,0.3,0,0,1
196,253,3,0,0.4,0.8,0.1,0,0,1
196,255,11,0,1.4,1.9,1.1,0,0,1
197,30,3,0,0,0.9,0,0,0,1
197,31,21,0,0.5,6.1,0,0,0,1
197,32,4,0,0.1,1.1,0,0,0,1
197,35,2,0,0.1,0.7,0,0,0,1
197,36,2,0,0.1,0.7,0,0,0,1
197,45,6,0.6,0.7,0.8,0.2,0,0,1
197,59,4,0.9,0.3,0.2,0.2,0,0,1
197,60,2,0.1,0.2,0.6,0,0,0,1
197,61,3,0.1,0.2,1,0,0,0,1
197,80,7,0.9,0.7,0.4,0.5,0,0,1
197,87,6,0.8,0.6,0.3,0.5,0,0,1
197,91,4,0.5,0.4,0.2,0.3,0,0,1
197,113,8,0.2,1.8,0.8,0,0,0,1
197,114,3,0.1,0.6,0.3,0,0,0,1
197,115,3,0.1,0.7,0.3,0,0,0,1
197,116,25,0.4,6.2,2.6,0,0,0,1
197,117,26,0,6,5,0,0,0,0
197,118,44.5,1,8,8,0,0,0,0
197,119,48,0,7,13,1,0,0,0
197,120,44,0,4,9,3,0,0,0
197,121,27.5,0.6,3.7,4.3,0.6,0,0,1
197,122,2,0.1,0.3,0.3,0,0,0,1
197,140,3,0.3,0.4,0.6,0,0,0,1
197,141,8,0.7,1.1,1.6,0,0,0,1
197,142,4,0.3,0.6,0.8,0,0,0,1
197,147,4,0.4,0.7,0.5,0.2,0,0,1
197,154,2,0.1,0.1,0.4,0.1,0,0,1
197,177,9,0.2,0.9,1.6,0.6,0.1,0,1
197,179,3,0.1,0.3,0.5,0.2,0,0,1
197,182,4,0,0.4,1.1,0.1,0,0,1
197,184,2,0,0.2,0.6,0,0,0,1
197,186,5,0,0.4,1.6,0,0,0,1
197,225,1,0,0.3,0.2,0,0,0,1
197,240,2,0,0.2,0.4,0.1,0,0,1
197,242,4,0,0.4,0.8,0.1,0,0,1
197,243,18,0,1.7,3.8,0.6,0,0,1
197,244,18,0,1.7,3.8,0.6,0,0,1
197,245,53,1,6,7,10,0,0,0
197,246,100,5,1,10,33,1,0,0
197,247,27,0.8,3,4.9,1.1,0.2,0,1
197,248,14.5,0.4,1.6,2.6,0.6,0.1,0,1
197,249,27,3,3,6,0,0,0,0
197,250,2,0,0.3,0.5,0.1,0,0,1
197,251,4,0,0.5,1.1,0.2,0,0,1
197,253,7,0,0.8,1.9,0.4,0,0,1
197,254,16,0,1.9,4.3,0.9,0,0,1
198,21,3,0.5,0.2,0.4,0.1,0,0,1
198,37,1,0,0,0.4,0,0,0,1
198,51,4,0.9,0.3,0.2,0.2,0,0,1
198,53,1,0.2,0.1,0.1,0,0,0,1
198,54,4,0.9,0.3,0.2,0.2,0,0,1
198,57,10,2.3,0.7,0.6,0.5,0,0,1
198,60,12,0.4,0.9,3.8,0,0,0,1
198,80,4,0.5,0.4,0.2,0.3,0,0,1
198,100,4,0.3,0.6,0.6,0.1,0.1,0,1
198,115,7,0.1,1.7,0.8,0,0,0,1
198,116,38,0,6,7,0,2,0,0
198,117,43,0,10,8,0,0,0,0
198,118,49,2,8,10,0,0,0,0
198,119,80.5,2,11,18,0,0,0,0
198,120,28,0.6,3.8,4.4,0.6,0,0,1
198,121,32,0,6,5,0,0,0,0
198,141,12,1,1.7,2.5,0,0,0,1
198,148,2,0.2,0.4,0.2,0.1,0,0,1
198,152,3,0.1,0.2,0.6,0.2,0,0,1
198,174,2,0,0.3,0.4,0.3,0,0,1
198,175,28,0.5,2.9,5.1,1.7,0.2,0,1
198,176,22,1,4,7,1,0,0,0
198,177,48,2,5,5,8,0,0,0
198,178,30.5,0.5,3.2,5.5,1.9,0.3,0,1
198,218,2,0.1,0.3,0.4,0.2,0,0,1
198,243,21,0,4,7,0,0,0,0
198,244,10,0,0.9,2.1,0.4,0,0,1
198,245,21,0.6,2.3,3.8,0.9,0.1,0,1
198,246,14,0.4,1.6,2.5,0.6,0.1,0,1
198,247,5,0.1,0.6,0.9,0.2,0,0,1
198,248,35.5,0,4,6,1,0,0,0
198,249,21,1,8,2,0,0,0,0
198,250,2,0,0.3,0.5,0.1,0,0,1
198,253,10,0,1.2,2.7,0.6,0,0,1
198,254,8,0,1,2.2,0.4,0,0,1
199,15,3,0.1,0.3,0.2,0.7,0.1,0,1
199,29,2,0.1,0.3,0.2,0.1,0,0,1
199,37,5,0,0.2,1.8,0,0,0,1
199,54,7,1.6,0.5,0.4,0.4,0,0,1
199,55,2,0.5,0.1,0.1,0.1,0,0,1
199,62,5,0.2,0.3,1.6,0,0,0,1
199,85,2,0.3,0.2,0.1,0.1,0,0,1
199,103,4,0.3,0.6,0.6,0.1,0.1,0,1
199,111,9,0.3,2,0.8,0,0,0,1
199,112,2,0.1,0.4,0.2,0,0,0,1
199,113,32.5,2,7,2,0,0,0,0
199,116,53,0,5,13,0,0,0,0
199,117,43,0,5,11,0,0,0,0
199,118,7,0.1,1.7,0.8,0,0,0,1
199,119,79.5,0,11,14,0,2,0,0
199,120,63.5,0,14,10,0,0,0,0
199,141,7,0.6,1,1.4,0,0,0,1
199,143,1.5,0.1,0.2,0.3,0,0,0,1
199,147,4,0.4,0.7,0.5,0.2,0,0,1
199,151,3,0.1,0.2,0.6,0.2,0,0,1
199,153,4,0.1,0.3,0.9,0.2,0,0,1
199,175,5,0.1,0.5,0.9,0.3,0.1,0,1
199,176,39,0,5,14,0,0,0,0
199,177,29,0,4,5,2,0,0,0
199,178,1,0,0.1,0.2,0.1,0,0,1
199,180,1,0,0.1,0.3,0,0,0,1
199,217,6,0.3,0.8,1.2,0.7,0,0,1
199,218,5,0.2,0.7,1,0.6,0,0,1
199,242,1,0,0.1,0.2,0,0,0,1
199,243,5,0,0.5,1,0.2,0,0,1
199,245,12,0.4,1.3,2.2,0.5,0,0,1
199,246,28,1,2,7,1,0,0,0
199,247,24,0.7,2.7,4.3,1,0.1,0,1
199,248,14.5,0.4,1.6,2.6,0.6,0.1,0,1
199,249,16,0.5,1.8,2.9,0.6,0.1,0,1
200,6,10,0.3,0,0.9,3.8,0,0,1
200,29,13.5,0,0,0,5.4,0,0,1
200,37,6,0,0.7,0.4,1.4,0,0,1
200,39,8,0,0.9,0.5,1.9,0,0,1
200,48,14,0.6,0.8,2.6,1.2,0,0,1
200,49,5,0.2,0.3,0.9,0.5,0,0,1
200,50,2,0.3,0,0.3,0.1,0,0,1
200,51,16,2.3,0.3,2.3,0.5,0,0,1
200,52,4,0.6,0.1,0.6,0.1,0,0,1
200,80,5,0.5,0,1.2,0.3,0,0,1
200,84,3,0.3,0,0.7,0.2,0,0,1
200,95,6,1.1,0.2,0.7,0.2,0.6,0,1
200,102,4,0.6,0.1,0.4,0.6,0,0,1
200,103,5,0.8,0.1,0.5,0.7,0,0,1
200,106,2,0.3,0,0.2,0.3,0,0,1
200,111,1,0,0.2,0.2,0,0,0,1
200,115,2,0,0.3,0.5,0,0,0,1
200,116,76.5,0,2,20,0,0,0,0
200,117,27,0.6,3.7,6.2,0,0,0,1
200,119,15,0.3,2.1,3.4,0,0,0,1
200,120,27.5,1.4,0.9,6.8,0.4,0,0,1
200,121,4,0.2,0.1,1,0.1,0,0,1
200,141,5,0.4,0.4,0.8,0.2,0,0,1
200,142,4,0.3,0.3,0.6,0.2,0,0,1
200,143,1,0.1,0.1,0.2,0,0,0,1
200,144,2,0.1,0.2,0.3,0.1,0,0,1
200,147,7,0.3,0.5,1.6,0,0,0,1
200,176,17,1.2,4.6,1.3,0.4,0,0,1
200,177,14,1,3.8,1,0.3,0,0,1
200,178,6,0.4,1.6,0.4,0.2,0,0,1
200,179,3,0.2,0.8,0.2,0.1,0,0,1
200,217,25,0.1,1.9,5.2,2.4,0.2,0,1
200,218,10,0.1,0.7,2.1,0.9,0.1,0,1
200,219,1,0,0.1,0.2,0.1,0,0,1
200,220,2,0,0.2,0.3,0.4,0,0,1
200,240,4,0.2,0.7,0.4,0.3,0,0,1
200,241,2,0.1,0.3,0.2,0.2,0,0,1
200,245,10,0.4,1.8,1,0.9,0,0,1
200,246,12,0.5,2.2,1.2,1,0,0,1
200,247,15,0.5,2.8,1.5,1.3,0,0,1
200,248,14,0.5,2.6,1.4,1.2,0,0,1
200,249,2,0.1,0.3,0.2,0.2,0,0,1
200,254,2,0.1,0.2,0.3,0.4,0,0,1
201,4,3,0.1,0,0.3,1.1,0,0,1
201,7,1,0,0,0.1,0.4,0,0,1
201,36,5,0,0.6,0.3,1.2,0,0,1
201,39,3,0,0.3,0.2,0.7,0,0,1
201,40,3,0.1,0.2,0.6,0.2,0,0,1
201,42,3,0.1,0.2,0.6,0.2,0,0,1
201,48,2,0.1,0.1,0.4,0.1,0,0,1
201,52,24,3.4,0.4,3.4,0.9,0,0,1
201,53,4,0.6,0.1,0.6,0.1,0,0,1
201,90,4,0.8,0.1,0.5,0.1,0.4,0,1
201,94,4,0.8,0.1,0.5,0.1,0.4,0,1
201,115,5,0.1,0.7,1.1,0,0,0,1
201,116,43,0,7,7,0,0,0,0
201,117,3,0.1,0.4,0.7,0,0,0,1
201,137,3,0.1,0.1,0.7,0.1,0,0,1
201,145,2,0.1,0.1,0.5,0,0,0,1
201,147,6,0.3,0.4,1.3,0,0,0,1
201,201,1,0,0.1,0.2,0.1,0,0,1
201,217,14,0.1,1.1,2.9,1.3,0.1,0,1
201,218,8,0,0.6,1.7,0.8,0,0,1
201,219,4,0,0.3,0.9,0.4,0,0,1
201,230,4,0.1,1,0.1,1.1,0,0,1
201,231,2,0,0.5,0.1,0.5,0,0,1
201,248,2,0.1,0.3,0.2,0.2,0,0,1
201,249,2,0.1,0.3,0.2,0.2,0,0,1
201,254,6,0.3,0.5,1,1.3,0,0,1
201,255,15,0.3,1.4,2,1.4,0,0,1
202,4,3,0.1,0,0.3,1.1,0,0,1
202,13,2,0.1,0.1,0.3,0.2,0,0,1
202,49,4,0.2,0.2,0.8,0.3,0,0,1
202,52,4,0.6,0.1,0.6,0.1,0,0,1
202,85,4,0.4,0,1,0.2,0,0,1
202,96,1,0.2,0.1,0.1,0,0.1,0,1
202,97,11,2.1,0.4,1.4,0.3,1,0,1
202,114,2,0,0.3,0.5,0,0,0,1
202,115,5,0.1,0.7,1.1,0,0,0,1
202,116,25,0.6,3.4,5.7,0,0,0,1
202,142,3,0.2,0.2,0.5,0.2,0,0,1
202,144,4,0.3,0.3,0.6,0.2,0,0,1
202,145,4,0.2,0.3,0.9,0,0,0,1
202,147,23,1.1,1.5,5.2,0,0,0,1
202,149,7,0.3,0.5,1.6,0,0,0,1
202,150,36,0,7,8,0,0,0,0
202,151,3,0.1,0.3,0.6,0.1,0,0,1
202,152,6,0.2,0.5,1.3,0.1,0,0,1
202,201,9,0,0.7,1.9,0.8,0.1,0,1
202,217,26,1,2,4,5,0,0,0
202,218,12.5,0.1,0.9,2.6,1.2,0.1,0,1
202,219,2,0,0.2,0.4,0.2,0,0,1
202,239,1,0,0.3,0,0.3,0,0,1
203,3,4,0.1,0,0.4,1.5,0,0,1
203,10,8,0.3,0.4,1,0.7,0.2,0,1
203,13,8,0.3,0.4,1,0.7,0.2,0,1
203,47,4,0.2,0.2,0.8,0.3,0,0,1
203,48,2,0.1,0.1,0.4,0.1,0,0,1
203,51,2,0.3,0,0.3,0.1,0,0,1
203,55,2,0.4,0.3,0,0,0,0,1
203,66,3,0,0.1,0.8,0.1,0.1,0,1
203,67,4,0,0.1,1.1,0.2,0.1,0,1
203,87,7,0.7,0,1.7,0.4,0,0,1
203,101,5,0.8,0.1,0.5,0.7,0,0,1
203,103,6,0.9,0.1,0.6,0.9,0,0,1
203,108,1,0.2,0,0.1,0.1,0,0,1
203,116,2.5,0.1,0.3,0.6,0,0,0,1
203,146,13,0.6,0.9,2.9,0,0,0,1
203,147,42,1,1,11,0,0,0,0
203,148,28,3,4,4,1,0,0,0
203,149,78,2,6,21,3,0,0,0
203,150,14,0.3,1.3,3.1,0.3,0,0,1
203,216,19,0.1,1.4,4,1.8,0.1,0,1
203,217,20,0.1,1.5,4.2,1.9,0.1,0,1
203,218,7,0,0.5,1.5,0.7,0,0,1
203,230,3,0.1,0.7,0.1,0.8,0,0,1
203,234,6,0.2,1.4,0.2,1.6,0,0,1
203,249,9,0.3,1.7,0.9,0.8,0,0,1
204,6,4,0.1,0,0.4,1.5,0,0,1
204,14,18,0.7,1,2.3,1.6,0.3,0,1
204,15,3,0.1,0.2,0.4,0.3,0,0,1
204,38,6,0,0.7,0.4,1.4,0,0,1
204,43,1,0,0.1,0.2,0.1,0,0,1
204,45,1,0,0.1,0.2,0.1,0,0,1
204,46,11,0.5,0.6,2,1,0,0,1
204,48,10,0.4,0.6,1.8,0.9,0,0,1
204,49,3,0.1,0.2,0.6,0.2,0,0,1
204,63,2,0,0,0.6,0.1,0.1,0,1
204,66,2,0,0,0.6,0.1,0.1,0,1
204,101,3,0.4,0.1,0.3,0.4,0,0,1
204,121,3,0.1,0.1,0.7,0.1,0,0,1
204,122,4,0.2,0.1,1,0.1,0,0,1
204,139,4,0.2,0.1,1,0.1,0,0,1
204,140,4,0.3,0.3,0.6,0.2,0,0,1
204,147,63,1,7,4,21,0,0,0
204,148,76,3,4,4,28,0,0,0
204,149,53,5,4,13,5,0,0,0
204,150,19,0.5,1.7,4.2,0.4,0,0,1
204,178,1,0.1,0.2,0.1,0,0,0,1
204,217,5,0,0.4,1.1,0.5,0,0,1
204,218,14,0.1,1.1,2.9,1.3,0.1,0,1
204,219,7,0,0.5,1.5,0.7,0,0,1
204,223,10,0,1.2,1.4,1.8,0,0,1
204,230,1,0,0.3,0,0.3,0,0,1
204,231,4,0.1,1,0.1,1.1,0,0,1
204,243,4,0.2,0.7,0.4,0.3,0,0,1
204,248,2,0.1,0.3,0.2,0.2,0,0,1
204,250,2,0.1,0.2,0.3,0.4,0,0,1
205,6,3,0.1,0,0.3,1.1,0,0,1
205,41,1,0,0.1,0.2,0.1,0,0,1
205,56,25,1.6,2.1,4.2,1.1,0,0,1
205,57,1,0.1,0.1,0.2,0,0,0,1
205,62,13,0.3,0,4.6,0,0,0,1
205,63,10,0.3,0,3.5,0,0,0,1
205,64,3,0.1,0,1,0,0,0,1
205,70,2,0.1,0.4,0.1,0.1,0,0,1
205,92,7,2,0,0.7,0,0,0,1
205,96,2,0.4,0.1,0.2,0,0.2,0,1
205,104,5,0.8,0.1,0.5,0.7,0,0,1
205,121,1,0,0.1,0.2,0.1,0,0,1
205,139,2,0.1,0.1,0.5,0,0,0,1
205,146,22,0.6,3.1,4.7,0.2,0,0,1
205,147,66,4,5,5,25,0,0,0
205,148,105.5,7,13,10,27,1,0,0
205,149,25,1,5,2,4,0,0,0
205,150,11,0,0.2,4.5,0,0,0,1
205,195,6,0.1,0.9,1.2,0.2,0.1,0,1
205,196,4,0,0.6,0.8,0.1,0.1,0,1
205,222,9,0,1,1.3,1.7,0,0,1
205,223,9,0,1,1.3,1.7,0,0,1
205,230,2,0,0.4,0.3,0.2,0,0,1
205,233,2,0,0.4,0.3,0.2,0,0,1
205,250,2,0.1,0.2,0.3,0.4,0,0,1
205,254,1,0,0.1,0.2,0.2,0,0,1
206,4,1,0,0,0.1,0.4,0,0,1
206,36,5,0,0.6,0.3,1.2,0,0,1
206,41,6,0.3,0.3,1.1,0.5,0,0,1
206,46,3.5,0.2,0.6,0.3,0.2,0,0,1
206,48,3,0.2,0.5,0.2,0.2,0,0,1
206,49,15,1.1,2.5,1.1,0.8,0,0,1
206,53,29,5.1,4.4,0,0.7,0,0,1
206,56,3,0.2,0.3,0.5,0.1,0,0,1
206,63,14,0.3,0,4.9,0,0,0,1
206,71,3,0.1,0.6,0.2,0.2,0,0,1
206,86,4,0.4,0,1,0.2,0,0,1
206,87,4,0.4,0,1,0.2,0,0,1
206,104,6,0.9,0.1,0.6,0.9,0,0,1
206,143,3,0.2,0.2,0.5,0.2,0,0,1
206,144,55,0,1,17,0,0,0,0
206,145,19,0.5,2.7,4.1,0.2,0,0,1
206,146,14,0.4,2,3,0.1,0,0,1
206,147,39,4,4,5,4,0,0,0
206,148,55.5,3,9,11,3,0,0,0
206,149,35,0,11,6,0,0,0,0
206,150,27,0,5,10,0,0,0,0
206,151,12,0,0.2,4.9,0,0,0,1
206,156,3,0.1,0.3,0.6,0.1,0,0,1
206,195,20,0.2,3.1,4.1,0.5,0.3,0,1
206,196,13,0.2,2,2.6,0.3,0.2,0,1
206,198,15,0.2,2.3,3.1,0.4,0.2,0,1
206,223,2,0,0.2,0.3,0.4,0,0,1
206,230,7,0,1.5,1.1,0.7,0,0,1
206,252,3,0.1,0.3,0.5,0.7,0,0,1
207,27,1,0,0,0,0.4,0,0,1
207,35,1,0,0.1,0.1,0.2,0,0,1
207,45,4,0.3,0.7,0.3,0.2,0,0,1
207,46,8.5,0.6,1.4,0.7,0.4,0,0,1
207,48,12,0.9,2,0.9,0.6,0,0,1
207,53,3,0.5,0.4,0,0.1,0,0,1
207,55,16,1,1.4,2.7,0.7,0,0,1
207,63,60,0,0,16,0,0,0,0
207,94,3,0.8,0,0.3,0,0,0,1
207,100,4,0.6,0.1,0.4,0.6,0,0,1
207,143,16,1.1,1.1,2.7,0.8,0,0,1
207,144,35,0,0,13,0,0,0,0
207,145,6,0.2,0.9,1.3,0,0,0,1
207,146,15,0.4,2.2,3.2,0.1,0,0,1
207,147,26.5,0,6,5,0,0,0,0
207,148,26.5,0,7,5,0,0,0,0
207,149,48,0,4,14,0,0,0,0
207,150,67,0,14,15,0,0,0,0
207,151,63,0,1,19,0,0,0,0
207,154,1,0,0,0.4,0,0,0,1
207,186,2,0,0.1,0.5,0.3,0,0,1
207,195,36,1,3,5,3,0,0,0
207,196,1,0,0.2,0.2,0,0,0,1
207,222,2,0,0.2,0.3,0.4,0,0,1
207,228,2,0,0.5,0.2,0.3,0,0,1
207,229,1.5,0,0.3,0.2,0.2,0,0,1
207,230,5,0,1.1,0.7,0.5,0,0,1
207,231,18,0,3.9,2.7,1.8,0,0,1
207,235,4,0.1,1,0.1,1.1,0,0,1
208,7,2,0,0,0.2,0.8,0,0,1
208,27,11,0,0,0,4.4,0,0,1
208,46,10,0.7,1.6,0.8,0.5,0,0,1
208,47,8.5,0.6,1.4,0.7,0.4,0,0,1
208,51,2,0.4,0.3,0,0,0,0,1
208,52,2,0.4,0.3,0,0,0,0,1
208,70,11,0.4,2.1,0.7,0.7,0,0,1
208,71,5,0.2,1,0.3,0.3,0,0,1
208,92,1,0.3,0,0.1,0,0,0,1
208,93,2,0.6,0,0.2,0,0,0,1
208,94,14,3.9,0,1.4,0,0,0,1
208,95,3,0.5,0.1,0.4,0.1,0.3,0,1
208,99,1,0.2,0.1,0.1,0,0.1,0,1
208,125,5,0.2,0.2,1.2,0.1,0,0,1
208,126,2,0.1,0.1,0.5,0,0,0,1
208,146,35,0,0,17,0,0,0,0
208,147,42.5,0,4,11,0,0,0,0
208,148,37.5,0,8,10,0,0,0,0
208,149,23,0.6,3.3,4.9,0.2,0,0,1
208,150,32.5,0,0.6,13.2,0,0,0,1
208,151,41,0,0,15,0,0,0,0
208,194,14,0,0.9,3,2.2,0,0,1
208,195,51,2,3,8,10,0,0,0
208,196,9,0.1,1.4,1.9,0.2,0.1,0,1
208,221,2,0,0.2,0.3,0.4,0,0,1
208,223,1,0,0.1,0.1,0.2,0,0,1
208,228,7,0,1.5,0.8,1.1,0,0,1
208,229,46,0,3,12,1,0,0,0
208,230,43.5,0,1,16,0,0,0,0
208,231,50,0,13,6,0,0,0,0
208,236,2,0,0.5,0.1,0.5,0,0,1
208,244,3,0.1,0.5,0.3,0.3,0,0,1
208,251,1,0,0.1,0.2,0.2,0,0,1
209,7,3,0.1,0,0.3,1.1,0,0,1
209,16,2,0.1,0.1,0.3,0.2,0,0,1
209,17,6,0.2,0.3,0.8,0.6,0.1,0,1
209,28,2,0,0,0,0.8,0,0,1
209,47,10,0.7,1.6,0.8,0.5,0,0,1
209,49,5,0.4,0.8,0.4,0.2,0,0,1
209,54,2,0.4,0.3,0,0,0,0,1
209,55,2,0.1,0.2,0.3,0.1,0,0,1
209,68,3,0,0.1,0.8,0.1,0.1,0,1
209,69,26,0,0.6,7.2,1.3,0.7,0,1
209,70,121.5,2,2,28,0,4,0,0
209,71,18,0.8,3.4,1.1,1.1,0,0,1
209,73,8,0.3,1.5,0.5,0.5,0,0,1
209,74,1,0,0.2,0.1,0.1,0,0,1
209,94,2,0.6,0,0.2,0,0,0,1
209,120,8,0.1,0.9,1.7,0.2,0,0,1
209,121,33,0.4,3.7,7,0.9,0,0,1
209,122,62.5,0,0,17,0,0,0,0
209,123,13,0.1,1.5,2.8,0.3,0,0,1
209,124,25,0.3,2.8,5.3,0.7,0,0,1
209,126,2,0.1,0.1,0.5,0,0,0,1
209,127,3,0.1,0.1,0.7,0.1,0,0,1
209,139,1,0.1,0,0.2,0,0,0,1
209,146,60,0,2,20,0,0,0,0
209,147,54,0,3,15,0,1,0,0
209,148,39,1,4,9,0,1,0,0
209,149,13,0.3,1.9,2.8,0.1,0,0,1
209,194,3,0,0.2,0.6,0.5,0,0,1
209,195,25,0,3,2,7,0,0,0
209,196,10,0.1,1.5,2.1,0.3,0.1,0,1
209,222,6,0,0.7,0.9,1.1,0,0,1
209,227,1,0,0.2,0.1,0.2,0,0,1
209,228,26,0,5.5,2.8,4.2,0,0,1
209,229,120,3,2,15,40,0,0,0
209,230,49,1,5,7,5,0,0,0
209,231,21,0,4.5,3.2,2.1,0,0,1
209,234,5,0,1.1,0.7,0.5,0,0,1
209,235,3,0.1,0.7,0.1,0.8,0,0,1
209,250,2,0.1,0.2,0.3,0.4,0,0,1
210,38,5,0,0,0.8,1,0,0,1
210,42,2,0.1,0.1,0.4,0,0,0,1
210,47,11,0.6,0.8,1.5,1,0,0,1
210,69,5,0.1,0.3,0.9,0,0,0,1
210,70,237,1,2,65,5,1,0,0
210,71,74,1,4,15,11,0,0,0
210,72,27,0,6,4,1,0,0,0
210,75,1,0,0.1,0.2,0,0,0,1
210,88,2,0.2,0,0.5,0.1,0,0,1
210,91,2,0.1,0.1,0.6,0,0,0,1
210,121,48.5,0,0,17,0,0,0,0
210,122,106,0,4,37,0,1,0,0
210,123,82,1,5,22,0,0,0,0
210,124,34,4,4,8,0,0,0,0
210,125,4,0.1,0.5,1,0,0,0,1
210,140,18,0.8,1,4.2,0.8,0.3,0,1
210,141,5,0.2,0.3,1.2,0.2,0.1,0,1
210,182,4,0,0.3,0.9,0.6,0,0,1
210,194,24,1.1,2.6,4.3,1.7,0.3,0,1
210,196,2,0,0.3,0.6,0,0,0,1
210,227,4,0.1,0.2,0.8,0.5,0.1,0,1
210,228,43.5,2,8,7,5,0,0,0
210,229,129.5,3,6,19,34,0,0,0
210,230,28,3,3,4,2,0,0,0
210,231,26,0,2,8,1,0,0,0
210,232,6,0,1.1,0.8,0.8,0,0,1
210,233,3,0,0.6,0.4,0.4,0,0,1
210,234,2,0,0.3,0.3,0.3,0,0,1
210,237,3,0,0.2,0.4,1.3,0,0,1
210,255,5,0,0.8,0.9,0.5,0,0,1
211,2,7,0.4,0.4,0.6,0.7,0,0,1
211,28,3,0.1,0,0.1,1,0.1,0,1
211,29,3,0.1,0,0.1,1,0.1,0,1
211,39,7,0,0,1,1.5,0,0,1
211,40,5,0.2,0.1,1,0.1,0,0,1
211,44,3,0.1,0.1,0.6,0.1,0,0,1
211,70,17,0.3,1.7,4.2,0,0,0,1
211,71,72,1,6,14,13,1,0,0
211,72,99.5,0,12,27,0,0,0,0
211,73,12,0.3,1.2,2.9,0,0,0,1
211,97,3,0.1,0.1,0.9,0,0,0,1
211,105,4,0,0.2,0.4,0.7,0,0,1
211,116,5,0.1,1.1,0.1,0.8,0.2,0,1
211,122,13,0,1.7,3.2,0.3,0,0,1
211,123,32,0,4.3,7.8,0.7,0,0,1
211,124,110.5,2,4,19,32,0,0,0
211,125,56,1,2,8,13,0,0,0
211,126,9,0.3,1.2,2.1,0,0,0,1
211,140,14,0.6,0.8,3.3,0.6,0.2,0,1
211,142,2,0.1,0.1,0.5,0.1,0,0,1
211,143,2,0.1,0.1,0.5,0.1,0,0,1
211,192,2,0.1,0.2,0.4,0.1,0,0,1
211,193,22,1,2.4,3.9,1.6,0.3,0,1
211,194,53,2,3,4,19,0,0,0
211,195,1,0,0.2,0.3,0,0,0,1
211,227,23,0.5,1.4,4.5,3.1,0.3,0,1
211,228,107,0,2,47,7,0,0,0
211,229,16,0.4,1,3.1,2.1,0.2,0,1
211,230,12,0,2.2,1.7,1.6,0,0,1
211,231,12,0,2.2,1.7,1.6,0,0,1
211,253,3,0,0.5,0.5,0.3,0,0,1
212,43,4,0.2,0.1,0.8,0.1,0,0,1
212,44,5,0.2,0.1,1,0.1,0,0,1
212,45,5,0.3,0.4,0.6,0.5,0,0,1
212,46,7,0.4,0.5,0.9,0.7,0,0,1
212,51,2,0.3,0,0.3,0.3,0,0,1
212,52,4,0.7,0,0.5,0.6,0,0,1
212,54,3,0.5,0,0.4,0.4,0,0,1
212,56,2,0.2,0.2,0,0.3,0.1,0,1
212,71,86.5,2,0,21,4,2,0,0
212,72,78,0,2,21,0,0,0,0
212,73,8,0.2,0.8,1.9,0,0,0,1
212,91,1,0,0.1,0.3,0,0,0,1
212,96,4,0.1,0.2,1.2,0,0,0,1
212,98,31,0,3,8,0,0,0,0
212,103,3.5,0,0.2,0.4,0.6,0,0,1
212,115,20.5,0.5,4.4,0.5,3.3,0.6,0,1
212,116,11,0.3,2.3,0.3,1.8,0.3,0,1
212,124,40,0,4,0,11,0,0,0
212,125,106,2,3,25,21,0,0,0
212,126,10,0.2,1.3,2.4,0,0,0,1
212,128,3,0.1,0.4,0.7,0,0,0,1
212,139,9,1.5,0.5,1.6,0.2,0,0,1
212,140,10,0.5,0.5,2.3,0.5,0.1,0,1
212,141,31,1.4,1.6,7.3,1.4,0.5,0,1
212,142,37,0,1,11,0,0,0,0
212,143,11.5,0.5,0.6,2.7,0.5,0.2,0,1
212,193,10,0.5,1.1,1.8,0.7,0.1,0,1
212,194,41,3,1,7,5,0,0,0
212,195,24,0,3.1,7.7,0,0,0,1
212,226,2,0.1,0.1,0.4,0.3,0,0,1
212,227,7,0.2,0.4,1.4,0.9,0.1,0,1
212,228,3,0.1,0.2,0.6,0.4,0,0,1
212,229,9,0.2,0.5,1.8,1.2,0.1,0,1
212,230,3,0,0.6,0.4,0.4,0,0,1
212,231,1,0,0.2,0.2,0.1,0,0,1
212,236,3,0,0.2,0.4,1.3,0,0,1
213,50,2,0.3,0,0.3,0.3,0,0,1
213,51,15,2.4,0,1.9,2.3,0,0,1
213,66,32,1,1.6,5.5,0,0,0,1
213,67,57,0,13,9,1,1,0,0
213,68,52,0,20,3,0,0,0,0
213,69,54,1,13,10,0,0,0,0
213,70,12,0.3,1.2,2.9,0,0,0,1
213,71,53,2,6,13,0,0,0,0
213,72,63.5,0,21,3,0,0,0,0
213,94,2,0.1,0.1,0.6,0,0,0,1
213,95,1,0,0.1,0.3,0,0,0,1
213,96,71,0,5,18,0,0,0,0
213,97,33,0.8,1.5,10.1,0,0,0,1
213,98,75,0,15,20,0,0,0,0
213,99,5,0.1,0.2,1.6,0,0,0,1
213,114,21,0.8,6.5,1.6,0,0,0,1
213,115,130.5,2,4,10,53,0,0,0
213,116,150,8,10,22,29,0,0,0
213,117,30,0,8,4,0,0,0,0
213,118,1,0,0.2,0,0.2,0.1,0,1
213,125,3,0.1,0.4,0.7,0,0,0,1
213,126,6,0.2,0.8,1.4,0,0,0,1
213,127,3,0.1,0.4,0.7,0,0,0,1
213,139,33.5,5.5,1.8,6.2,0.6,0,0,1
213,140,14,0.6,0.8,3.3,0.6,0.2,0,1
213,141,44,0,4,12,0,0,0,0
213,142,57,0,2,19,0,0,0,0
213,143,36,0,5,7,1,0,0,0
213,144,11,0.5,0.6,2.6,0.5,0.1,0,1
213,189,3,0,0.2,0.6,0.5,0,0,1
213,193,2,0.1,0.2,0.4,0.1,0,0,1
213,194,22,1,2.4,3.9,1.6,0.3,0,1
213,195,15.5,0,2,5,0,0,0,1
213,213,24,0,1.6,5.9,0,0,0,1
213,214,29,0,1.9,7.1,0,0,0,1
213,215,7,0,0.6,1.5,0.1,0.1,0,1
213,218,5,0,0.4,1.1,0.1,0.1,0,1
213,229,2,0.1,0.1,0.4,0.3,0,0,1
213,235,2,0,0.1,0.3,0.8,0,0,1
214,1,1,0,0.1,0.1,0.1,0,0,1
214,2,1,0,0.1,0.1,0.1,0,0,1
214,17,2,0.1,0.1,0.3,0.2,0,0,1
214,19,4,0.1,0.2,0.5,0.4,0.1,0,1
214,21,4,0.1,0.1,0.1,1.3,0.1,0,1
214,38,5,0,0,0.8,1,0,0,1
214,40,6,0.3,0.1,1.2,0.1,0,0,1
214,43,20,0.9,0.5,4,0.4,0,0,1
214,47,4,0.2,0.3,0.5,0.4,0,0,1
214,50,3,0.5,0,0.4,0.4,0,0,1
214,53,3,0.5,0,0.4,0.4,0,0,1
214,65,4,0.1,0.2,0.7,0,0,0,1
214,67,55,1.7,2.8,9.4,0,0,0,1
214,68,121,6,16,15,12,1,0,0
214,69,249.5,6,15,18,60,0,0,0
214,70,115.5,4,15,9,24,0,0,0
214,71,59,2,12,7,1,0,0,0
214,72,81,0,11,18,0,0,0,0
214,94,1,0,0.1,0.3,0,0,0,1
214,95,38,0,10,4,0,0,0,0
214,96,54.5,0,10,10,0,0,0,0
214,97,62,2,14,8,2,0,0,0
214,98,93,0,7,19,3,0,0,0
214,99,33,0.8,1.5,10.1,0,0,0,1
214,103,5,0,0.3,0.5,0.9,0,0,1
214,113,3,0.1,0.9,0.3,0,0,0,1
214,114,2,0.1,0.6,0.1,0,0,0,1
214,115,170,4,0,28,29,0,0,0
214,116,149,0,8,25,32,1,0,0
214,117,52.5,0,10,12,0,0,0,0
214,118,36.5,0,8,5,0,0,0,0
214,133,9,0.8,0.5,1.5,0.5,0,0,1
214,134,8,0.7,0.4,1.4,0.4,0,0,1
214,135,12,2,0.7,2.2,0.2,0,0,1
214,139,60,2,2,17,0,1,0,0
214,140,14,0.6,0.8,3.3,0.6,0.2,0,1
214,141,35.5,0,0,14,0,0,0,0
214,142,45,0,3,12,0,0,0,0
214,143,40.5,5,3,9,0,0,0,0
214,144,27,0,1,10,0,0,0,0
214,145,16,0.7,1.7,4.2,0,0.1,0,1
214,184,6,0,0.4,1.3,0.9,0,0,1
214,193,2,0.1,0.2,0.4,0.1,0,0,1
214,213,8,0,0.5,2,0,0,0,1
214,214,63,1,10,8,0,0,0,0
214,215,45,0,3.7,9.8,0.7,0.8,0,1
214,216,3,0,0.2,0.7,0,0.1,0,1
214,228,1,0,0.1,0.2,0.1,0,0,1
214,230,5,0,0.9,0.7,0.7,0,0,1
214,236,3,0,0.2,0.4,1.3,0,0,1
214,242,12,1.1,0.5,2.2,3.3,0,0,1
214,243,1,0.1,0,0.2,0.3,0,0,1
215,2,6,0.3,0.4,0.5,0.6,0,0,1
215,17,2,0.1,0.1,0.3,0.2,0,0,1
215,29,4,0.1,0.1,0.1,1.3,0.1,0,1
215,32,3,0,0,0.5,0.6,0,0,1
215,33,2,0,0,0.3,0.4,0,0,1
215,46,2,0.1,0.4,0.3,0.1,0,0,1
215,50,7,0.8,0.6,0.2,1.1,0.2,0,1
215,65,1,0,0.1,0.3,0,0,0,1
215,66,5,0,0.5,1.4,0,0,0,1
215,67,191,0,0,99,0,0,34,0
215,68,131,2,11,9,26,0,0,0
215,69,432.5,6,4,33,127,4,0,0
215,70,149,1,3,23,30,2,0,0
215,71,37.5,0,6,6,1,0,0,0
215,72,19.5,0.2,2.2,4.1,0,0.2,0,1
215,94,2,0.1,0.1,0.6,0,0,0,1
215,95,21.5,0.4,2.9,4.6,0.1,0.1,0,1
215,96,34,0,11,3,0,0,0,0
215,97,78,4,7,14,6,0,0,0
215,98,106.5,2,12,25,0,1,0,0
215,99,21,0.4,2.8,4.5,0.1,0.1,0,1
215,100,17,0.3,2.5,3.5,0.5,0,0,1
215,105,3,0,0.2,0.3,0.5,0,0,1
215,114,5,0.2,0.3,0.5,1.2,0.1,0,1
215,115,119,0,9,32,0,0,0,0
215,116,59,0,9,13,1,1,0,0
215,117,23.5,0.6,2.5,3.6,2.3,0.6,0,1
215,118,2,0,0.2,0.3,0.2,0.1,0,1
215,128,8,0.2,1.1,0.7,1.5,0,0,1
215,130,2,0.3,0.1,0.1,0.3,0,0,1
215,131,29,3.7,1.9,1.4,4.2,0,0,1
215,132,6,0.8,0.4,0.3,0.8,0,0,1
215,134,1,0.1,0.1,0.1,0.1,0,0,1
215,135,1,0.1,0.1,0.2,0,0,0,1
215,138,4,0.3,0.2,0.7,0.2,0,0,1
215,139,31,2.7,1.6,5.3,1.6,0,0,1
215,141,63,3,1,21,0,0,0,0
215,142,47,1,3,14,0,0,0,0
215,143,29,1,5,7,0,0,0,0
215,144,20,0.9,2.1,5.2,0,0.1,0,1
215,145,36.5,0,6,9,0,0,0,0
215,146,7,0.2,1.2,1.5,0.4,0,0.1,1
215,193,4,0,0.5,1.3,0,0,0,1
215,214,6.5,0,1.7,0.9,0,0,0,1
215,215,43.5,2,2,13,3,0,0,0
215,216,6,0.1,0.9,1.2,0.2,0,0,1
215,229,4,0.1,0.2,0.8,0.5,0.1,0,1
215,242,6,0.5,0.3,1.1,1.6,0,0,1
215,243,2,0.2,0.1,0.4,0.5,0,0,1
216,20,2,0.1,0,0,0.7,0.1,0,1
216,37,3,0.2,0.4,0,0.5,0,0,1
216,40,13,0.7,1,1.7,1.2,0,0,1
216,43,4,0.2,0.3,0.5,0.4,0,0,1
216,46,11,0.5,2,1.3,0.7,0.2,0,1
216,47,5,0.2,0.9,0.6,0.3,0.1,0,1
216,51,2,0.2,0.2,0,0.3,0.1,0,1
216,56,3,0.3,0.2,0.1,0.5,0.1,0,1
216,60,3,0.1,0.2,0.5,0,0,0,1
216,67,33,0,3.4,8.9,0,0,0,1
216,68,115.5,1,18,23,3,0,0,0
216,69,138,8,4,12,28,0,0,0
216,70,73.5,2,0,24,3,1,18,0
216,71,2,0,0.3,0.4,0,0,0,1
216,72,6,0.1,0.7,1.2,0,0.1,0,1
216,73,2,0,0.3,0.4,0,0,0,1
216,84,3,0.3,0,0.7,0.2,0,0,1
216,96,24,0.4,3.3,5.1,0.1,0.1,0,1
216,97,58,2,11,10,0,0,0,0
216,98,101,6,16,8,10,1,0,0
216,99,241,1,34,30,42,0,0,0
216,100,221.5,5,17,14,56,1,0,0
216,101,40,1,1,9,5,0,0,0
216,102,18,0.4,2.6,3.7,0.5,0,0,1
216,104,3,0.1,0.4,0.6,0.1,0,0,1
216,105,8,0,0.5,0.9,1.3,0,0,1
216,115,74,0,12,15,0,0,0,0
216,116,80,0,14,13,1,0,0,0
216,117,52,0,2,17,0,0,0,0
216,128,3,0.1,0.4,0.3,0.5,0,0,1
216,129,42,0,1,7,12,0,6,0
216,130,3,0.4,0.2,0.2,0.4,0,0,1
216,141,36,2,4,9,0,0,0,0
216,142,21,0.9,2.3,5.4,0,0.1,0,1
216,143,18,0.8,1.9,4.7,0,0.1,0,1
216,144,29,4,3,5,1,0,0,0
216,145,23,0.7,3.9,4.9,1.4,0,0.5,1
216,146,34.5,2,4,11,0,0,0,0
216,147,16,0.5,2.7,3.4,1,0,0.3,1
216,148,33,0,4,8,4,0,0,0
216,149,11,0.3,1.9,2.3,0.7,0,0.2,1
216,150,18,0,0.4,6,1.1,0,0,1
216,151,1,0,0,0.3,0.1,0,0,1
216,214,11,0,3,1.5,0,0,0,1
216,215,100,1,2,9,32,0,0,0
216,216,20,0.4,2.9,4,0.7,0,0,1
216,227,1,0,0.1,0.2,0.1,0,0,1
216,229,1,0,0.1,0.2,0.1,0,0,1
216,234,2,0,0.1,0.3,0.8,0,0,1
216,237,4,0,0.6,0.4,0.4,0,0,1
216,253,4,0,0.6,0.7,0.4,0,0,1
216,255,3,0,0.3,0.6,0.1,0,0,1
217,0,4,0.2,0.3,0.3,0.4,0,0,1
217,2,2,0.1,0.1,0.2,0.2,0,0,1
217,29,10,0.4,0.2,0.2,3.3,0.2,0,1
217,34,9,0,0,1.3,1.9,0,0,1
217,35,6,0.4,0.8,0,1,0,0,1
217,37,3,0.2,0.4,0,0.5,0,0,1
217,38,5,0.3,0.7,0,0.8,0,0,1
217,46,3,0.1,0.5,0.4,0.2,0.1,0,1
217,48,4,0.2,0.7,0.5,0.2,0.1,0,1
217,57,3,0.3,0.2,0.1,0.5,0.1,0,1
217,66,6,0,0.6,1.6,0,0,0,1
217,67,30,0,4,7,0,0,0,0
217,68,76,0,0,18,0,1,0,0
217,69,29,1,3,7,0,0,0,0
217,70,48,0,5,9,1,0,0,0
217,71,53,1,4,11,0,0,0,0
217,72,13,0.1,1.5,2.7,0,0.2,0,1
217,91,1,0,0.1,0.3,0,0,0,1
217,95,4,0.1,0.5,0.9,0,0,0,1
217,96,10,0.2,1.3,2.1,0.1,0.1,0,1
217,97,53,1,7,12,0,0,0,0
217,98,109.5,4,23,14,4,0,0,0
217,99,89,2,14,7,14,0,0,0
217,100,102,6,4,19,19,0,0,0
217,101,19,0.4,2.8,3.9,0.5,0,0,1
217,102,17,0.3,2.5,3.5,0.5,0,0,1
217,105,1,0,0,0.1,0.2,0,0,1
217,106,3,0,0.2,0.3,0.5,0,0,1
217,109,9,0,0.5,1,1.5,0,0,1
217,110,2,0.1,0.1,0.2,0.5,0,0,1
217,113,1,0.1,0.1,0.1,0.2,0,0,1
217,115,14,0.4,1.5,2.1,1.3,0.4,0,1
217,116,54,0,1,14,0,1,0,0
217,117,79.5,0,0,23,0,0,0,0
217,118,2,0,0.2,0.3,0.2,0.1,0,1
217,119,4,0.1,0.4,0.6,0.4,0.1,0,1
217,120,3,0.1,0.5,0.2,0.3,0,0,1
217,121,1,0,0.2,0.1,0.1,0,0,1
217,127,9,0.2,1.3,0.8,1.7,0,0,1
217,128,19,0.5,2.7,1.7,3.5,0,0,1
217,129,1,0,0.1,0.1,0.2,0,0,1
217,130,21,2.7,1.4,1,3,0,0,1
217,131,103.5,1,7,6,38,0,0,0
217,132,86,3,2,3,35,0,0,0
217,141,14,0.6,1.5,3.6,0,0.1,0,1
217,142,32,0,0,14,0,0,0,0
217,143,24.5,1.1,2.6,6.3,0,0.2,0,1
217,144,15,0.6,1.6,3.9,0,0.1,0,1
217,145,1,0,0.2,0.2,0.1,0,0,1
217,146,2,0.1,0.3,0.4,0.1,0,0,1
217,147,40,3,1,7,10,0,0,0
217,148,85,8,11,8,20,0,0,0
217,149,18.5,0,1,3,10,0,0,0
217,150,32,1,0,9,0,1,0,0
217,151,18,0,0.4,6,1.1,0,0,1
217,152,46,0,1,13,0,0,0,0
217,153,6,0,0.1,2,0.4,0,0,1
217,214,12,0,3.3,1.6,0,0,0,1
217,215,27.5,0,3,8,1,0,0,0
217,216,21,0.4,3,4.2,0.8,0,0,1
217,223,4,0.1,0.2,0.8,0.5,0.1,0,1
217,228,2,0.1,0.1,0.4,0.3,0,0,1
217,234,8,0,0.6,1.1,3.3,0,0,1
217,235,9,0.2,1.4,0.8,0.8,0,0,1
217,236,31,0,0,11,0,0,0,0
217,237,4,0,0.6,0.4,0.4,0,0,1
217,248,1,0.1,0,0.2,0.3,0,0,1
217,254,22,1,2,9,2,0,0,0
217,255,65,3,9,5,12,0,0,0
218,2,3,0.2,0.2,0.2,0.3,0,0,1
218,5,2,0.1,0.1,0.2,0.2,0,0,1
218,29,5,0.2,0.1,0.1,1.7,0.1,0,1
218,34,3,0,0,0.5,0.6,0,0,1
218,36,2,0.1,0.3,0,0.3,0,0,1
218,37,3,0.2,0.4,0,0.5,0,0,1
218,46,10,0.4,1.9,1.2,0.6,0.2,0,1
218,47,3,0.1,0.5,0.4,0.2,0.1,0,1
218,68,3,0,0.3,0.8,0,0,0,1
218,69,11,0,1.1,3,0,0,0,1
218,70,55.5,0,9,15,0,0,0,0
218,71,34,1,4,10,0,0,0,0
218,72,29,0.3,3.3,6.1,0,0.3,0,1
218,74,5,0,0.6,1,0,0.1,0,1
218,96,31.5,0.5,4.3,6.7,0.2,0.2,0,1
218,97,33,1,4,6,1,1,0,0
218,98,19,0.4,2.6,4,0.1,0.1,0,1
218,99,22,0.4,3,4.7,0.1,0.1,0,1
218,100,12,0.3,1.7,2.5,0.3,0,0,1
218,101,18,0.4,2.6,3.7,0.5,0,0,1
218,105,2,0,0.1,0.2,0.4,0,0,1
218,110,9,0.3,0.5,0.9,2.2,0.2,0,1
218,111,4,0.2,0.2,0.4,0.9,0.1,0,1
218,113,4,0.2,0.2,0.4,0.9,0.1,0,1
218,114,4,0.2,0.2,0.4,0.9,0.1,0,1
218,115,3,0.1,0.3,0.4,0.3,0.1,0,1
218,116,8,0.2,0.9,1.2,0.8,0.2,0,1
218,117,8,0.2,0.9,1.2,0.8,0.2,0,1
218,118,6,0.1,0.6,0.9,0.6,0.2,0,1
218,119,3,0.1,0.3,0.4,0.3,0.1,0,1
218,121,5,0.1,0.8,0.4,0.6,0,0,1
218,125,2,0,0.3,0.2,0.4,0,0,1
218,126,3,0.1,0.4,0.3,0.5,0,0,1
218,127,11,0.3,1.6,1,2,0,0,1
218,130,198,18,5,24,47,0,0,0
218,131,194,7,8,26,60,3,0,0
218,132,29.5,0,2,0,12,0,0,0
218,142,3,0.1,0.3,0.8,0,0,0,1
218,143,8,0.3,0.9,2.1,0,0,0,1
218,146,4,0.1,0.7,0.9,0.2,0,0.1,1
218,147,11,0.3,1.9,2.3,0.7,0,0.2,1
218,148,9,0.3,1.5,1.9,0.6,0,0.2,1
218,149,40,0,0,14,0,0,0,0
218,150,32,2,0,6,4,0,0,0
218,151,4,0,0.1,1.3,0.3,0,0,1
218,215,3,0.1,0.4,0.6,0.1,0,0,1
218,216,2,0,0.3,0.4,0.1,0,0,1
218,221,3,0.1,0.2,0.6,0.4,0,0,1
218,234,7,0,0.5,0.9,2.9,0,0,1
218,235,28,2,0,2,7,0,0,0
218,236,22,0.4,3.3,2.1,2.1,0,0,1
218,237,13,0.3,2,1.2,1.2,0,0,1
218,254,5.5,0,0.9,1,0.5,0,0,1
218,255,48,2,6,4,10,0,0,0
219,2,3,0.2,0.2,0.2,0.3,0,0,1
219,3,2,0.1,0.1,0.2,0.2,0,0,1
219,4,6,0.3,0.4,0.5,0.6,0,0,1
219,7,6,0.3,0.4,0.5,0.6,0,0,1
219,8,4,0.2,0.3,0.3,0.4,0,0,1
219,9,2,0.1,0.1,0.2,0.2,0,0,1
219,22,3,0.1,0,0.1,1,0.1,0,1
219,23,11,0.5,0.2,0.2,3.6,0.3,0,1
219,27,1,0.1,0,0,0.3,0,0,1
219,38,8,0.5,1.1,0,1.3,0,0,1
219,40,10,0.6,0.7,1.3,0.9,0,0,1
219,47,2,0.1,0.4,0.3,0.1,0,0,1
219,48,9,0.4,1.7,1.1,0.5,0.2,0,1
219,50,1,0.1,0.1,0,0.2,0,0,1
219,51,9,1,0.7,0.3,1.5,0.3,0,1
219,52,9,1,0.7,0.3,1.5,0.3,0,1
219,71,6,0.1,0.7,1.2,0,0.1,0,1
219,72,5,0,0.6,1,0,0.1,0,1
219,73,7,0.1,0.8,1.4,0,0.1,0,1
219,97,2,0.1,0.3,0.4,0,0,0,1
219,99,15,0.2,2,3.2,0.1,0.1,0,1
219,100,14,0.3,2,2.9,0.4,0,0,1
219,101,9,0.2,1.3,1.8,0.3,0,0,1
219,103,3,0.1,0.4,0.6,0.1,0,0,1
219,104,7,0.2,1,1.4,0.2,0,0,1
219,105,4,0,0.2,0.4,0.7,0,0,1
219,107,10,0,0.6,1.1,1.7,0,0,1
219,108,18,0,1.1,2,3,0,0,1
219,109,12.5,0,0.7,1.4,2.1,0,0,1
219,110,12,0.5,0.7,1.2,2.9,0.2,0,1
219,111,4,0.2,0.2,0.4,0.9,0.1,0,1
219,112,1,0.1,0.1,0.1,0.2,0,0,1
219,113,4,0.2,0.2,0.4,0.9,0.1,0,1
219,115,7,0.2,0.7,1,0.7,0.2,0,1
219,116,15,0.4,1.6,2.2,1.5,0.4,0,1
219,117,11.5,0.3,1.2,1.8,1.1,0.3,0,1
219,118,6,0.1,0.6,0.9,0.6,0.2,0,1
219,119,26,0,4,6,0,2,0,0
219,120,18,0.5,2.9,1.5,1.9,0,0,1
219,121,3,0.1,0.5,0.2,0.3,0,0,1
219,122,5,0.1,0.8,0.4,0.6,0,0,1
219,123,2,0.1,0.3,0.2,0.2,0,0,1
219,129,21,0.6,3,1.9,3.8,0,0,1
219,130,180,10,5,17,45,2,0,0
219,131,104,9,3,16,19,0,0,0
219,138,1,0.1,0.1,0.2,0,0,0,1
219,139,4,0.3,0.2,0.7,0.2,0,0,1
219,149,15,0.4,2.6,3.2,0.9,0,0.3,1
219,151,1,0,0,0.3,0.1,0,0,1
219,218,2,0,0.3,0.4,0.1,0,0,1
219,219,1,0,0.2,0.2,0,0,0,1
219,234,1,0,0.1,0.1,0.4,0,0,1
219,235,1,0,0.2,0.1,0.1,0,0,1
219,255,14,0.1,1.6,2.6,0.6,0,0,1
220,4,5.5,0,1.2,0.8,0.4,0,0,1
220,5,10,0.8,0.8,1,1.3,0.2,0,1
220,14,4,0.2,0,0.6,0.6,0,0,1
220,31,1,0,0,0,0.4,0.1,0,1
220,38,4,0.1,0,0.1,1.6,0.1,0,1
220,48,9,0,0.5,1.3,1.5,0,0,1
220,49,6,0,0.3,0.9,1,0,0,1
220,61,3,0.2,0.6,0.3,0.2,0,0,1
220,66,2,0.1,0.4,0.2,0.2,0,0,1
220,71,4,0.4,0.4,0.4,1.1,0.2,0,1
220,73,2,0.2,0.2,0.2,0.6,0.1,0,1
220,74,4,0.4,0.4,0.4,1.1,0.2,0,1
220,84,8,0.3,0.1,0.3,2.2,0.1,0,1
220,94,1,0.1,0.1,0.1,0.3,0,0,1
220,95,7,0.3,1.1,1.2,0.1,0,0,1
220,96,8,0.3,1.2,1.4,0.2,0,0,1
220,99,35,1,6,5,0,0,0,0
220,100,32,0,3.9,3.4,4.5,0,0,1
220,104,1,0,0.1,0.1,0.2,0,0,1
220,107,8,0.5,0.5,0.9,2,0,0,1
220,108,1,0.1,0.1,0.1,0.2,0,0,1
220,109,3,0.2,0.2,0.4,0.7,0,0,1
220,110,3,0,0.1,0.1,1,0.1,0,1
220,111,15.5,0,0.5,0.6,5.1,0.3,0,1
220,112,7,0,0.3,0.3,2.3,0.1,0,1
220,113,1,0,0,0.1,0.3,0,0,1
220,114,1,0,0,0.1,0.3,0,0,1
220,116,4,0.2,0.3,0.8,0.3,0.1,0,1
220,117,18,0.9,1.5,3.7,1.2,0.3,0,1
220,118,19,1,1.6,3.9,1.3,0.3,0,1
220,119,2,0.1,0.2,0.4,0.1,0,0,1
220,120,4,0,1,1.3,0,0.2,0,1
220,121,6,0,1.6,1.9,0,0.3,0,1
220,122,4,0,1,1.3,0,0.2,0,1
220,129,29,0.9,7.3,3.6,0.9,0,0,1
220,130,53.5,5,3,5,11,0,0,0
220,131,111.5,9,3,8,30,1,2,0
220,132,2,0.3,0.1,0.4,0,0,0,1
220,140,7,0.1,0.3,1.3,0.9,0.1,0,1
220,212,3,0,0.6,0.4,0.5,0,0,1
220,216,1,0,0.2,0.1,0.2,0,0,1
220,217,6,0.1,1.2,0.7,0.9,0,0,1
220,239,1,0,0.1,0.1,0.3,0,0,1
220,248,6,0.1,1.2,0.6,0.5,0,0,1
220,249,9,0.2,1.7,0.9,0.8,0,0,1
221,1,6,0,1.3,0.9,0.4,0,0,1
221,4,2,0,0.4,0.3,0.2,0,0,1
221,5,2,0.1,0.2,0.2,0.3,0,0,1
221,7,5,0.4,0.4,0.5,0.6,0.1,0,1
221,17,3,0.2,0,0.4,0.4,0,0,1
221,27,4,0.1,0.3,0.2,0.8,0,0,1
221,38,7,0.2,0,0.2,2.7,0.2,0,1
221,41,4,0.2,0.4,0.7,0.3,0,0,1
221,49,4,0,0.2,0.6,0.7,0,0,1
221,51,5,0,1.4,0.2,0.3,0,0,1
221,60,5,0.3,1,0.6,0.3,0,0,1
221,72,2,0.2,0.2,0.2,0.6,0.1,0,1
221,74,1,0.1,0.1,0.1,0.3,0,0,1
221,85,15,0.6,1.3,1.7,1.3,0.2,0,1
221,86,20,0.7,1.8,2.3,1.8,0.2,0,1
221,94,2,0.1,0.3,0.2,0.5,0,0,1
221,98,10,0.4,1.5,1.8,0.2,0,0,1
221,99,3,0.1,0.5,0.5,0.1,0,0,1
221,101,4,0,0.5,0.4,0.6,0,0,1
221,103,2,0,0.2,0.2,0.3,0,0,1
221,104,13,0,1.6,1.4,1.8,0,0,1
221,105,5,0.3,0.3,0.6,1.2,0,0,1
221,106,2,0.1,0.2,0.2,0.5,0,0,1
221,108,2,0.1,0.2,0.2,0.5,0,0,1
221,109,2,0.1,0.2,0.2,0.5,0,0,1
221,110,6,0,0.2,0.2,2,0.1,0,1
221,112,3,0,0.1,0.1,1,0.1,0,1
221,114,17,0,0.6,0.7,5.6,0.3,0,1
221,115,2,0.1,0.2,0.4,0.1,0,0,1
221,117,5,0.3,0.4,1,0.3,0.1,0,1
221,118,1,0,0.1,0.2,0.1,0,0,1
221,119,4,0.2,0.3,0.8,0.3,0.1,0,1
221,120,5,0,1.3,1.6,0,0.3,0,1
221,129,34,0,12,1,0,0,0,0
221,130,49.5,1,3,11,2,0,7,0
221,131,126.5,18,5,24,11,0,0,0
221,132,43,7,3,8,2,1,0,0
221,136,3,0,0.4,0.3,0.4,0,0,1
221,138,12,0.2,1.6,1.1,1.4,0,0,1
221,139,17,0.3,2.3,1.5,2,0,0,1
221,140,15,0.2,0.7,2.7,2,0.2,0,1
221,144,6,0.1,0.2,1.1,0.8,0.1,0,1
221,217,14,0.3,2.7,1.7,2.2,0,0,1
221,218,5,0.1,1,0.6,0.8,0,0,1
221,219,5,0.1,1,0.6,0.8,0,0,1
221,221,1,0,0.1,0.3,0.1,0,0,1
221,222,12,0.3,1,3.4,0.7,0,0,1
221,223,3,0.1,0.2,0.9,0.2,0,0,1
221,247,2,0,0.4,0.2,0.2,0,0,1
221,248,41,0,13,1,4,0,0,0
221,249,5,0.1,1,0.5,0.4,0,0,1
221,254,3,0,0.3,0.6,0.1,0.1,0,1
222,1,7,0,1.6,1,0.5,0,0,1
222,6,2,0.1,0.2,0.2,0.3,0,0,1
222,8,4,0.3,0.3,0.4,0.5,0.1,0,1
222,19,2,0.1,0,0.3,0.3,0,0,1
222,32,1,0,0,0,0.4,0.1,0,1
222,41,4,0.2,0.4,0.7,0.3,0,0,1
222,43,4,0.2,0.4,0.7,0.3,0,0,1
222,50,3,0,0.9,0.1,0.2,0,0,1
222,51,2,0,0.6,0.1,0.1,0,0,1
222,52,7,0,1.9,0.3,0.5,0,0,1
222,70,2,0.2,0.2,0.2,0.6,0.1,0,1
222,74,4,0.4,0.4,0.4,1.1,0.2,0,1
222,88,8.5,0.3,0.8,1,0.7,0.1,0,1
222,89,1,0,0.1,0.1,0.1,0,0,1
222,91,2,0.1,0.3,0.2,0.5,0,0,1
222,92,3,0.2,0.4,0.3,0.8,0,0,1
222,93,2,0.1,0.3,0.2,0.5,0,0,1
222,94,4,0.3,0.6,0.4,1,0,0,1
222,97,2,0.1,0.3,0.4,0,0,0,1
222,99,4,0.2,0.6,0.7,0.1,0,0,1
222,106,4,0.2,0.3,0.4,1,0,0,1
222,129,3,0.1,0.7,0.4,0.1,0,0,1
222,130,7,1,0.3,1.3,0.3,0,0,1
222,131,13,1.9,0.6,2.4,0.4,0,0,1
222,132,136,4,33,14,5,0,3,0
222,133,15,2.1,0.7,2.8,0.5,0,0,1
222,134,6,0.9,0.3,1.1,0.2,0,0,1
222,135,23,0.3,3.1,2.1,2.7,0,0,1
222,136,2,0,0.3,0.2,0.2,0,0,1
222,140,21,0.3,0.9,3.8,2.8,0.3,0,1
222,141,2,0,0.1,0.4,0.3,0,0,1
222,142,2,0,0.1,0.4,0.3,0,0,1
222,144,7,0.1,0.3,1.3,0.9,0.1,0,1
222,146,15.5,0.4,1.2,1.9,0.8,0,0,1
222,147,4,0.1,0.3,0.5,0.2,0,0,1
222,217,1,0,0.2,0.1,0.2,0,0,1
222,218,6,0.1,1.2,0.7,0.9,0,0,1
222,220,2,0,0.2,0.6,0.1,0,0,1
222,221,18,0.4,1.5,5.1,1.1,0,0,1
222,222,35.5,0,5,9,0,1,0,0
222,225,2,0,0.5,0.2,0.2,0,0,1
222,226,2,0,0.5,0.2,0.2,0,0,1
222,247,2,0,0.4,0.2,0.2,0,0,1
222,248,16,0.3,3.1,1.7,1.4,0,0,1
223,3,1,0,0.2,0.1,0.1,0,0,1
223,8,4,0.3,0.3,0.4,0.5,0.1,0,1
223,25,1,0,0.1,0.1,0.2,0,0,1
223,33,4,0.1,0,0.1,1.6,0.1,0,1
223,39,2,0,0,0,0.8,0.1,0,1
223,40,2,0.1,0.2,0.4,0.1,0,0,1
223,45,3,0,0.2,0.4,0.5,0,0,1
223,51,14,0,3.9,0.5,1,0,0,1
223,52,14.5,0,4,0.5,1.1,0,0,1
223,53,4,0,1.1,0.1,0.3,0,0,1
223,63,2,0.1,0.4,0.2,0.2,0,0,1
223,67,1,0,0.2,0.1,0.1,0,0,1
223,88,7,0.3,0.6,0.8,0.6,0.1,0,1
223,89,5.5,0.2,0.5,0.6,0.5,0.1,0,1
223,92,4,0.3,0.6,0.4,1,0,0,1
223,99,4,0.2,0.6,0.7,0.1,0,0,1
223,117,2,0.1,0.2,0.4,0.1,0,0,1
223,130,50.5,2,21,1,2,0,0,0
223,131,57,0,10,10,0,0,0,0
223,132,106,2,22,15,2,0,0,0
223,133,7,1,0.3,1.3,0.3,0,0,1
223,134,17,2.4,0.8,3.2,0.6,0,0,1
223,135,10,0.2,1.3,0.9,1.2,0,0,1
223,143,3,0.1,0.1,0.5,0.4,0.1,0,1
223,145,4,0.1,0.3,0.5,0.2,0,0,1
223,147,2,0,0.2,0.3,0.1,0,0,1
223,150,1,0,0,0.3,0,0,0,1
223,219,3,0,0.6,0.4,0.5,0,0,1
223,220,22,0.5,1.9,6.3,1.3,0,0,1
223,221,114,5,4,6,42,2,0,0
223,222,63,7,4,8,12,0,0,0
224,4,6,0,1.3,0.9,0.4,0,0,1
224,5,3,0.2,0.2,0.3,0.4,0.1,0,1
224,8,2,0.1,0.2,0.2,0.3,0,0,1
224,9,7.5,0.6,0.6,0.7,0.9,0.2,0,1
224,10,4,0.2,0,0.6,0.6,0,0,1
224,24,2,0,0.2,0.1,0.4,0,0,1
224,39,1,0,0,0,0.4,0.1,0,1
224,40,2,0.1,0.2,0.4,0.1,0,0,1
224,41,1,0,0.1,0.2,0.1,0,0,1
224,46,3,0,0.2,0.4,0.5,0,0,1
224,48,10,0,0.6,1.4,1.7,0,0,1
224,51,2,0,0.6,0.1,0.1,0,0,1
224,52,3,0,0.9,0.1,0.2,0,0,1
224,62,1,0,0.2,0.1,0.1,0,0,1
224,63,4,0.2,0.8,0.4,0.3,0,0,1
224,87,2,0.1,0.2,0.2,0.2,0,0,1
224,88,6,0.2,0.6,0.7,0.5,0.1,0,1
224,89,14,0.5,1.3,1.6,1.2,0.2,0,1
224,90,2,0.1,0.3,0.2,0.5,0,0,1
224,92,8,0.6,1.1,0.9,2,0,0,1
224,95,8,0.3,1.2,1.4,0.2,0,0,1
224,100,3,0,0.4,0.3,0.4,0,0,1
224,101,2,0,0.2,0.2,0.3,0,0,1
224,107,1,0.1,0.1,0.1,0.2,0,0,1
224,118,2,0.1,0.2,0.4,0.1,0,0,1
224,132,249.5,0,7,78,0,0,48,0
224,133,23.5,3.4,1,4.4,0.8,0,0,1
224,140,4,0.1,0.2,0.7,0.5,0.1,0,1
224,146,5,0.1,0.4,0.6,0.3,0,0,1
224,147,9,0.2,0.7,1.1,0.5,0,0,1
224,220,13,0.3,1.1,3.7,0.8,0,0,1
224,221,12,0.3,1,3.4,0.7,0,0,1
224,222,61,0,13,8,2,0,0,0
224,223,1,0,0.1,0.3,0.1,0,0,1
224,233,2,0.1,0.1,0.3,0.5,0,0,1
224,235,3,0.1,0.2,0.4,0.8,0,0,1
225,1,3,0.2,0.4,0.3,0.5,0,0,1
225,5,3,0.1,0.3,0.2,0.5,0.1,0,1
225,6,3,0.1,0.3,0.2,0.5,0.1,0,1
225,7,5,0.1,0.5,0.4,0.9,0.1,0,1
225,9,7,0.1,0.7,0.6,1.3,0.1,0,1
225,11,6,0.3,0.1,0.9,0.8,0,0,1
225,23,8,0.1,0.7,0.4,1.6,0,0,1
225,27,3,0,0.3,0.2,0.6,0,0,1
225,28,8,0.1,0.7,0.4,1.6,0,0,1
225,30,5,0.1,0,0.1,2,0.1,0,1
225,36,2,0.2,0.3,0.2,0.3,0,0,1
225,40,2,0.1,0.2,0.4,0.1,0,0,1
225,43,6,0.3,0.7,1,0.4,0,0,1
225,52,3,0.5,0.3,0.2,0.3,0,0,1
225,53,1,0.1,0.1,0.1,0.1,0,0,1
225,54,5,0.8,0.6,0.3,0.5,0,0,1
225,55,9,0,1.1,2,0.5,0,0,1
225,67,6,0.3,1.2,0.7,0.4,0,0,1
225,78,8,0.1,1.6,1.1,0.1,0,0,1
225,80,3,0.1,0.7,0.4,0,0,0,1
225,81,9,0.3,2,1.2,0.1,0,0,1
225,88,14,0.5,0.2,0.5,3.8,0.3,0,1
225,89,1,0,0,0.1,0.3,0,0,1
225,90,10,1.1,1.3,1.2,0.6,0,0,1
225,91,7,0.8,1,0.8,0.4,0,0,1
225,92,14,1.6,1.9,1.6,0.8,0,0,1
225,94,4,0.5,0.5,0.5,0.2,0,0,1
225,95,5,0.1,0.5,1,0.7,0,0,1
225,120,4,0,0.3,1.3,0.2,0,0,1
225,131,2,0.1,0.1,0.6,0,0,0,1
225,132,19,0.6,0.6,5.3,0.6,0,0,1
225,133,8,0.2,0.3,2.3,0.2,0,0,1
225,135,2,0.1,0.1,0.6,0,0,0,1
225,147,18,0,0.8,3.3,2.4,0,0,1
225,148,2,0,0.1,0.3,0.3,0,0,1
225,149,2,0,0.1,0.3,0.3,0,0,1
225,209,5,0.1,0.7,0.7,0.4,0,0,1
225,215,2,0,0.4,0.3,0.3,0,0,1
225,220,2,0,0.5,0.2,0.2,0,0,1
225,222,6,0,1.6,0.6,0.6,0,0,1
225,223,2,0,0.5,0.2,0.2,0,0,1
225,235,2,0.1,0.1,0.3,0.5,0,0,1
225,237,3,0.1,0.2,0.4,0.8,0,0,1
226,2,16,1.3,2.2,1.3,2.6,0,0,1
226,4,1,0.1,0.1,0.1,0.2,0,0,1
226,6,1,0,0.1,0.1,0.2,0,0,1
226,7,1,0,0.1,0.1,0.2,0,0,1
226,8,4,0.1,0.4,0.3,0.7,0.1,0,1
226,34,1,0,0,0,0.4,0.1,0,1
226,35,5,0.5,0.8,0.4,0.8,0,0,1
226,37,3,0.3,0.5,0.2,0.5,0,0,1
226,47,10,0.5,1.1,1.8,0.6,0,0,1
226,52,8,1.3,0.9,0.6,0.8,0,0,1
226,53,12,2,1.3,0.8,1.2,0,0,1
226,54,6,1,0.7,0.4,0.6,0,0,1
226,57,4,0,0.5,0.9,0.2,0,0,1
226,81,2,0.1,0.4,0.3,0,0,0,1
226,85,6,0.2,0.1,0.2,1.7,0.1,0,1
226,88,6,0.2,0.1,0.2,1.7,0.1,0,1
226,89,7.5,0.3,0.1,0.3,2,0.1,0,1
226,90,8,0.9,1.1,0.9,0.5,0,0,1
226,91,38,3,2,5,3,0,0,0
226,92,28,3,2,2,7,0,0,0
226,93,33,1,4,1,8,0,0,0
226,128,18,0,1.1,6,1.1,0,0,1
226,150,7,0,0.2,1.9,0.1,0.1,0,1
226,161,2,0,0.2,0.5,0,0,0,1
226,208,21,0.3,3,3.1,1.7,0,0,1
226,209,32,0.5,4.6,4.6,2.6,0,0,1
226,226,4,0,1.1,0.4,0.4,0,0,1
226,227,2,0,0.5,0.2,0.2,0,0,1
226,236,1,0,0.1,0.1,0.3,0,0,1
227,4,2,0.1,0.3,0.2,0.3,0,0,1
227,6,5.5,0.1,0.6,0.4,1,0.1,0,1
227,7,6,0.1,0.6,0.5,1.1,0.1,0,1
227,10,3,0.2,0,0.4,0.4,0,0,1
227,23,1,0,0.1,0.1,0.2,0,0,1
227,25,4,0.1,0.3,0.2,0.8,0,0,1
227,29,4,0.1,0.3,0.2,0.8,0,0,1
227,31,3,0,0,0.1,1.2,0.1,0,1
227,33,5,0.1,0,0.1,2,0.1,0,1
227,35,3,0.3,0.5,0.2,0.5,0,0,1
227,36,1,0.1,0.2,0.1,0.1,0,0,1
227,39,3,0.3,0.5,0.2,0.5,0,0,1
227,41,1,0,0.1,0.2,0.1,0,0,1
227,43,3,0.2,0.3,0.5,0.2,0,0,1
227,45,4,0.2,0.4,0.7,0.3,0,0,1
227,46,1,0,0.1,0.2,0.1,0,0,1
227,50,4,0.7,0.4,0.3,0.4,0,0,1
227,51,1,0.1,0.1,0.1,0.1,0,0,1
227,52,4,0.7,0.4,0.3,0.4,0,0,1
227,53,6,1,0.7,0.4,0.6,0,0,1
227,54,13,2.1,1.4,0.9,1.4,0,0,1
227,66,5,0.3,1,0.6,0.3,0,0,1
227,67,4,0.2,0.8,0.4,0.3,0,0,1
227,68,10,0.6,2,1.1,0.7,0,0,1
227,69,2,0.1,0.4,0.2,0.2,0,0,1
227,81,23,0.7,5.2,3,0.3,0,0,1
227,82,10,0.3,2.3,1.3,0.1,0,0,1
227,83,4,0.1,0.9,0.5,0.1,0,0,1
227,84,3,0.1,0.7,0.4,0,0,0,1
227,88,6,0.2,0.1,0.2,1.7,0.1,0,1
227,89,7,0.2,0.1,0.3,1.9,0.1,0,1
227,95,17,0.3,1.8,3.2,2.5,0,0,1
227,96,3,0.1,0.3,0.6,0.4,0,0,1
227,150,7.5,0,0.2,2.1,0.1,0.1,0,1
227,169,2,0,0.2,0.5,0,0,0,1
227,194,2,0,0.2,0.5,0,0,0,1
227,207,10,0.1,1.5,1.5,0.8,0,0,1
227,208,13,0.2,1.9,1.9,1,0,0,1
227,214,1,0,0.2,0.1,0.2,0,0,1
227,223,2,0,0.5,0.2,0.2,0,0,1
227,226,6,0,1.6,0.6,0.6,0,0,1
227,231,2,0.1,0.1,0.3,0.5,0,0,1
227,234,4,0.2,0.3,0.5,1,0,0,1
227,236,4,0.2,0.3,0.5,1,0,0,1
227,238,7,0.3,0.5,1,1.7,0,0,1
227,240,2,0,0.4,0.2,0.2,0,0,1
228,0,7,0.6,0.9,0.6,1.1,0,0,1
228,2,2,0.1,0.3,0.2,0.3,0,0,1
228,3,3,0.2,0.4,0.3,0.5,0,0,1
228,4,3,0.2,0.4,0.3,0.5,0,0,1
228,5,4,0.1,0.4,0.3,0.7,0.1,0,1
228,6,1,0,0.1,0.1,0.2,0,0,1
228,7,3,0.1,0.3,0.2,0.5,0.1,0,1
228,8,7,0.1,0.7,0.6,1.3,0.1,0,1
228,11,4,0.2,0,0.6,0.6,0,0,1
228,34,3,0,0,0.1,1.2,0.1,0,1
228,35,2,0.2,0.3,0.2,0.3,0,0,1
228,37,5,0.5,0.8,0.4,0.8,0,0,1
228,39,3,0.3,0.5,0.2,0.5,0,0,1
228,42,3,0.2,0.3,0.5,0.2,0,0,1
228,44,5,0.2,0.6,0.9,0.3,0,0,1
228,45,3,0.2,0.3,0.5,0.2,0,0,1
228,46,2,0.1,0.2,0.4,0.1,0,0,1
228,50,7,1.1,0.8,0.5,0.7,0,0,1
228,51,9,1.5,1,0.6,0.9,0,0,1
228,52,3,0.5,0.3,0.2,0.3,0,0,1
228,53,4,0.7,0.4,0.3,0.4,0,0,1
228,54,1,0.1,0.1,0.1,0.1,0,0,1
228,55,7,0,0.8,1.6,0.4,0,0,1
228,67,6,0.3,1.2,0.7,0.4,0,0,1
228,76,3,0,0.6,0.5,0,0,0,1
228,77,21,0.2,4.2,3.1,0.2,0,0,1
228,78,19,0.2,3.7,2.8,0.2,0,0,1
228,80,5,0.2,1.1,0.6,0.1,0,0,1
228,81,48,3,9,4,1,0,0,0
228,82,47.5,1,3,8,3,0,0,0
228,83,4,0.1,0.9,0.5,0.1,0,0,1
228,87,3,0.1,0,0.1,0.8,0.1,0,1
228,94,50.5,5,1,6,11,1,0,0
228,95,256,11,5,11,85,0,1,0
228,96,461,14,20,32,135,4,5,0
228,97,7,0.2,0.7,1.3,1,0,0,1
228,148,3,0,0.1,0.6,0.4,0,0,1
228,149,19,0,0.9,3.4,2.6,0,0,1
228,150,30,0,0.8,8.3,0.4,0.4,0,1
228,151,4,0,0.1,1.1,0,0.1,0,1
228,167,39,2,4,1,12,0,0,0
228,168,96.5,2,9,16,21,1,0,0
228,169,55.5,0,0,14,7,0,0,0
228,170,20,0.5,1.3,4.9,0.2,0.2,0,1
228,188,2,0,0.2,0.4,0,0.2,0,1
228,190,8,0.1,0.9,1.8,0,0,0,1
228,207,11,0.1,1.6,1.6,0.9,0,0,1
228,208,2,0,0.3,0.3,0.2,0,0,1
228,209,4,0,0.6,0.6,0.3,0,0,1
228,210,1,0,0.2,0.1,0.2,0,0,1
228,216,1,0,0.2,0.1,0.2,0,0,1
228,217,8,0.1,1.5,1,1.3,0,0,1
228,238,5,0.2,0.3,0.7,1.3,0,0,1
228,239,4,0.2,0.3,0.5,1,0,0,1
228,241,2,0,0.4,0.2,0.2,0,0,1
228,253,4,0,0.4,0.8,0.2,0.1,0,1
229,13,8,0.4,0.1,1.1,1.1,0,0,1
229,17,7,0.3,0.1,1,1,0,0,1
229,18,10,0.5,0.1,1.4,1.4,0,0,1
229,19,6,0.3,0.1,0.9,0.8,0,0,1
229,26,1,0,0.1,0.1,0.2,0,0,1
229,27,12,0.2,1.1,0.6,2.3,0,0,1
229,28,8.5,0.1,0.8,0.4,1.7,0,0,1
229,30,3.5,0.1,0,0.1,1.3,0.1,0,1
229,39,3,0.3,0.5,0.2,0.5,0,0,1
229,43,2,0.1,0.2,0.4,0.1,0,0,1
229,45,2,0.1,0.2,0.4,0.1,0,0,1
229,48,2,0.1,0.2,0.4,0.1,0,0,1
229,50,14,2.3,1.6,0.9,1.4,0,0,1
229,51,4,0.7,0.4,0.3,0.4,0,0,1
229,52,19,3.1,2.1,1.2,2,0,0,1
229,53,6,1,0.7,0.4,0.6,0,0,1
229,54,5,0.8,0.6,0.3,0.5,0,0,1
229,55,18,0,2.1,4,1.1,0,0,1
229,56,9,0,1.1,2,0.5,0,0,1
229,57,3,0,0.3,0.7,0.2,0,0,1
229,66,7,0.4,1.4,0.8,0.5,0,0,1
229,67,7,0.4,1.4,0.8,0.5,0,0,1
229,68,6,0.3,1.2,0.7,0.4,0,0,1
229,76,26,0.3,5.1,3.8,0.3,0,0,1
229,77,43,0,17,3,0,0,0,0
229,78,71.5,1,24,2,0,0,0,0
229,79,19,0.2,3.7,2.8,0.2,0,0,1
229,80,42.5,2,5,7,0,0,0,0
229,81,5,0.2,1.1,0.6,0.1,0,0,1
229,82,32.5,0,6,5,2,1,0,0
229,83,2,0.1,0.4,0.3,0,0,0,1
229,93,9,1,1.2,1.1,0.5,0,0,1
229,94,60.5,7,4,9,6,1,0,0
229,95,168,4,13,18,38,0,0,0
229,96,132.5,5,3,12,33,0,0,0
229,97,65,3,16,5,10,0,0,0
229,98,16,0.3,1.7,3,2.3,0,0,1
229,114,1,0,0,0.1,0.3,0,0,1
229,130,1,0,0.1,0.3,0,0,0,1
229,148,76,0,6,20,0,0,0,0
229,149,70,0,5,18,0,0,0,0
229,150,11,0,0.3,3,0.1,0.2,0,1
229,151,2,0,0.1,0.6,0,0,0,1
229,166,9,0.1,1,2.2,0,0,0,1
229,167,38,0.6,4.3,9.2,0,0,0,1
229,168,42,5,9,3,3,0,0,0
229,169,11,0.2,1.2,2.7,0,0,0,1
229,184,16,0,1.8,2.9,0,1.5,0,1
229,185,4,0,0.4,0.7,0,0.4,0,1
229,186,44,1,5,2,13,0,0,0
229,187,26,1,3,4,6,1,0,0
229,188,16,0,1.8,2.9,0,1.5,0,1
229,189,6,0,0.7,1.1,0,0.5,0,1
229,190,39,0.7,4.1,8.9,0,0,0,1
229,191,36,0,4,10,0,0,0,0
229,192,6,0.1,0.6,1.4,0,0,0,1
229,207,14,0.2,2,2.1,1.1,0,0,1
229,208,31,1,3,6,1,1,0,0
229,209,25.5,0.4,3.7,3.7,2,0,0,1
229,220,2,0,0.5,0.2,0.2,0,0,1
229,230,3,0.1,0.2,0.4,0.8,0,0,1
229,238,3,0.1,0.2,0.4,0.8,0,0,1
229,241,3,0.1,0.6,0.3,0.2,0,0,1
230,22,4,0.1,0.1,0.3,1,0.1,0,1
230,25,7,0.1,0.1,0.6,1.8,0.2,0,1
230,29,2,0,0,0.2,0.5,0.1,0,1
230,38,2,0.2,0,0.2,0.2,0.1,0,1
230,40,3,0.2,0.3,0.5,0.2,0.1,0,1
230,47,2,0,0.1,0.5,0.1,0,0,1
230,50,31.5,8,2,1,1,0,0,0
230,51,32,4,1,3,3,1,0,0
230,52,9,1.1,0.5,1.1,0.7,0,0,1
230,53,31,4,1.7,3.7,2.3,0,0,1
230,54,8,1,0.4,1,0.6,0,0,1
230,56,4,0.2,0.5,0.3,0.5,0,0,1
230,57,13.5,0.8,1.8,0.9,1.5,0,0,1
230,68,29,0.8,5,3.5,0.3,0,0,1
230,77,15,0.3,2.2,2.2,0.1,0,0,1
230,78,69,0,8,15,0,0,0,0
230,79,85,4,11,18,0,0,0,0
230,80,30,2,2,9,0,0,0,0
230,93,45,10,5,2,0,0,0,0
230,94,94.5,14,9,17,5,1,0,0
230,95,68.5,7,14,11,1,0,0,0
230,96,8,0,1.6,1.9,0,0,0,1
230,97,13,0,2.5,3.1,0,0,0,1
230,98,41,1,14,4,0,0,0,0
230,99,31,0,11,1,0,0,0,0
230,100,82,0,10,22,0,0,0,0
230,101,25,0.2,2.3,6.5,0.2,0,0,1
230,102,10,0.1,0.9,2.6,0.1,0,0,1
230,103,3.5,0.1,0.3,0.9,0,0,0,1
230,104,6,0.1,0.5,1.6,0,0,0,1
230,131,3,0,0.2,1,0.2,0,0,1
230,140,2,0.1,0.1,0.6,0,0,0,1
230,145,25.5,0.6,1.6,7.1,0.5,0,0,1
230,146,10,0.2,0.7,2.8,0.2,0,0,1
230,147,33,0,4,11,0,0,0,0
230,148,61,3,12,10,0,0,0,0
230,149,93.5,0,4,26,0,0,0,0
230,150,6,0,0.2,1.6,0.1,0.1,0,1
230,166,10,0.2,0.6,2.5,0.1,0.1,0,1
230,167,30,0,4,7,0,0,0,0
230,168,32.5,0,7,8,0,0,0,0
230,169,28.5,0.7,1.9,7.1,0.2,0.2,0,1
230,171,1,0,0.1,0.3,0,0,0,1
230,183,2,0.1,0.2,0.5,0,0,0,1
230,184,44,0.7,4.6,11.2,0.6,0,0,1
230,185,54,1,5,13,1,0,0,0
230,186,89,4,5,13,15,0,0,0
230,187,113.5,2,4,20,21,0,0,0
230,188,53,2,1,15,8,0,0,0
230,189,55.5,0,1,17,0,0,0,0
230,191,2,0,0.2,0.5,0,0,0,1
230,206,15,0.2,3,2.1,0.2,0.2,0,1
230,207,83,4,8,8,18,0,0,0
230,208,78,2,6,10,15,0,0,0
230,209,32.5,0,0,12,0,0,0,0
230,210,50.5,0,0,17,0,0,0,0
230,211,18.5,0,7,4,0,0,0,0
230,215,1,0,0,0.3,0,0,0,1
230,217,2,0,0,0.6,0,0,0.1,1
230,227,2,0.1,0.3,0.1,0.3,0,0,1
230,228,1,0.1,0.1,0.1,0.1,0,0,1
230,229,2,0.1,0.3,0.1,0.3,0,0,1
230,232,4,0.2,0.5,0.5,0.4,0,0,1
230,240,1,0,0.1,0.3,0,0.1,0,1
230,246,2,0.1,0.3,0.4,0.1,0,0,1
230,249,1,0,0.2,0.2,0,0,0,1
230,254,1,0.1,0.2,0.1,0.2,0,0,1
230,255,4,0.4,0.5,0.7,0.3,0,0,1
231,16,2,0.1,0,0.3,0.3,0,0,1
231,19,3,0.2,0,0.4,0.4,0,0,1
231,27,6,0.1,0.1,0.5,1.5,0.2,0,1
231,36,3,0.3,0.1,0.3,0.2,0.2,0,1
231,39,4,0.3,0.1,0.5,0.3,0.2,0,1
231,40,3,0.2,0.3,0.5,0.2,0.1,0,1
231,42,11,0.6,0.9,1.9,0.9,0.3,0,1
231,43,6,0.3,0.5,1,0.5,0.2,0,1
231,45,1,0,0.1,0.2,0.1,0,0,1
231,46,4,0,0.2,1,0.3,0,0,1
231,51,2,0.3,0.1,0.2,0.2,0,0,1
231,52,22,2.9,1.2,2.6,1.6,0,0,1
231,53,6,0.8,0.3,0.7,0.5,0,0,1
231,54,9,1.1,0.5,1.1,0.7,0,0,1
231,57,19.5,1.1,2.6,1.3,2.2,0,0,1
231,58,3,0.2,0.4,0.2,0.3,0,0,1
231,67,23,0.6,4,2.8,0.2,0,0,1
231,69,4,0.1,0.7,0.5,0,0,0,1
231,77,46,0,0,17,0,0,0,0
231,78,76,0,0,22,0,1,0,0
231,79,57,4,0,17,0,0,0,0
231,80,17,1,0.2,2.4,2.2,0.3,0,1
231,81,4,0.2,0,0.6,0.5,0.1,0,1
231,82,10,0.6,0.1,1.4,1.3,0.2,0,1
231,92,1,0,0.1,0.2,0,0,0,1
231,93,52.5,5,9,5,0,0,0,0
231,94,57,21,4,0,0,0,0,0
231,95,50,3,14,4,0,0,0,0
231,96,48,0,12,9,0,0,0,0
231,97,16,0,3.1,3.8,0,0,0,1
231,98,46,0,11,6,0,0,0,0
231,99,97,0,4,29,0,0,0,0
231,100,94.5,1,22,14,0,0,0,0
231,101,93.5,0,10,24,0,0,0,0
231,102,63,0,1,18,0,0,0,0
231,104,2,0,0.2,0.5,0,0,0,1
231,123,4,0.1,0.4,0.7,0.2,0,0,1
231,124,2,0,0.2,0.4,0.1,0,0,1
231,145,37,0,2,10,0,0,0,0
231,146,25,0.5,1.6,7,0.5,0,0,1
231,147,56,1,4,14,11,1,0,0
231,148,90,1,13,19,4,0,0,0
231,149,64,0,12,10,0,0,0,0
231,167,10,0.2,0.6,2.5,0.1,0.1,0,1
231,168,45,0,4,11,0,0,0,0
231,169,26,0.7,1.7,6.4,0.2,0.2,0,1
231,183,13,0.2,1.3,3.3,0.2,0,0,1
231,184,8,0.1,0.9,2,0.1,0,0,1
231,185,24,0.4,1.4,6.4,0.4,0.4,0,1
231,186,6,0.1,0.3,1.6,0.1,0.1,0,1
231,188,10,0.1,0.6,2.7,0.1,0.2,0,1
231,189,27,0.4,1.6,7.3,0.4,0.4,0,1
231,206,24.5,0.3,5,3.5,0.3,0.3,0,1
231,207,29.5,4,4,4,5,0,0,0
231,208,55,1,2,5,14,0,0,0
231,209,33,0,3,10,0,0,0,0
231,210,6,0,0.8,1.6,0,0,0,1
231,223,1,0,0.1,0.1,0.2,0,0,1
231,229,6,0.4,0.9,0.4,0.7,0,0,1
231,230,2,0.1,0.2,0.3,0.2,0,0,1
231,237,2,0.1,0.2,0.3,0.2,0,0,1
231,239,3,0.1,0.4,0.4,0.3,0,0,1
231,240,2,0.1,0.1,0.5,0,0.2,0,1
231,243,1,0,0.1,0.3,0,0.1,0,1
231,246,6,0.2,1,1.3,0.2,0,0,1
231,253,2,0.2,0.5,0.1,0.3,0,0,1
231,255,2,0.2,0.3,0.4,0.1,0,0,1
232,27,3,0.1,0.1,0.2,0.7,0.1,0,1
232,29,6,0.1,0.1,0.5,1.5,0.2,0,1
232,30,4,0.3,0.1,0.1,0.9,0,0,1
232,33,8,0.5,0.2,0.2,1.8,0,0,1
232,34,2,0.1,0.1,0.1,0.4,0,0,1
232,35,5,0.4,0.1,0.6,0.4,0.3,0,1
232,36,1,0.1,0,0.1,0.1,0.1,0,1
232,38,3,0.3,0.1,0.3,0.2,0.2,0,1
232,39,2,0.2,0,0.2,0.2,0.1,0,1
232,42,4,0.2,0.4,0.7,0.3,0.1,0,1
232,45,3,0,0.2,0.7,0.2,0,0,1
232,47,3.5,0,0.2,0.8,0.3,0,0,1
232,51,3,0.4,0.2,0.3,0.2,0,0,1
232,52,22,2.9,1.2,2.6,1.6,0,0,1
232,53,14.5,1.9,0.8,1.7,1.1,0,0,1
232,54,25,3.2,1.4,3,1.8,0,0,1
232,55,9,0.5,1.2,0.6,1,0,0,1
232,57,11,0.6,1.5,0.7,1.2,0,0,1
232,58,2,0.1,0.3,0.1,0.2,0,0,1
232,63,2,0.1,0.4,0.2,0,0,0,1
232,66,6,0.2,1,0.7,0.1,0,0,1
232,67,7,0.2,1.2,0.8,0.1,0,0,1
232,69,9,0.2,1.6,1.1,0.1,0,0,1
232,76,37,0,4,7,0,0,0,0
232,77,13.5,0.3,1.9,2,0.1,0,0,1
232,78,27,0.6,3.9,3.9,0.3,0,0,1
232,79,43.5,3,6,9,0,0,0,0
232,80,34,1.9,0.5,4.8,4.4,0.5,0,1
232,81,48.5,2,2,7,6,1,0,0
232,82,73,4,5,3,23,0,0,0
232,93,35,1,3,10,0,0,0,0
232,94,32,2,8,4,0,0,0,0
232,95,46,1,10,10,0,0,0,0
232,96,59,0,9,15,0,0,0,0
232,97,18,0,3.5,4.3,0,0,0,1
232,98,16,0,3.1,3.8,0,0,0,1
232,99,19,0,3.6,4.6,0,0,0,1
232,100,11,0.1,1,2.9,0.1,0,0,1
232,101,21,0.2,1.9,5.5,0.2,0,0,1
232,102,28.5,0.3,2.6,7.4,0.2,0,0,1
232,104,4,0,0.4,1.1,0,0,0,1
232,112,2,0.1,0.2,0.2,0.5,0,0,1
232,119,4.5,0.3,0.3,0.5,1.1,0,0,1
232,121,49,2,12,7,0,0,0,0
232,122,64.5,0,0,22,0,0,0,0
232,123,88,0,3,23,0,0,0,0
232,124,13,0.2,1.2,2.5,0.8,0,0,1
232,125,19,0,1.1,5.3,0.5,0,0,1
232,135,4,0,0.3,1.3,0.2,0,0,1
232,136,4,0,0.3,1.3,0.2,0,0,1
232,144,2,0.1,0.1,0.6,0,0,0,1
232,146,10,0.2,0.7,2.8,0.2,0,0,1
232,147,164,5,13,9,54,0,0,0
232,148,64,2,11,8,11,1,0,0
232,149,21,0,6,4,0,1,0,0
232,152,2,0,0.1,0.6,0,0,0,1
232,167,5,0.1,0.3,1.2,0.1,0.1,0,1
232,168,40,0,2,14,0,0,0,0
232,169,12,0.3,0.8,2.9,0.1,0.1,0,1
232,206,5,0.1,1,0.7,0,0.1,0,1
232,207,26,0.3,5.3,3.7,0.3,0.3,0,1
232,208,74,0,3,24,0,0,0,0
232,209,59,0,7,17,0,0,0,0
232,210,41,0,5,11,1,0,0,0
232,211,10,0,1.3,2.7,0,0,0,1
232,225,7,0.4,1.1,0.4,0.9,0,0,1
232,228,2,0.1,0.3,0.1,0.3,0,0,1
232,230,4,0.2,0.5,0.5,0.4,0,0,1
232,239,5,0.2,0.6,0.6,0.6,0,0,1
232,244,2,0.1,0.1,0.5,0,0.2,0,1
232,250,4,0.4,0.9,0.3,0.6,0,0,1
232,253,3,0.3,0.7,0.3,0.4,0,0,1
232,255,7,0.6,1,1.2,0.5,0,0,1
233,32,5,0.3,0.1,0.2,1.1,0,0,1
233,37,7,0.6,0.2,0.7,0.6,0.4,0,1
233,39,4,0.3,0.1,0.5,0.3,0.2,0,1
233,41,1,0,0.1,0.2,0.1,0,0,1
233,45,2,0,0.1,0.5,0.1,0,0,1
233,49,13,0,0.7,3.1,1.1,0,0,1
233,52,12,1.5,0.7,1.4,0.9,0,0,1
233,53,28,3.6,1.5,3.4,2.1,0,0,1
233,54,25,3.2,1.4,3,1.8,0,0,1
233,55,90,0,2,19,1,0,0,0
233,56,45,0,1,9,2,1,0,0
233,57,58,3,2,10,7,0,0,0
233,58,7,0.4,0.9,0.5,0.8,0,0,1
233,59,1,0.1,0.1,0.1,0.1,0,0,1
233,61,8,0.2,1.4,0.9,0.1,0,0,1
233,64,1,0,0.2,0.1,0,0,0,1
233,65,2,0.1,0.4,0.2,0,0,0,1
233,66,10,0.3,1.7,1.2,0.1,0,0,1
233,76,43,0,13,4,0,0,0,0
233,77,57,1,17,4,0,1,0,0
233,78,31,0.7,4.5,4.5,0.3,0,0,1
233,79,6,0.1,0.9,0.9,0,0,0,1
233,80,5,0.3,0.1,0.7,0.6,0.1,0,1
233,81,28,4,5,2,3,0,0,0
233,82,243,0,11,25,68,9,0,0
233,94,65,1,15,8,0,0,0,0
233,95,25,0,7,6,0,0,0,0
233,96,5,0,1,1.2,0,0,0,1
233,97,9,0,1.7,2.2,0,0,0,1
233,121,2,0,0.2,0.4,0.1,0,0,1
233,122,21,0.3,2,3.9,1.3,0,0,1
233,123,123,0,8,21,17,1,0,0
233,124,90,1,8,8,31,1,0,0
233,125,63,0,4,18,0,0,0,0
233,126,17,0,0.9,4.7,0.5,0,0,1
233,147,29,1,6,2,2,0,0,0
233,148,19,0.4,1.2,5.3,0.4,0,0,1
233,152,2,0,0.1,0.6,0,0,0,1
233,167,6,0.1,0.4,1.5,0,0.1,0,1
233,168,3,0.1,0.2,0.8,0,0,0,1
233,207,68,0,2,23,0,0,15,0
233,208,71,0,12,14,0,0,0,0
233,209,41,0,6,8,0,1,0,0
233,210,23,0,3,6.3,0,0,0,1
233,211,15,0,2,4,0,0,0,1
233,214,11,0,1.4,3,0,0,0,1
233,215,19.5,0.1,0.2,5.3,0,0,0.9,1
233,220,6,0.1,0.2,0.6,1.4,0.1,0,1
233,221,2,0,0.1,0.2,0.5,0,0,1
233,225,39,0,7,8,0,0,0,0
233,226,39,0,2,12,1,0,0,0
233,227,2,0.1,0.3,0.1,0.3,0,0,1
233,229,2,0.1,0.3,0.1,0.3,0,0,1
233,231,9,0.4,1.1,1.1,1,0,0,1
233,232,6,0.3,0.7,0.7,0.7,0,0,1
233,233,2,0.1,0.2,0.3,0.2,0,0,1
233,244,2,0.1,0.1,0.5,0,0.2,0,1
233,245,3,0.1,0.5,0.6,0.1,0,0,1
233,246,4,0.1,0.7,0.9,0.1,0,0,1
233,251,1,0.1,0.2,0.1,0.2,0,0,1
233,255,12,1,1.7,2.1,0.9,0,0,1
234,2,1,0.1,0.2,0.1,0.1,0,0,1
234,31,3,0.1,0.1,0.1,0.7,0,0,1
234,34,6,0.3,0.2,0.2,1.4,0,0,1
234,37,5,0.4,0.1,0.6,0.4,0.3,0,1
234,43,7.5,0.4,0.7,1.3,0.6,0.2,0,1
234,46,4,0,0.2,1,0.3,0,0,1
234,47,3,0,0.2,0.7,0.2,0,0,1
234,49,2,0,0.1,0.5,0.1,0,0,1
234,53,1,0.1,0.1,0.1,0.1,0,0,1
234,54,33,7,4,1,2,0,0,0
234,55,42,3,5,2,4,0,0,0
234,56,67.5,12,2,11,3,0,0,0
234,57,64.5,7,2,13,0,0,0,0
234,58,13,0.7,1.7,0.9,1.5,0,0,1
234,59,7,0.4,0.9,0.5,0.8,0,0,1
234,60,1,0,0.2,0.1,0,0,0,1
234,62,3,0.1,0.5,0.4,0,0,0,1
234,65,1,0,0.2,0.1,0,0,0,1
234,66,3,0.1,0.5,0.4,0,0,0,1
234,75,4,0.1,0.6,0.6,0,0,0,1
234,76,52,0,23,2,0,0,0,0
234,77,31,0,9,2,1,0,0,0
234,82,65.5,2,3,11,9,1,0,0
234,94,56,0,14,6,0,0,0,0
234,95,46.5,0,9,7,0,0,0,0
234,115,6,0.4,0.4,0.7,1.4,0,0,1
234,123,22,0.3,2.1,4.1,1.4,0,0,1
234,124,238,2,11,20,71,0,0,0
234,125,44,2,3,11,2,0,0,0
234,126,28,2,5,7,0,0,0,0
234,207,8,0.1,1.7,1.1,0.1,0.1,0,1
234,208,57,0,3,16,0,0,0,0
234,209,34.5,0,0,12,0,1,0,0
234,210,21,0,2.8,5.7,0,0,0,1
234,211,60,0,17,7,0,0,0,0
234,212,53.5,0,9,8,0,0,0,0
234,213,17.5,0,2.3,4.8,0,0,0,1
234,214,18,0,2.4,4.9,0,0,0,1
234,215,91.5,0.8,0.8,24.9,0,0,4,1
234,220,7,0.1,0.3,0.7,1.6,0.1,0,1
234,221,35.5,2,4,10,3,0,0,0
234,223,37,0.7,1.4,3.5,8.4,0.7,0,1
234,224,41,0,7,7,1,1,0,0
234,225,63,0,9,15,0,0,0,0
234,226,2,0.1,0.3,0.1,0.3,0,0,1
234,227,1,0.1,0.1,0.1,0.1,0,0,1
234,229,5,0.3,0.8,0.3,0.6,0,0,1
234,233,3,0.1,0.4,0.4,0.3,0,0,1
234,245,2,0.1,0.3,0.4,0.1,0,0,1
234,247,38,1,7,7,0,0,0,0
234,248,13.5,0.4,2.2,3,0.4,0,0,1
234,250,2,0.2,0.5,0.1,0.3,0,0,1
235,0,5,0.4,0.5,1.2,0,0,0,1
235,1,5,0.4,0.5,1.2,0,0,0,1
235,2,3,0.3,0.3,0.7,0,0,0,1
235,28,8,0.1,0.2,0.7,2,0.2,0,1
235,29,5,0.1,0.1,0.4,1.3,0.1,0,1
235,33,4,0.3,0.1,0.1,0.9,0,0,1
235,34,1,0.1,0,0,0.2,0,0,1
235,37,1,0.2,0.1,0.1,0.1,0,0,1
235,38,2,0.4,0.1,0.2,0.3,0,0,1
235,41,3,0.3,0.3,0.4,0.4,0,0,1
235,43,9,0.8,1,1.3,1.2,0,0,1
235,45,2,0.1,0.2,0.1,0.4,0,0,1
235,49,4,0.1,0.4,0.3,0.7,0.1,0,1
235,54,52,9,1,4,8,0,0,0
235,55,3,0.3,0.4,0.1,0.5,0,0,1
235,56,13,1.1,1.9,0.6,2.1,0,0,1
235,57,68,11,2,12,1,0,0,0
235,58,145,0,1,46,0,0,0,0
235,59,122.5,0,1,40,1,0,0,0
235,60,53.5,0,5,10,0,2,0,0
235,61,8,0.1,0.3,2.3,0.2,0.1,0,1
235,62,8,0.1,0.3,2.3,0.2,0.1,0,1
235,63,37,0,0,11,0,0,0,0
235,64,9,0.1,0.3,2.6,0.2,0.1,0,1
235,75,2,0,0.3,0,0.4,0.1,0,1
235,76,18,0.4,2.3,0.5,3.2,0.5,0,1
235,94,7,0,0.6,1.6,0,0,0,1
235,95,27.5,0,2.3,6.2,0,0,0,1
235,124,51,3.7,3.8,6.8,2.2,0,0,1
235,125,35,1,6,8,1,0,0,0
235,126,33,0,6,6,0,0,0,0
235,207,9,0.1,1.1,1.1,1.1,0,0,1
235,208,5,0.1,0.6,0.6,0.6,0,0,1
235,209,20.5,0,10,1,0,0,0,0
235,210,34,0,13,3,0,0,0,0
235,211,35,0,12,1,0,0,0,0
235,212,62,0,28,1,0,0,0,0
235,213,20,0.5,4.1,2.1,1.5,0,0,1
235,214,53,2,7,11,0,0,0,0
235,215,38,0,1,15,0,0,0,0
235,216,3,0.5,0.6,0.3,0.2,0,0,1
235,220,5.5,0.2,0.6,0.7,0.6,0,0,1
235,221,10,0.3,1.1,1.3,1.1,0,0,1
235,222,94,2,3,4,32,0,0,0
235,223,129.5,1,7,6,43,1,4,0
235,224,53,1,6,9,7,0,0,0
235,225,61,0,4,13,4,1,0,0
235,228,5,0.1,1.4,0.4,0.1,0,0,1
235,229,8,0.2,2.2,0.6,0.2,0,0,1
235,242,3,0.1,0.2,0.7,0.1,0.3,0,1
235,247,12,0.4,0.9,2.9,0.2,1.1,0,1
235,248,14,0.5,1,3.3,0.3,1.3,0,1
235,249,12,0.4,0.9,2.9,0.2,1.1,0,1
235,250,54,3,4,3,18,1,0,0
235,251,30,2,2,6,2,0,0,0
235,252,8,0.7,1,1.2,0.3,0,0,1
235,253,6,0.5,0.8,0.9,0.2,0,0,1
235,255,2,0.2,0.5,0.1,0.3,0,0,1
236,0,14.5,1.2,1.3,3.5,0.2,0,0,1
236,1,2,0.2,0.2,0.5,0,0,0,1
236,34,2,0.1,0.1,0.1,0.4,0,0,1
236,35,1,0.2,0.1,0.1,0.1,0,0,1
236,36,2,0.4,0.1,0.2,0.3,0,0,1
236,37,1,0.2,0.1,0.1,0.1,0,0,1
236,38,1,0.2,0.1,0.1,0.1,0,0,1
236,40,1,0.1,0.1,0.2,0.1,0,0,1
236,41,6,0.6,0.7,0.8,0.8,0,0,1
236,46,2,0.1,0.2,0.1,0.4,0,0,1
236,47,13,0.5,1.4,0.9,2.2,0.2,0,1
236,48,1,0,0.1,0.1,0.2,0,0,1
236,55,4,0.4,0.6,0.2,0.6,0,0,1
236,56,30,2.6,4.4,1.3,4.9,0,0,1
236,57,3,0.3,0.4,0.1,0.5,0,0,1
236,58,172,0,0,57,0,0,0,0
236,59,92,0,0,36,0,0,0,0
236,60,153,0,0,48,0,0,13,0
236,61,86,0,2,24,0,0,0,0
236,62,33,0.3,1,9.5,1,0.4,0,1
236,63,119,0,0,32,0,0,0,0
236,64,91.5,0,0,30,0,0,0,0
236,65,42.5,0,0,15,0,0,0,0
236,108,1,0,0.3,0.1,0,0,0,1
236,124,17,1.2,1.3,2.3,0.7,0,0,1
236,125,37,0,3.1,8.5,0,0,0,1
236,126,11,0,0.9,2.5,0,0,0,1
236,207,2,0.1,0.2,0.3,0.2,0,0,1
236,209,14,0.2,1.7,1.7,1.7,0,0,1
236,210,31.5,0,14,1,0,0,0,0
236,211,39,2,8,5,0,0,0,0
236,212,50,6,11,5,1,0,0,0
236,213,54,3,9,14,5,0,0,0
236,214,78,0,29,3,2,0,0,0
236,215,64,0,3,14,0,0,0,0
236,216,20,3.3,4.1,2,1.2,0,0,1
236,217,4,0.7,0.8,0.4,0.2,0,0,1
236,222,31.5,0,5,1,9,0,0,0
236,223,17,0.4,1.9,2.3,1.8,0,0,1
236,224,56,0,7,15,0,0,0,0
236,225,29,0.6,8,2.2,0.8,0.2,0,1
236,227,4,0.1,1.1,0.3,0.1,0,0,1
236,228,5,0.1,1.4,0.4,0.1,0,0,1
236,229,2,0,0.6,0.1,0.1,0,0,1
236,230,7,0,2.2,0.6,0.9,0,0,1
236,231,5,0,1.6,0.4,0.6,0,0,1
236,232,2,0,0.6,0.2,0.3,0,0,1
236,233,4,0,1.3,0.3,0.5,0,0,1
236,249,6,0.2,0.4,1.4,0.1,0.6,0,1
236,250,52,3,6,9,3,0,0,0
236,251,45,0,7,10,0,0,0,0
236,252,25.5,2,3.3,3.8,1,0,0,1
237,1,17,1.4,1.5,4.1,0.2,0,0,1
237,2,2,0.2,0.2,0.5,0,0,0,1
237,12,5,0.2,0.1,0.7,0.7,0,0,1
237,35,2,0.4,0.1,0.2,0.3,0,0,1
237,36,5,1.1,0.2,0.5,0.6,0,0,1
237,37,5,1.1,0.2,0.5,0.6,0,0,1
237,39,11,2.5,0.3,1.1,1.4,0,0,1
237,41,1,0.1,0.1,0.2,0.1,0,0,1
237,43,4,0.4,0.5,0.5,0.5,0,0,1
237,46,1,0,0.1,0.1,0.2,0,0,1
237,47,1,0,0.1,0.1,0.2,0,0,1
237,49,4,0.1,0.4,0.3,0.7,0.1,0,1
237,51,4,0.1,0.5,0.3,0.4,0.1,0,1
237,52,19,0.6,2.4,1.5,1.8,0.3,0,1
237,53,1,0,0.1,0.1,0.1,0,0,1
237,56,5,0.5,0.7,0.2,0.8,0,0,1
237,57,6,0.5,0.9,0.2,1,0,0,1
237,58,45,0,10,11,0,0,0,0
237,59,65,0,0,23,0,0,0,0
237,60,178.5,0,0,61,0,0,56,0
237,61,27.5,0.3,0.9,7.9,0.8,0.3,0,1
237,62,67,0,2,19,0,0,0,0
237,63,90,0,0,27,0,0,0,0
237,64,96.5,0,0,30,0,0,0,0
237,65,39,0,0,10,0,1,0,0
237,68,2,0.1,0.1,0.4,0,0,0,1
237,70,12,0.3,1.5,0.3,2.2,0.3,0,1
237,104,5,0,1.3,0.7,0.2,0,0,1
237,105,16.5,0,4.4,2.2,0.8,0,0,1
237,106,4,0,1.1,0.5,0.2,0,0,1
237,209,1,0.1,0.1,0.1,0.1,0,0,1
237,210,5,0.2,1,0.5,0.4,0,0,1
237,211,26,0,5,8,0,0,0,0
237,212,67,6,5,7,6,2,0,0
237,213,113,10,7,11,26,1,0,0
237,214,168,5,6,13,54,0,0,0
237,215,88.5,4,8,10,17,2,0,0
237,216,5,0.8,1.1,0.5,0.3,0,0,1
237,217,5,0.8,1.1,0.5,0.3,0,0,1
237,222,19,0.5,2.1,2.5,2,0,0,1
237,223,13.5,0.3,1.5,1.8,1.5,0,0,1
237,224,13,0.3,1.4,1.8,1.4,0,0,1
237,225,13,0.3,3.6,1,0.3,0.1,0,1
237,226,15,0.3,4.2,1.1,0.4,0.1,0,1
237,227,16,0.4,4.4,1.2,0.4,0.1,0,1
237,228,7,0.2,1.9,0.5,0.2,0,0,1
237,231,2,0,0.6,0.2,0.3,0,0,1
237,233,5,0,1.6,0.4,0.6,0,0,1
237,250,4,0.3,0.5,0.6,0.2,0,0,1
237,251,27,2.1,3.5,4,1.1,0,0,1
237,252,51,17,4,0,0,0,0,0
237,254,3,0.2,0.4,0.5,0.1,0,0,1
237,255,4,0.4,0.9,0.3,0.6,0,0,1
238,0,12,1,1.1,2.9,0.1,0,0,1
238,2,6,0.5,0.6,1.4,0.1,0,0,1
238,4,2,0.2,0.2,0.5,0,0,0,1
238,5,1,0.1,0.2,0.1,0.1,0,0,1
238,6,10,1.2,2,0.4,1.2,0,0,1
238,7,2,0.3,0.4,0.1,0.2,0,0,1
238,8,2,0.3,0.4,0.1,0.2,0,0,1
238,40,3,0.3,0.3,0.4,0.4,0,0,1
238,41,3,0.3,0.3,0.4,0.4,0,0,1
238,42,1,0.1,0.1,0.2,0.1,0,0,1
238,47,17,0.6,1.7,1.2,2.9,0.3,0,1
238,49,3,0.1,0.3,0.2,0.5,0.1,0,1
238,50,2,0.1,0.2,0.2,0.2,0,0,1
238,51,10,0.3,1.3,0.8,0.9,0.2,0,1
238,53,8,0.3,1,0.6,0.8,0.1,0,1
238,56,4,0.4,0.6,0.2,0.6,0,0,1
238,57,76,0,29,0,0,0,0,0
238,58,79.5,1,10,21,0,0,0,0
238,60,12,0.1,0.4,3.4,0.4,0.1,0,1
238,61,28,2,6,3,0,0,0,0
238,62,34,3,3,6,2,0,0,0
238,63,88,4,0,24,1,0,0,0
238,64,87,0,0,25,0,0,0,0
238,65,22,0.8,0.8,4.2,0.4,0,0,1
238,67,6,0.2,0.2,1.2,0.1,0,0,1
238,68,6,0.2,0.2,1.2,0.1,0,0,1
238,71,1,0,0.2,0,0.2,0,0,1
238,74,6,0.1,0.8,0.1,1.1,0.2,0,1
238,104,7,0,1.9,0.9,0.3,0,0,1
238,105,18,0,4.8,2.4,0.8,0,0,1
238,202,13,0.2,1.6,1.6,1.5,0,0,1
238,211,2,0,0.4,0.2,0.2,0,0,1
238,213,10,0.3,2,1,0.8,0,0,1
238,214,51,6,11,1,4,0,0,0
238,215,66.5,4,4,6,12,0,0,0
238,216,77,11,9,13,0,0,0,0
238,217,2,0.4,0.4,0.2,0.1,0,0,1
238,220,5,0.1,0.6,0.7,0.5,0,0,1
238,222,13,0.3,1.4,1.8,1.4,0,0,1
238,223,4,0.1,0.5,0.5,0.4,0,0,1
238,226,6,0.1,1.6,0.5,0.2,0,0,1
238,227,28,0.6,7.7,2.1,0.8,0.2,0,1
238,228,11,0.3,3,0.8,0.3,0.1,0,1
238,229,5,0.1,1.4,0.4,0.1,0,0,1
238,230,2,0,0.6,0.2,0.3,0,0,1
238,231,1,0,0.3,0.1,0.1,0,0,1
238,232,2,0,0.6,0.2,0.3,0,0,1
238,251,9,0.7,1.2,1.3,0.4,0,0,1
238,252,34,12,5,0,0,0,0,0
238,253,13,1,1.7,2,0.5,0,0,1
238,255,1,0.1,0.2,0.1,0.2,0,0,1
239,0,4,0.3,0.4,1,0,0,0,1
239,2,4,0.3,0.4,1,0,0,0,1
239,3,6.5,0.5,0.6,1.6,0.1,0,0,1
239,4,4,0.3,0.4,1,0,0,0,1
239,6,2,0.3,0.4,0.1,0.2,0,0,1
239,8,3,0.4,0.6,0.1,0.3,0,0,1
239,9,4,0.5,0.8,0.1,0.5,0,0,1
239,10,12,0.6,0.1,1.7,1.7,0,0,1
239,23,3.5,0,0.1,0.3,0.9,0.1,0,1
239,24,2,0,0,0.2,0.5,0.1,0,1
239,25,1,0,0,0.1,0.3,0,0,1
239,43,4,0.4,0.5,0.5,0.5,0,0,1
239,44,9,0.8,1,1.3,1.2,0,0,1
239,45,2,0.1,0.2,0.1,0.4,0,0,1
239,47,6,0.2,0.6,0.4,1.1,0.1,0,1
239,49,2,0.1,0.2,0.1,0.4,0,0,1
239,50,1,0,0.1,0.1,0.1,0,0,1
239,51,10,0.3,1.3,0.8,0.9,0.2,0,1
239,52,2,0.1,0.2,0.2,0.2,0,0,1
239,53,6,0.2,0.7,0.5,0.6,0.1,0,1
239,57,162.5,1,71,2,1,0,16,0
239,58,119,1,31,17,0,0,17,0
239,59,100,8,14,18,1,0,0,0
239,60,36,1,5,11,0,0,0,0
239,61,31,1,4,6,3,0,0,0
239,62,35,0,6,5,0,0,0,0
239,63,61.5,1,3,17,1,0,0,0
239,64,72,0,0,22,0,0,0,0
239,65,15,0.5,0.5,2.9,0.3,0,0,1
239,66,2,0.1,0.1,0.4,0,0,0,1
239,67,4,0.1,0.1,0.8,0.1,0,0,1
239,105,20,0,5.3,2.7,0.9,0,0,1
239,106,27,1,6,3,1,0,0,0
239,107,10,0,2.7,1.3,0.5,0,0,1
239,108,8,0,2.1,1.1,0.4,0,0,1
239,112,5,0.3,0.3,0.6,1.2,0,0,1
239,202,2,0.1,0.2,0.3,0.2,0,0,1
239,206,4,0.1,0.5,0.5,0.4,0,0,1
239,214,2,0,0.4,0.2,0.2,0,0,1
239,215,5,0.8,1.1,0.5,0.3,0,0,1
239,216,5,0.8,1.1,0.5,0.3,0,0,1
239,221,11,0.3,1.2,1.4,1.2,0,0,1
239,222,6,0.2,0.6,0.8,0.6,0,0,1
239,223,3,0.1,0.3,0.4,0.3,0,0,1
239,227,8,0.2,2.2,0.6,0.2,0,0,1
239,228,7,0.2,1.9,0.5,0.2,0,0,1
239,229,16,0.4,4.4,1.2,0.4,0.1,0,1
239,230,3,0,1,0.2,0.4,0,0,1
239,231,3,0,1,0.2,0.4,0,0,1
239,232,2,0,0.6,0.2,0.3,0,0,1
239,239,2,0.1,0.2,0.3,0.2,0,0,1
239,250,5,0.4,0.7,0.7,0.2,0,0,1
239,255,5,0.5,1.2,0.4,0.7,0,0,1
240,0,44,11,1,3,0,0,0,0
240,1,11,0.3,1.4,1.4,1,0,0,1
240,2,3,0.1,0.3,0.4,0.3,0,0,1
240,4,6,0.2,0.7,0.7,0.6,0,0,1
240,7,5,0.5,0.4,0.4,0.8,0,0,1
240,8,2,0.2,0.1,0.2,0.3,0,0,1
240,9,3,0.3,0.2,0.3,0.5,0,0,1
240,10,17,0,1.4,3.5,3.8,0.3,0,1
240,11,9,0,0.7,1.9,2,0.2,0,1
240,44,5,0.5,0,0.4,1.2,0,0,1
240,46,8,1.1,0.5,0.5,1.9,0,0,1
240,49,6,0.8,0.4,0.4,1.4,0,0,1
240,51,10,0.7,1.2,0.7,1.4,0,0,1
240,52,9,0.6,1.1,0.7,1.2,0,0,1
240,53,5,0.3,0.6,0.4,0.7,0,0,1
240,54,11,0.8,1.3,0.8,1.5,0,0,1
240,56,70,20,0,0,2,0,19,0
240,57,292,32,86,0,3,0,95,0
240,58,450.5,66,124,3,0,0,120,0
240,59,181.5,55,5,13,2,0,0,0
240,60,100.5,3,16,14,2,0,0,0
240,61,29,2,3,3,6,0,0,0
240,62,35,2,5,6,3,0,0,0
240,63,13,0.4,0.5,3.2,0.3,0,0,1
240,64,30,1,1,7.4,0.7,0,0,1
240,65,2,0.2,0.1,0.2,0.2,0,0,1
240,66,6,0.6,0.1,0.7,0.7,0,0,1
240,101,1,0,0.2,0.1,0.1,0,0,1
240,102,8,0.2,1.3,0.8,0.9,0,0,1
240,105,23,1.3,3.3,3.6,1.1,0,0,1
240,106,91.5,9,8,11,15,0,0,0
240,107,93,5,13,14,9,1,0,0
240,108,37,0,2,9,0,0,0,0
240,109,12,0.7,1.7,1.8,0.6,0,0,1
240,205,2,0.1,0.3,0.4,0.1,0,0,1
240,210,2,0,0.1,0.6,0,0,0,1
240,211,8,0,0.2,2.2,0.2,0,0,1
240,213,1,0,0,0.3,0,0,0,1
240,215,4,0.1,0.3,0.5,0.5,0.1,0,1
240,216,3,0.1,0.2,0.3,0.4,0.1,0,1
240,217,1,0,0.1,0.1,0.2,0,0,1
240,223,6,0.3,1.6,0.1,0.5,0,0,1
240,224,1,0,0.3,0,0.1,0,0,1
240,227,8,0,3.1,0.3,0.1,0.1,0,1
240,228,16,0,6.1,0.7,0.2,0.3,0,1
240,229,24,0,11,0,0,0,0,0
240,230,12,1,2.5,0.6,1.2,0,0,1
240,231,18,1.5,3.8,0.9,1.8,0,0,1
240,232,11,1,2.3,0.5,1.1,0,0,1
240,241,2,0.1,0.4,0.2,0.1,0,0,1
240,250,5,0.3,1,0.6,0.1,0,0,1
240,251,29,3,6,2,0,0,0,0
240,252,28.5,1.4,5.5,3.6,0.7,0,0,1
240,253,1,0.1,0.2,0.1,0,0,0,1
240,255,7,0.5,1.1,0.4,0.8,0,0,1
241,0,29,0.8,3.5,3.6,2.8,0,0,1
241,3,3,0.1,0.3,0.4,0.3,0,0,1
241,4,5,0.1,0.6,0.6,0.5,0,0,1
241,7,2,0.2,0.1,0.2,0.3,0,0,1
241,9,4,0.4,0.3,0.3,0.7,0,0,1
241,10,2,0,0.2,0.4,0.5,0,0,1
241,14,7,0,0.6,1.4,1.6,0.1,0,1
241,44,3,0.3,0,0.2,0.7,0,0,1
241,45,2,0.3,0.1,0.1,0.5,0,0,1
241,46,6,0.8,0.4,0.4,1.4,0,0,1
241,47,2,0.3,0.1,0.1,0.5,0,0,1
241,48,6,0.8,0.4,0.4,1.4,0,0,1
241,49,3,0.4,0.2,0.2,0.7,0,0,1
241,50,6,0.4,0.7,0.5,0.8,0,0,1
241,51,11.5,0.8,1.4,0.9,1.5,0,0,1
241,52,36.5,6,4,1,5,0,0,0
241,53,8,0.6,0.9,0.6,1.1,0,0,1
241,54,18,1.3,2.2,1.4,2.4,0,0,1
241,57,248.5,1,99,9,8,0,98,0
241,58,618.5,109,16,69,0,0,124,0
241,59,79.5,9,20,9,0,0,0,0
241,60,98,15,14,13,2,1,0,0
241,61,69.5,0,11,12,6,0,0,0
241,62,30,3,2,3,5,0,0,0
241,63,11,0.3,0.4,2.7,0.3,0,0,1
241,79,8,0.2,1.8,0.7,1,0,0,1
241,80,57,7,1,11,11,0,0,0
241,81,288,5,7,13,109,0,0,0
241,82,99.5,1,8,8,41,0,0,0
241,83,19,0.2,2.7,3.5,0.5,0.3,0,1
241,102,3,0.1,0.5,0.3,0.3,0,0,1
241,105,17,1,2.5,2.6,0.8,0,0,1
241,106,83,4,5,10,14,3,0,0
241,107,133,5,8,15,33,0,2,0
241,108,76.5,1,8,10,10,1,0,0
241,109,60.5,3,5,7,9,0,0,0
241,110,7,0.1,0.4,1.6,0.3,0.1,0,1
241,222,5,0.3,1.3,0.1,0.4,0,0,1
241,223,1,0,0.3,0,0.1,0,0,1
241,227,2,0,0.8,0.1,0,0,0,1
241,228,16,0,6.1,0.7,0.2,0.3,0,1
241,229,5,0,1.9,0.2,0.1,0.1,0,1
241,231,1,0.1,0.2,0,0.1,0,0,1
241,232,2,0.2,0.4,0.1,0.2,0,0,1
241,233,13,1.1,2.7,0.7,1.3,0,0,1
241,234,4,0.4,0.8,0.2,0.4,0,0,1
241,238,1,0,0.2,0,0.2,0,0,1
241,242,3,0.2,0.5,0.3,0.2,0.1,0,1
241,245,3,0.5,0.4,0.2,0.1,0,0,1
241,246,3,0.5,0.4,0.2,0.1,0,0,1
241,251,1,0.1,0.2,0.1,0,0,0,1
241,252,43,11,5,4,0,0,0,0
241,254,5,0.3,1,0.6,0.1,0,0,1
242,4,4.5,0.1,0.6,0.6,0.4,0,0,1
242,8,7,0.7,0.5,0.6,1.1,0,0,1
242,20,3,0,0.1,0.1,0.8,0,0,1
242,22,7.5,0.1,0.3,0.1,2.1,0,0,1
242,27,11,0.1,0.5,0.1,3,0,0,1
242,47,2,0.3,0.1,0.1,0.5,0,0,1
242,48,5,0.7,0.3,0.3,1.2,0,0,1
242,49,2,0.3,0.1,0.1,0.5,0,0,1
242,50,16,1.2,1.9,1.2,2.2,0,0,1
242,51,7,0.5,0.9,0.5,0.9,0,0,1
242,52,15,1.1,1.8,1.1,2.1,0,0,1
242,53,25,4,2,3,3,1,0,0
242,54,7,0.5,0.9,0.5,0.9,0,0,1
242,55,1,0.1,0.1,0.1,0.1,0,0,1
242,56,36,5,9,1,0,0,0,0
242,57,38,2,4,7,2,0,0,0
242,58,60,4,5,13,6,0,0,0
242,59,56,9,9,3,2,0,0,0
242,60,55,6,6,7,0,0,0,0
242,61,54.5,1,0,16,0,0,0,0
242,62,74,0,0,26,0,0,0,0
242,79,28,0.6,6.2,2.5,3.8,0,0,1
242,80,63.5,2,9,11,5,1,0,0
242,81,121,5,4,4,49,3,0,0
242,82,141,6,8,18,21,1,0,0
242,83,57,0,9,11,0,1,0,0
242,84,69,0,8,14,0,0,0,0
242,105,13,0.7,1.9,2,0.6,0,0,1
242,107,31,0,1,5,6,0,0,0
242,108,56,2,3,13,2,1,0,0
242,109,35,1,0,9,6,0,0,0
242,110,51,0.7,2.7,11.7,2.1,0.7,0,1
242,111,2,0,0.1,0.5,0.1,0,0,1
242,204,10,0,2.3,1.5,0.3,0,0,1
242,215,4,0.1,0.3,0.5,0.5,0.1,0,1
242,221,8,0.4,2.1,0.2,0.7,0,0,1
242,222,13,0.7,3.4,0.4,1,0,0,1
242,234,19,1.6,4,0.9,1.9,0,0,1
242,235,22,0,11,0,0,0,0,0
242,238,4,0,0.7,0.1,0.6,0,0,1
242,239,2,0,0.3,0.1,0.3,0,0,1
242,240,2,0.1,0.4,0.2,0.1,0,0,1
242,242,9,0.7,1.6,0.8,0.6,0.1,0,1
242,244,3,0.2,0.5,0.3,0.2,0.1,0,1
242,245,8,1.2,1,0.7,0.3,0,0,1
242,247,1,0.2,0.1,0.1,0,0,0,1
242,248,3,0.5,0.4,0.2,0.1,0,0,1
242,251,10,0.5,1.9,1.2,0.3,0,0,1
242,252,101,11,1,42,0,0,11,0
242,253,7,0.3,1.3,0.9,0.2,0,0,1
242,254,9,0.5,1.7,1.1,0.2,0,0,1
243,2,4.5,0.1,0.6,0.6,0.4,0,0,1
243,3,7,0.2,0.8,0.9,0.7,0,0,1
243,9,2,0.2,0.1,0.2,0.3,0,0,1
243,20,1,0,0,0,0.3,0,0,1
243,48,13,1.7,0.9,0.9,3,0,0,1
243,49,3,0.4,0.2,0.2,0.7,0,0,1
243,51,12,0.9,1.4,0.9,1.6,0,0,1
243,53,13,1,1.6,1,1.7,0,0,1
243,54,63.5,3,5,6,13,0,0,0
243,55,3,0.3,0.5,0.3,0.2,0,0,1
243,56,175,18,9,39,24,0,0,0
243,57,180,5,44,33,7,0,0,0
243,58,71,18,5,5,2,0,0,0
243,59,72,10,14,4,2,0,0,0
243,60,9,0.3,0.3,2.2,0.2,0,0,1
243,61,13,0.4,0.5,3.2,0.3,0,0,1
243,62,54,0,0,17,0,0,0,0
243,78,2,0,0.4,0.2,0.3,0,0,1
243,79,51,1,8,10,0,0,0,0
243,80,25,0.3,3.6,4.6,0.7,0.3,0,1
243,81,44,1,4,10,3,0,0,0
243,82,8.5,0.1,1.2,1.6,0.2,0.1,0,1
243,83,7,0.1,1,1.3,0.2,0.1,0,1
243,84,7,0.1,1,1.3,0.2,0.1,0,1
243,98,2,0.1,0.2,0.3,0.3,0,0,1
243,104,5,0.1,0.8,0.5,0.6,0,0,1
243,105,18,1,2.6,2.8,0.9,0,0,1
243,108,13,0.7,1.9,2,0.6,0,0,1
243,109,2,0.1,0.3,0.3,0.1,0,0,1
243,204,28.5,0,6.5,4.3,0.7,0,0,1
243,205,44,0,8,10,0,0,0,0
243,206,21,0.6,3.6,4.6,0.9,0,0,1
243,207,7,0.2,1.2,1.5,0.3,0,0,1
243,208,3,0.1,0.5,0.7,0.1,0,0,1
243,209,38.5,1,0,12,0,0,0,0
243,210,70,0,0,20,0,0,0,0
243,215,3,0.1,0.2,0.3,0.4,0.1,0,1
243,219,1,0,0.1,0.1,0.2,0,0,1
243,222,2,0.1,0.5,0,0.2,0,0,1
243,225,4,0,1.5,0.2,0,0.1,0,1
243,226,10,0,3.8,0.4,0.2,0.2,0,1
243,235,56,0,23,0,2,0,0,0
243,236,81,0,15,20,1,0,0,0
243,237,5,0,0.8,0.2,0.8,0,0,1
243,238,8,0,1.3,0.2,1.3,0,0,1
243,239,13,0,2.1,0.4,2.1,0,0,1
243,240,4,0.3,0.7,0.4,0.2,0.1,0,1
243,241,26,4,8,0,0,0,0,0
243,242,18,1.3,3.3,1.6,1.1,0.3,0,1
243,243,66.5,0,9,19,0,0,0,0
243,244,13,1,2.3,1.2,0.8,0.2,0,1
243,245,4,0.6,0.5,0.3,0.2,0,0,1
243,246,2,0.3,0.2,0.2,0.1,0,0,1
243,251,5,0.3,1,0.6,0.1,0,0,1
243,252,58,1,21,3,1,0,0,0
243,253,142.5,0,14,32,1,0,18,0
243,254,58,1,4,18,0,0,0,0
243,255,23,1.8,3.6,1.4,2.5,0,0,1
244,5,6,0.6,0.5,0.5,0.9,0,0,1
244,6,3,0.3,0.2,0.3,0.5,0,0,1
244,8,2,0.2,0.1,0.2,0.3,0,0,1
244,9,2,0.2,0.1,0.2,0.3,0,0,1
244,15,1,0,0.1,0.2,0.2,0,0,1
244,21,5,0.1,0.2,0.1,1.3,0,0,1
244,33,1,0,0.1,0,0.2,0,0,1
244,49,2,0.3,0.1,0.1,0.5,0,0,1
244,50,44.5,0,5,16,0,0,0,0
244,51,96,3,0,30,0,0,0,0
244,52,27.5,2,9,1,1,0,0,0
244,53,37,0,8,4,1,0,0,0
244,54,162.5,22,6,12,17,1,0,0
244,55,123,21,10,26,12,0,0,0
244,56,175,10,12,15,60,0,0,0
244,57,110.5,4,1,40,11,0,0,0
244,58,77,2,6,20,7,1,0,0
244,59,27,2.6,4.4,2.6,1.7,0,0,1
244,61,30,1,1,7.4,0.7,0,0,1
244,62,16,0.5,0.5,4,0.4,0,0,1
244,72,1,0.1,0.1,0.1,0.1,0,0,1
244,73,4,0.2,0.5,0.5,0.4,0,0,1
244,76,2,0,0.4,0.2,0.3,0,0,1
244,77,1,0,0.2,0.1,0.2,0,0,1
244,79,4,0.1,0.9,0.4,0.5,0,0,1
244,81,9,0.1,1.3,1.7,0.2,0.1,0,1
244,84,1,0,0.2,0.2,0,0,0,1
244,86,12,0,0.8,0.5,3.1,0.3,0,1
244,98,1,0,0.1,0.1,0.2,0,0,1
244,104,15,0.4,2.5,1.4,1.8,0,0,1
244,105,4,0.2,0.6,0.6,0.2,0,0,1
244,106,2,0.1,0.3,0.3,0.1,0,0,1
244,205,18,0.5,3.1,3.9,0.8,0,0,1
244,206,24,1,4,7,0,0,0,0
244,207,56,5,2,9,4,0,0,0
244,208,18,0.5,3.1,3.9,0.8,0,0,1
244,209,55,2,8,12,1,0,0,0
244,210,39.5,0,4,11,0,1,0,0
244,211,29,0,0.7,8,0.7,0,0,1
244,215,2,0,0.1,0.2,0.3,0.1,0,1
244,218,5,0.1,0.3,0.6,0.7,0.1,0,1
244,223,2,0.1,0.5,0,0.2,0,0,1
244,226,4,0,1.5,0.2,0,0.1,0,1
244,227,3,0,1.2,0.1,0,0.1,0,1
244,230,1,0.1,0.2,0,0.1,0,0,1
244,236,37,0,18,0,0,0,0,0
244,237,4,0,0.7,0.1,0.6,0,0,1
244,240,12,0.9,2.2,1.1,0.7,0.2,0,1
244,241,56,10,8,7,0,0,0,0
244,242,64,12,3,10,0,0,0,0
244,243,71.5,7,8,14,1,0,0,0
244,244,68,4,21,6,0,0,0,0
244,245,127,2,38,5,1,0,23,0
244,246,61,4,18,5,1,0,0,0
244,247,58,13,6,7,0,0,0,0
244,248,74.5,4,24,6,2,0,0,0
244,249,60.5,9.3,7.9,5,2.1,0,0,1
244,250,6,0.3,1.2,0.7,0.1,0,0,1
244,251,29.5,1.5,5.7,3.6,0.7,0,0,1
244,252,25,1.3,4.8,3.1,0.6,0,0,1
244,253,8,0.4,1.5,1,0.2,0,0,1
244,254,21,1,4.1,2.6,0.5,0,0,1
244,255,36,0,6,9,0,0,0,0
245,4,3,0,0.6,0.1,0.7,0,0,1
245,6,2,0,0.4,0,0.5,0,0,1
245,7,5,0,1,0.2,1.1,0,0,1
245,24,1,0,0,0,0.3,0,0,1
245,26,4,0,0.2,0.1,1.1,0,0,1
245,48,2,0.2,0,0.1,0.5,0,0,1
245,49,5,0.5,0,0.4,1.2,0,0,1
245,50,28,0,2,11,1,0,0,0
245,51,87,3,9,20,1,0,0,0
245,52,128,0,27,19,7,0,0,0
245,53,59,0,12,6,1,0,0,0
245,54,5,0.3,0.2,0.7,0.9,0,0.1,1
245,55,157,3,5,7,54,1,0,0
245,56,728.5,11,8,45,247,1,2,0
245,57,371,15,9,24,119,1,0,0
245,58,67,10,0,6,14,0,0,0
245,61,13,1.2,0.3,1.6,1.5,0,0,1
245,73,6,0.2,0.6,0.5,0.9,0,0,1
245,74,11,0.3,1.1,1,1.6,0,0,1
245,76,2,0.1,0.2,0.3,0.2,0,0,1
245,77,6,0.3,0.7,0.8,0.6,0,0,1
245,78,2,0.1,0.2,0.3,0.2,0,0,1
245,80,2,0.1,0.1,0,0.8,0,0,1
245,81,2,0.1,0.1,0,0.8,0,0,1
245,99,1,0,0.1,0.1,0.2,0,0,1
245,104,3,0.1,0.5,0.3,0.3,0,0,1
245,107,3,0.1,0.5,0.3,0.3,0,0,1
245,159,5,0.1,0.8,0.5,0.2,0.2,0,1
245,176,4,0.3,0.5,0.5,0.7,0,0,1
245,206,7,0.4,1.5,0.7,0.2,0.2,0,1
245,207,21,1.3,4.5,1.9,0.6,0.6,0,1
245,208,78.5,7,10,14,9,0,0,0
245,209,65.5,1,3,4,20,0,0,0
245,210,66,1,12,10,1,0,0,0
245,211,83.5,0,5,27,0,0,0,0
245,212,16,0,2.3,3.4,0.4,0,0,1
245,213,18,0,2.6,3.7,0.5,0,0,1
245,218,6,0.1,0.4,0.7,0.8,0.2,0,1
245,220,2,0,0.1,0.2,0.6,0,0,1
245,223,3,0,0.2,0.3,0.9,0,0,1
245,228,1,0,0.1,0.1,0.3,0,0,1
245,240,8,0.5,2.2,0.9,0.4,0,0,1
245,241,97.5,3,21,8,1,0,5,0
245,242,119.5,1,11,34,0,0,6,0
245,243,86.5,0,20,12,0,0,0,0
245,244,167,1,55,6,2,1,17,0
245,245,150,2,29,38,0,0,0,0
245,246,55,7,22,0,0,0,0,0
245,247,87,5,27,4,1,0,0,0
245,248,69,0,17,7,0,1,0,0
245,249,66,14,13,6,0,0,0,0
245,250,43,5,12,3,1,0,0,0
245,251,68,14,13,8,0,1,0,0
245,252,86,4,14,13,1,1,0,0
245,253,51.5,0,5,11,3,0,0,0
245,254,13,0.7,1.8,2.8,0,0,0,1
245,255,2,0.1,0.4,0.2,0.3,0,0,1
246,8,7,0,1.4,0.3,1.6,0,0,1
246,15,1,0,0.1,0.2,0.2,0,0,1
246,24,4,0,0.2,0.1,1.1,0,0,1
246,25,4,0,0.2,0.1,1.1,0,0,1
246,26,3,0,0.1,0.1,0.8,0,0,1
246,48,2,0.2,0,0.1,0.5,0,0,1
246,49,9,0.9,0,0.6,2.2,0,0,1
246,51,15,0.9,0.5,2.1,2.7,0,0.2,1
246,52,86,6,6,18,2,0,0,0
246,53,13,0.8,0.5,1.8,2.3,0,0.2,1
246,54,63,2,7,9,12,0,0,0
246,55,304.5,3,19,19,108,0,13,0
246,56,630.5,12,20,60,183,3,11,0
246,57,226,8,14,11,86,2,0,0
246,58,187.5,2,1,73,7,0,72,0
246,59,97,0,0,27,2,0,27,0
246,60,2,0.2,0.1,0.2,0.2,0,0,1
246,76,1,0.1,0.1,0.1,0.1,0,0,1
246,77,1,0.1,0.1,0.1,0.1,0,0,1
246,80,7,0.1,0.5,0,2.7,0,0,1
246,81,4,0.1,0.2,0,1.6,0,0,1
246,104,4,0.1,0.6,0.4,0.5,0,0,1
246,206,1,0.1,0.2,0.1,0,0,0,1
246,207,42,1,0,12,0,0,0,0
246,208,4,0.2,0.9,0.4,0.1,0.1,0,1
246,209,55,1,0,16,0,1,0,0
246,210,26,0,3.8,5.4,0.7,0,0,1
246,211,12.5,0,1.8,2.6,0.3,0,0,1
246,214,4,0,0.6,0.8,0.1,0,0,1
246,225,5,0,0.3,0.5,1.5,0,0,1
246,232,2,0.1,0.1,0.3,0.3,0,0,1
246,234,2,0.1,0.1,0.3,0.3,0,0,1
246,235,7,0.5,1,1.3,0.3,0,0,1
246,237,2,0.1,0.3,0.4,0.1,0,0,1
246,238,10,0.7,1.5,1.8,0.4,0,0,1
246,239,10,0.7,1.5,1.8,0.4,0,0,1
246,240,55,3,16,6,0,1,0,0
246,241,85,1,26,7,1,1,0,0
246,242,91,1,29,7,1,0,0,0
246,243,62,1,23,2,0,0,0,0
246,244,72,0,20,13,1,0,1,0
246,245,83.5,0,34,6,1,0,0,0
246,246,131.5,0,1,52,1,0,39,0
246,247,18,0.7,5.5,1.4,0.7,0,0,1
246,248,76,3,22,9,0,0,0,0
246,249,54,2,5,28,0,1,0,0
246,250,99,5,26,10,3,0,0,0
246,251,203,31,60,2,1,0,58,0
246,252,91.5,16,8,13,0,0,0,0
246,253,76.5,1,18,10,0,0,0,0
246,254,35,9,0,3,0,0,0,0
246,255,170,0,58,11,1,0,56,0
247,0,9,0,1.8,0.3,2.1,0,0,1
247,3,2,0,0.4,0,0.5,0,0,1
247,17,1,0,0.1,0.2,0.2,0,0,1
247,19,3,0,0.2,0.6,0.7,0.1,0,1
247,20,4,0,0.2,0.1,1.1,0,0,1
247,24,5,0.1,0.2,0.1,1.3,0,0,1
247,25,4,0,0.2,0.1,1.1,0,0,1
247,33,3,0.1,0.2,0,0.6,0,0,1
247,50,21,1.3,0.8,3,3.7,0,0.2,1
247,51,5,0.3,0.2,0.7,0.9,0,0.1,1
247,52,14,0.8,0.5,2,2.5,0,0.2,1
247,54,84,9,0,17,26,0,0,0
247,55,622,4,43,52,195,4,31,0
247,56,694.5,18,42,79,199,0,72,0
247,57,9,0.3,1,1.3,2.7,0,0,1
247,58,3,0.1,0.3,0.5,0.9,0,0,1
247,59,3,0.1,0.3,0.5,0.9,0,0,1
247,60,9,0.8,0.2,1.1,1.1,0,0,1
247,69,4,0.4,0.1,0.5,0.4,0,0,1
247,73,2,0,0.2,0.2,0.3,0,0,1
247,74,11,0.3,1.1,1,1.6,0,0,1
247,75,9,0.4,1,1.2,1,0,0,1
247,76,13,0.6,1.5,1.7,1.4,0,0,1
247,80,6,0.1,0.4,0,2.4,0,0,1
247,81,9,0.2,0.6,0,3.5,0,0,1
247,88,2,0,0.1,0.1,0.5,0.1,0,1
247,94,2,0.1,0.2,0.3,0.3,0,0,1
247,128,4,0,0,1.2,0,0,0,1
247,216,6,0.1,0.4,0.7,0.8,0.2,0,1
247,217,3,0.1,0.2,0.3,0.4,0.1,0,1
247,221,4,0,0.3,0.4,1.2,0,0,1
247,224,1,0,0.1,0.1,0.3,0,0,1
247,225,8,0,0.5,0.8,2.4,0,0,1
247,230,11,0.5,0.7,1.7,1.7,0,0,1
247,231,10,0.4,0.7,1.6,1.5,0,0,1
247,232,1,0,0.1,0.2,0.1,0,0,1
247,233,1,0,0.1,0.2,0.1,0,0,1
247,234,6,0.3,0.4,0.9,0.9,0,0,1
247,235,5,0.4,0.7,0.9,0.2,0,0,1
247,236,14,0.9,2,2.6,0.6,0,0,1
247,237,8,0.5,1.2,1.5,0.3,0,0,1
247,238,17,1.2,2.5,3.1,0.7,0,0,1
247,239,75,2,5,21,1,0,6,0
247,241,11,0.6,3,1.2,0.6,0,0,1
247,242,27,7,5,1,0,0,0,0
247,243,54.5,4,11,6,0,0,0,0
247,244,61,8,4,10,0,0,0,0
247,245,36.5,5,7,5,0,0,0,0
247,246,30.5,10,2,2,1,0,0,0
247,247,53.5,15,6,4,0,0,0,0
247,248,58,16,3,1,0,0,0,0
247,249,168,0,73,1,0,0,26,0
247,250,135.5,2,19,57,0,0,57,0
247,251,105,4,35,0,1,0,24,0
247,252,651.5,224,0,48,0,0,268,0
247,253,154.5,56,14,5,0,1,56,0
247,254,119,0,52,0,0,0,46,0
247,255,263.5,2,104,32,0,0,106,0
248,12,2,0,0.2,0.4,0.5,0,0,1
248,18,3,0,0.2,0.6,0.7,0.1,0,1
248,21,6,0.1,0.2,0.1,1.6,0,0,1
248,25,4,0,0.2,0.1,1.1,0,0,1
248,37,10,0.3,0.8,0.1,1.9,0,0,1
248,52,11,0.6,0.4,1.6,2,0,0.1,1
248,53,83,0,47,0,0,0,47,0
248,54,362,12,73,75,2,0,138,0
248,55,541,12,44,39,168,1,40,0
248,56,188,2,20,15,43,0,17,0
248,57,11,0.4,1.2,1.6,3.3,0,0,1
248,59,1,0,0.1,0.2,0.3,0,0,1
248,70,2,0,0.2,0.2,0.3,0,0,1
248,74,15,0.4,1.6,1.3,2.2,0,0,1
248,81,6,0.1,0.4,0,2.4,0,0,1
248,82,7,0.1,0.5,0,2.7,0,0,1
248,87,5,0,0.4,0.2,1.3,0.1,0,1
248,88,4,0,0.3,0.2,1,0.1,0,1
248,98,4,0.2,0.4,0.5,0.6,0,0.1,1
248,128,46,0,1,12,0,0,0,0
248,129,42,0,1,9,8,0,0,0
248,130,20,0.2,2.2,5.1,0,0.4,0,1
248,131,5,0,0.6,1.3,0,0.1,0,1
248,134,5,0,0.6,1.3,0,0.1,0,1
248,135,3,0,0.3,0.8,0,0.1,0,1
248,137,9.5,0.1,1,2.4,0,0.2,0,1
248,204,1,0,0.2,0.2,0,0,0,1
248,222,3,0,0.2,0.3,0.9,0,0,1
248,231,5,0.2,0.3,0.8,0.8,0,0,1
248,235,3,0.2,0.4,0.6,0.1,0,0,1
248,236,10,0.7,1.5,1.8,0.4,0,0,1
248,237,32,1,9,3,0,0,0,0
248,238,11,0.7,1.6,2,0.5,0,0,1
248,240,7,0.4,1.9,0.8,0.4,0,0,1
248,241,7,0.4,1.9,0.8,0.4,0,0,1
248,242,10.5,0.6,2.9,1.1,0.6,0,0,1
248,244,7,0.4,1.9,0.8,0.4,0,0,1
248,245,69,6,6,11,1,0,1,0
248,246,62,6,11,7,0,0,0,0
248,247,77,11,4,13,4,1,0,0
248,248,47,15,2,9,1,0,0,0
248,249,238,95,2,0,3,1,90,0
248,250,282,51,0,85,0,1,22,0
248,251,97,14,5,22,0,0,22,0
248,252,236.5,123,0,0,0,0,0,0
248,253,20,1.1,2.7,4.3,0,0,0,1
248,254,49,1,16,4,3,0,0,0
248,255,451.5,129,22,17,7,0,136,0
249,6,2,0,0.4,0,0.5,0,0,1
249,10,3,0,0.2,0.6,0.7,0.1,0,1
249,21,3,0,0.1,0.1,0.8,0,0,1
249,26,1,0,0,0,0.3,0,0,1
249,31,1,0,0.1,0,0.2,0,0,1
249,40,3,0.3,0,0.2,0.7,0,0,1
249,65,4,0.4,0.1,0.5,0.4,0,0,1
249,67,2,0.2,0.1,0.2,0.2,0,0,1
249,71,13,0.4,1.3,1.2,1.9,0,0,1
249,74,8,0.2,0.8,0.7,1.2,0,0,1
249,76,2,0.1,0.2,0.3,0.2,0,0,1
249,77,4,0.2,0.5,0.5,0.4,0,0,1
249,82,1,0,0.1,0,0.4,0,0,1
249,84,2,0.1,0.1,0,0.8,0,0,1
249,85,11,0,0.8,0.5,2.8,0.2,0,1
249,86,6,0,0.4,0.3,1.5,0.2,0,1
249,88,3,0,0.2,0.1,0.8,0.1,0,1
249,92,6,0.3,0.6,0.7,1,0,0.1,1
249,98,15,0.7,1.4,1.8,2.5,0,0.4,1
249,99,2,0.1,0.2,0.3,0.3,0,0,1
249,128,31.5,0,0,9.8,0,0,0,1
249,129,131.5,7,6,16,24,2,0,0
249,130,50,0,4,11,4,0,0,0
249,131,19,0.2,2.1,4.8,0,0.4,0,1
249,132,23,0.2,2.6,5.8,0,0.5,0,1
249,133,16,0.1,1.8,4.1,0,0.3,0,1
249,134,32.5,0,4,8,0,0,0,0
249,135,4,0,0.5,1,0,0.1,0,1
249,137,2,0,0.2,0.5,0,0.1,0,1
249,179,1,0.1,0.1,0.1,0.2,0,0,1
249,217,6,0.1,0.4,0.7,0.8,0.2,0,1
249,228,3,0,0.2,0.3,0.9,0,0,1
249,230,6,0.3,0.4,0.9,0.9,0,0,1
249,234,1,0,0.1,0.2,0.1,0,0,1
249,235,2,0.1,0.3,0.4,0.1,0,0,1
249,236,8,0.5,1.2,1.5,0.3,0,0,1
249,237,20,1.3,2.9,3.7,0.9,0,0,1
249,238,20,1.3,2.9,3.7,0.9,0,0,1
249,239,17,1.2,2.5,3.1,0.7,0,0,1
249,240,4,0.2,1.1,0.5,0.2,0,0,1
249,243,51.5,1,0,15,0,0,0,0
249,244,88,0,7,21,0,0,0,0
249,245,90,3,23,14,1,0,0,0
249,246,126.5,8,5,29,0,0,0,0
249,247,8,0.3,2.5,0.6,0.3,0,0,1
249,249,332,98,0,3,1,0,97,0
249,250,274.5,130,0,0,0,0,80,0
249,251,4,0.2,0.5,0.9,0,0,0,1
249,252,92.5,8,3,35,8,1,0,0
249,253,168.5,9,2,48,37,1,0,0
249,254,109,3,18,25,10,4,0,0
249,255,130.5,19,20,52,3,0,0,0
250,6,1,0,0.1,0.1,0.2,0,0,1
250,25,4,0.1,0.3,0,0.8,0,0,1
250,38,2,0.1,0.1,0.3,0.3,0,0,1
250,50,2,0.2,0.1,0.3,0.2,0,0,1
250,61,4,0.1,0.1,0.7,0.7,0,0,1
250,62,9,0.2,0.3,1.5,1.6,0,0,1
250,63,3,0.1,0.1,0.5,0.5,0,0,1
250,75,2,0,0,0.5,0.3,0,0,1
250,76,8,0,0,2.2,1.1,0,0,1
250,77,3,0,0,0.8,0.4,0,0,1
250,78,2,0,0,0.5,0.3,0,0,1
250,83,12,0.4,0.9,1.1,2.3,0,0,1
250,84,20,0.6,1.5,1.8,3.9,0,0,1
250,85,14,0.4,1.2,1.1,1.9,0.2,0,1
250,124,6,0.1,0.8,1.1,0.3,0.1,0,1
250,129,3,0.1,0.3,0.7,0,0,0,1
250,130,3,0,0.3,0.7,0,0,0,1
250,133,9,0,0.9,2.1,0,0,0,1
250,134,57,2,6,11,0,0,0,0
250,135,3,0.3,0.4,0.5,0,0.1,0,1
250,136,1,0.1,0.1,0.2,0,0,0,1
250,137,2,0.2,0.3,0.3,0,0.1,0,1
250,159,8,0.3,1.2,0.7,0.4,0.4,0,1
250,178,3,0.2,0.4,0.4,0.5,0,0,1
250,212,5,0.7,0.1,0.4,1,0,0,1
250,218,3,0.4,0.1,0.2,0.6,0,0,1
250,228,4,0,0.2,0.8,0.5,0,0,1
250,236,6,0.1,1.3,0.9,0.5,0,0,1
250,237,17,0.3,3.6,2.6,1.3,0,0,1
250,238,8,0.2,1.7,1.2,0.6,0,0,1
250,239,1,0,0.2,0.2,0.1,0,0,1
250,240,11,0,0.4,3.1,0.4,0,0,1
250,243,4.5,0,0.2,1.3,0.1,0,0,1
250,244,92.5,0,3.2,26.3,3.2,0,0,1
250,245,58.5,1,15,5,2,0,0,0
250,246,54,2,10,12,1,0,0,0
250,247,25,0.9,3.1,5.2,0,0.3,0,1
250,248,35,0,0,24,0,0,21,0
250,249,358,141,0,0,0,0,141,0
250,251,229,148,2,1,3,0,146,0
250,252,356.5,6,24,38,115,0,18,0
250,253,426.5,11,26,60,164,6,1,0
250,254,315.5,17,10,42,98,2,3,0
250,255,286.5,63,13,91,17,1,59,0
251,4,17,0.3,1.6,0.9,3.4,0,0,1
251,30,2,0.1,0.1,0.3,0.3,0,0,1
251,41,3,0.1,0.3,0.3,0.5,0,0,1
251,47,11,0.4,1.4,0.9,1.8,0,0,1
251,48,3,0.1,0.4,0.2,0.5,0,0,1
251,49,16,0.5,2,1.3,2.7,0,0,1
251,50,18,1.8,0.8,2.5,2,0.4,0,1
251,51,6,0.6,0.3,0.8,0.7,0.1,0,1
251,52,165,11,8,57,20,0,14,0
251,53,302,48,6,50,53,1,0,0
251,54,151,37,13,8,22,0,11,0
251,55,56,5,0,5,15,0,1,0
251,56,7,2.5,0.3,1.1,0.3,0,0,1
251,57,113,15,0,18,31,0,61,0
251,58,46,17,4,0,0,0,0,0
251,59,34.5,0,1,6,5,0,0,0
251,60,4,0.1,0.1,0.7,0.7,0,0,1
251,61,8,0.1,0.3,1.3,1.5,0,0,1
251,62,17,0.3,0.6,2.8,3,0,0,1
251,64,8,0.1,0.3,1.3,1.5,0,0,1
251,72,1,0.1,0.1,0,0.2,0,0,1
251,79,3,0,0,0.8,0.4,0,0,1
251,82,2,0.1,0.1,0.2,0.4,0,0,1
251,83,5,0.1,0.4,0.4,1,0,0,1
251,84,32,3,8,1,1,0,0,0
251,85,13,0.4,1.2,1,1.8,0.1,0,1
251,86,14,0.4,1.2,1.1,1.9,0.2,0,1
251,124,8,0.1,1.1,1.5,0.4,0.1,0,1
251,125,8,0.2,0.7,1.9,0.2,0,0,1
251,126,3,0.1,0.3,0.7,0,0,0,1
251,134,48,0,5.1,11.1,0,0,0,1
251,135,2,0.2,0.3,0.3,0,0.1,0,1
251,136,2,0.2,0.3,0.3,0,0.1,0,1
251,137,2,0.2,0.3,0.3,0,0.1,0,1
251,204,10,0.2,1.4,1.4,0.8,0,0,1
251,209,2,0,0.3,0.3,0.2,0,0,1
251,214,3,0.4,0.1,0.2,0.6,0,0,1
251,234,3,0.1,0.6,0.5,0.2,0,0,1
251,236,8,0.2,1.7,1.2,0.6,0,0,1
251,237,4,0.1,0.8,0.6,0.3,0,0,1
251,239,3,0.1,0.6,0.5,0.2,0,0,1
251,245,37,0,2,11,0,0,0,0
251,246,47,6,6,6,0,0,0,0
251,247,66.5,15,3,13,1,0,0,0
251,248,78,23,1,10,0,0,0,0
251,249,300.5,130,4,6,0,1,120,0
251,250,457.5,160,0,0,1,0,156,0
251,251,310,83,10,66,10,1,120,0
251,252,179.5,4,12,47,56,0,0,0
251,253,338,11,6,77,108,7,21,0
251,254,186,10,5,35,60,1,0,0
251,255,119.5,26,0,34,9,0,0,0
252,18,3,0,0.3,0.2,0.6,0,0,1
252,27,2,0,0.2,0,0.4,0,0,1
252,30,4,0.2,0.3,0.6,0.5,0,0,1
252,40,3,0.1,0.3,0.3,0.5,0,0,1
252,44,1,0,0.1,0.1,0.2,0,0,1
252,47,8,0.3,1,0.6,1.3,0,0,1
252,48,16,0.5,2,1.3,2.7,0,0,1
252,49,12,0.4,1.5,1,2,0,0,1
252,50,17.5,1.8,0.8,2.3,2,0.4,0,1
252,51,19,1.9,0.9,2.6,2.1,0.4,0,1
252,52,54.5,20,0,1,6,0,0,0
252,53,440,16,6,43,144,1,0,0
252,54,542.5,7,14,40,205,6,0,0
252,55,195,28,3,21,42,3,0,0
252,56,44,4,1,5,10,0,0,0
252,57,91,3,18,4,10,0,0,0
252,58,114,9,9,18,6,0,10,0
252,59,121.5,1,5,27,7,0,10,0
252,60,34,1,0,8,6,0,0,0
252,61,20.5,0.4,0.7,3.3,3.7,0,0,1
252,63,2,0,0.1,0.3,0.4,0,0,1
252,66,1,0.1,0.1,0.1,0.1,0,0,1
252,69,4,0.2,0.4,0.4,0.5,0.1,0,1
252,71,1,0.1,0.1,0,0.2,0,0,1
252,79,9,0,0,2.5,1.2,0,0,1
252,82,11,0.3,0.8,1,2.2,0,0,1
252,84,5,0.1,0.4,0.4,1,0,0,1
252,85,7,0.2,0.6,0.5,1,0.1,0,1
252,86,3,0.1,0.3,0.2,0.4,0,0,1
252,87,2,0.1,0.2,0.1,0.3,0,0,1
252,100,7,0,0.7,0.5,0.8,0.4,0,1
252,102,2,0,0.2,0.2,0.2,0.1,0,1
252,122,24,0.4,3.2,4.5,1.3,0.2,0,1
252,123,28,0.5,3.7,5.2,1.5,0.3,0,1
252,124,57,2,8,13,0,0,0,0
252,125,33,1,4,9,0,0,0,0
252,126,7,0.2,0.7,1.6,0.2,0,0,1
252,134,5,0,0.5,1.2,0,0,0,1
252,135,2,0.2,0.3,0.3,0,0.1,0,1
252,196,2,0.2,0.2,0.3,0.3,0,0,1
252,215,2,0.3,0,0.2,0.4,0,0,1
252,217,2,0.3,0,0.2,0.4,0,0,1
252,218,30,0,2,13,0,0,0,0
252,227,3,0,0.1,0.6,0.4,0,0,1
252,235,1,0,0.2,0.2,0.1,0,0,1
252,246,25,0.9,3.1,5.2,0,0.3,0,1
252,247,82,18,11,9,1,1,0,0
252,248,76.5,10,14,10,3,0,0,0
252,249,56.5,8,11,3,3,0,0,0
252,250,81,29,2,0,0,0,15,0
252,251,417,152,0,5,4,0,146,0
252,252,138.5,27,2,50,14,0,15,0
252,253,196,10,22,37,32,0,0,0
252,254,152,35,6,27,4,0,0,0
252,255,103,11,19,16,1,0,0,0
253,26,4,0.1,0.3,0,0.8,0,0,1
253,41,2,0.1,0.2,0.2,0.3,0,0,1
253,43,4,0.2,0.3,0.4,0.7,0,0,1
253,45,6,0.2,0.7,0.5,1,0,0,1
253,46,10,0.3,1.3,0.8,1.6,0,0,1
253,47,2,0.1,0.2,0.2,0.3,0,0,1
253,48,10,0.3,1.3,0.8,1.6,0,0,1
253,49,6,0.2,0.7,0.5,1,0,0,1
253,50,6,0.6,0.3,0.8,0.7,0.1,0,1
253,51,29,0,0,12,3,0,0,0
253,52,88,5,1,5,29,2,0,0
253,53,533.5,11,23,46,148,0,7,0
253,54,773.5,10,8,52,237,5,0,0
253,55,229,30,1,29,61,1,0,0
253,56,18,6.5,0.7,2.9,0.7,0,0,1
253,57,143.5,3,45,6,5,0,20,0
253,58,168.5,1,22,29,6,0,15,0
253,59,120,0,28,13,1,0,0,0
253,60,68,0,4,14,1,0,0,0
253,61,15,0.3,0.5,2.4,2.7,0,0,1
253,63,8,0.1,0.3,1.3,1.5,0,0,1
253,65,3,0.2,0.3,0.3,0.4,0,0,1
253,68,2,0.1,0.2,0.2,0.3,0,0,1
253,79,2,0,0,0.5,0.3,0,0,1
253,84,2,0.1,0.1,0.2,0.4,0,0,1
253,85,1.5,0.1,0.1,0.1,0.2,0,0,1
253,87,20,1,1,1,10,0,0,0
253,102,4,0,0.4,0.3,0.5,0.2,0,1
253,122,24,0.4,3.2,4.5,1.3,0.2,0,1
253,123,86,3,8,14,7,1,0,0
253,124,22,0.4,2.9,4.1,1.2,0.2,0,1
253,137,4,0.4,0.6,0.6,0,0.1,0,1
253,195,3,0.2,0.4,0.4,0.5,0,0,1
253,196,21.5,1.8,2.7,2.7,3.7,0,0,1
253,197,2,0.2,0.2,0.3,0.3,0,0,1
253,213,3,0.4,0.1,0.2,0.6,0,0,1
253,215,4,0.6,0.1,0.3,0.8,0,0,1
253,217,4,0.6,0.1,0.3,0.8,0,0,1
253,218,1,0.1,0,0.1,0.2,0,0,1
253,223,1,0,0.1,0.2,0.1,0,0,1
253,245,4,0.1,0.5,0.8,0,0.1,0,1
253,246,3,0.1,0.4,0.6,0,0,0,1
253,247,55,8,11,3,0,0,0,0
253,248,55,5,20,2,0,0,0,0
253,249,99.5,6,14,32,0,1,0,0
253,250,51,4,6,4,5,1,0,0
253,251,20,2,0,3.9,2.4,0.5,0,1
253,252,7,0.7,0,1.4,0.8,0.2,0,1
253,254,1,0.1,0,0.2,0.1,0,0,1
253,255,15,1.2,0.7,2,3.3,0,0.3,1
254,24,3,0.1,0.2,0,0.6,0,0,1
254,36,2,0.1,0.1,0.3,0.3,0,0,1
254,37,5,0.3,0.3,0.7,0.6,0,0,1
254,39,3,0.2,0.2,0.4,0.4,0,0,1
254,40,4,0.2,0.3,0.4,0.7,0,0,1
254,41,6,0.2,0.5,0.6,1,0,0,1
254,42,3,0.1,0.3,0.3,0.5,0,0,1
254,43,9,0.4,0.7,0.9,1.5,0,0,1
254,45,7,0.2,0.9,0.5,1.2,0,0,1
254,47,5,0.2,0.6,0.4,0.8,0,0,1
254,48,9,0.3,1.1,0.7,1.5,0,0,1
254,49,5,0.2,0.6,0.4,0.8,0,0,1
254,50,20,2,0.9,2.7,2.3,0.5,0,1
254,51,48,5,6,7,5,0,0,0
254,52,30.5,2,1,1,6,1,0,0
254,53,216.5,7,3,15,69,1,0,0
254,54,437,66,1,18,97,3,52,0
254,55,320,9,11,32,81,0,2,0
254,56,127,2,38,4,5,1,36,0
254,57,34,1,5,7,2,1,0,0
254,58,104,2,9,23,2,0,0,0
254,59,345,125,6,12,0,0,0,0
254,60,122,0,43,10,0,0,0,0
254,61,27,0,10,1,0,0,0,0
254,63,14,0.2,0.5,2.3,2.5,0,0,1
254,64,4,0.1,0.1,0.7,0.7,0,0,1
254,65,6,0.3,0.6,0.5,0.8,0.1,0,1
254,84,10,0.3,0.8,0.9,1.9,0,0,1
254,85,2,0.1,0.2,0.1,0.3,0,0,1
254,88,14.5,0.4,1.3,1.1,2,0.2,0,1
254,102,3,0,0.3,0.2,0.3,0.2,0,1
254,105,5,0,0.5,0.4,0.5,0.3,0,1
254,107,3,0,0.3,0.2,0.3,0.2,0,1
254,108,2,0,0.2,0.2,0.2,0.1,0,1
254,109,3,0,0.3,0.2,0.3,0.2,0,1
254,122,43,1,3,1,15,0,0,0
254,123,178.5,0,7,28,51,3,0,0
254,124,37,2,5,8,4,0,0,0
254,125,19,0.5,1.8,4.5,0.4,0,0,1
254,126,28,0,3,8,0,0,0,0
254,127,2,0.1,0.2,0.5,0,0,0,1
254,158,3,0.1,0.5,0.3,0.1,0.1,0,1
254,195,9,0.8,1.1,1.1,1.5,0,0,1
254,196,65,5,4,4,17,0,0,0
254,197,82,3,2,5,26,0,0,0
254,198,41,1,8,7,4,0,0,0
254,199,56,0,2,19,1,1,0,0
254,200,45,0.8,6.2,6.2,3.9,0,0,1
254,215,5,0.7,0.1,0.4,1,0,0,1
254,216,3,0.4,0.1,0.2,0.6,0,0,1
254,217,1,0.1,0,0.1,0.2,0,0,1
254,223,2,0,0.1,0.4,0.2,0,0,1
254,224,4,0,0.2,0.8,0.5,0,0,1
254,240,2,0,0.1,0.6,0,0,0,1
254,242,4,0,0.1,1.2,0.1,0,0,1
254,244,2,0,0.1,0.6,0,0,0,1
254,246,11,0.4,1.4,2.3,0,0.1,0,1
254,247,14,0.5,1.7,2.9,0,0.2,0,1
254,248,73,8,22,2,0,0,0,0
254,249,63.5,12,3,16,1,1,0,0
254,250,6,0.6,0,1.2,0.7,0.1,0,1
254,251,2,0.2,0,0.4,0.2,0.1,0,1
254,252,2,0.2,0,0.4,0.2,0.1,0,1
254,254,3,0.3,0,0.6,0.3,0.1,0,1
255,3,4,0.1,0.4,0.2,0.8,0,0,1
255,15,3,0,0.3,0.2,0.6,0,0,1
255,16,3,0,0.3,0.2,0.6,0,0,1
255,32,13,0.2,0.2,1.4,3.1,0.2,0,1
255,33,6,0.1,0.1,0.6,1.5,0.1,0,1
255,36,3,0.2,0.2,0.4,0.4,0,0,1
255,37,7,0.4,0.4,1,0.9,0,0,1
255,46,1,0,0.1,0.2,0.2,0,0,1
255,47,6,0.2,0.3,1.3,1,0,0,1
255,48,48,0,0,14,1,0,0,0
255,49,75.5,0,2,18,1,0,0,0
255,50,26,0.4,2.3,4.1,5,0,0,1
255,51,83,0,31,7,3,0,0,0
255,52,77,6,3,4,21,0,0,0
255,53,172,49,1,7,2,0,45,0
255,54,709.5,174,0,47,2,0,64,0
255,55,489,17,34,107,15,1,117,0
255,56,191.5,7,43,31,14,0,0,0
255,57,14,0.3,2.4,1.9,1,0,0,1
255,58,103,0,0,35,1,0,0,0
255,59,194.5,4,46,41,1,0,71,0
255,60,123,0,44,9,0,0,0,0
255,61,136.5,0,56,6,0,0,0,0
255,62,39,0,7,11,0,0,0,0
255,63,6,0,0.4,1.3,0.1,0,0,1
255,64,5,0,0.4,1.1,0,0,0,1
255,65,5,0.3,0.5,0.4,0.7,0.1,0,1
255,69,3,0.2,0.3,0.3,0.4,0,0,1
255,71,2,0.1,0.2,0.1,0.4,0,0,1
255,72,2,0.1,0.2,0.1,0.4,0,0,1
255,73,4,0.3,0.4,0.2,0.8,0,0,1
255,74,3,0.2,0.3,0.2,0.6,0,0,1
255,79,7,0.5,0.7,0.4,1.3,0,0,1
255,84,5,0.1,0.4,0.4,0.7,0.1,0,1
255,85,3,0.1,0.3,0.2,0.4,0,0,1
255,88,1,0,0.1,0.1,0.1,0,0,1
255,89,6,0.2,0.5,0.5,0.8,0.1,0,1
255,90,6,0.3,0.6,0.7,1,0,0.1,1
255,109,8,0,0.8,0.6,0.9,0.4,0,1
255,110,6,0.1,0.3,1.4,0.2,0.1,0,1
255,111,3,0,0.2,0.7,0.1,0.1,0,1
255,122,10,0,1.7,0.9,1.2,0.3,0,1
255,123,15,0,2.7,1.3,1.8,0.4,0,1
255,124,8,0,1.4,0.7,1,0.2,0,1
255,125,33,0,1,11,0,0,0,0
255,126,12,0,2,2.7,0.2,0,0,1
255,129,1,0,0.2,0.2,0,0,0,1
255,195,50,1,11,2,9,1,8,0
255,196,67,8,2,10,18,0,0,0
255,197,42.5,2,3,7,6,0,0,0
255,198,65,4,2,12,4,1,0,0
255,199,38,0,1,15,0,0,0,0
255,200,45,0,2,13,0,0,0,0
255,219,3,0,0,1,0,0,0,1
255,224,2,0,0.1,0.4,0.2,0,0,1
255,238,1,0,0.2,0.2,0.1,0,0,1
255,240,5,0.3,0.5,0.4,0.4,0.1,0,1
255,241,4,0.2,0.5,0.3,0.3,0.1,0,1
255,243,4,0.2,0.5,0.3,0.3,0.1,0,1
255,245,13.5,0.3,2.3,2.7,0.3,0.1,0,1
255,247,14,0.4,2.4,2.8,0.3,0.1,0,1
255,248,12,0.3,2.1,2.4,0.2,0.1,0,1
255,249,47,9,6,3,0,0,0,0
255,250,24,4.7,0,2.8,2.2,0,0,1
255,251,4,0.8,0,0.5,0.3,0,0,1
