x,y,Ind,Ind_0_3,Ind_11_17,Ind_18_24,Ind_25_39,Ind_40_54,Ind_4_5,Ind_55_64,Ind_65_79,Ind_6_10,Ind_80p,Ind_inc,Ind_snv,imputed
0,0,3,0.1,0.6,0.1,0.2,0.9,0.1,0.3,0.2,0.2,0.1,0.2,67198.2,1
0,4,4,0.3,0.3,0.3,0.8,0.7,0.2,0.5,0.4,0.3,0.1,0.1,73697.2,1
0,10,10,0.8,0.6,0.7,2.1,1.8,0.6,1.2,0.9,0.6,0.4,0.3,184243.1,1
0,11,3,0.2,0.2,0.2,0.6,0.5,0.2,0.4,0.3,0.2,0.1,0.1,55272.9,1
0,17,5,0.3,0.6,0.1,1.2,0.9,0.2,0.5,0.6,0.4,0.1,0.1,100539.2,1
0,18,8,0.5,0.9,0.2,1.9,1.5,0.4,0.7,0.9,0.6,0.2,0.2,160862.7,1
0,22,5,0,1,0.4,0.9,1.3,0.1,0.4,0.6,0.1,0.2,0,92861.2,1
0,26,8,0,1.6,0.7,1.4,2.1,0.2,0.7,0.9,0.2,0.2,0,148578,1
0,46,6,0.5,0.5,0.2,1.4,1.3,0.1,0.3,0,0.4,0,1.3,116773.5,1
0,47,3,0.2,0,0.3,0.4,0.6,0,0.5,0.8,0.2,0,0,62481.7,1
0,51,4,0.3,0,0.5,0.6,0.7,0,0.6,1,0.3,0,0,83309,1
0,52,11,1.1,1.1,0.7,2.1,1.8,0.3,1.1,2.1,0.3,0.4,0,259742.1,1
0,62,6,0.4,0.3,0.4,0.9,1.6,0.1,0.8,0.5,0.6,0.3,0.1,104381.7,1
0,83,2,0.2,0.2,0,0.4,0.2,0.1,0.2,0.4,0.2,0.1,0,41950.5,1
0,84,1,0.1,0.1,0,0.2,0.1,0,0.1,0.2,0.1,0.1,0,20975.3,1
0,93,4,0.2,0.7,0.2,0.7,0.8,0.1,0.8,0.3,0.1,0.1,0,83343.9,1
0,104,3,0.1,0.4,0.1,0.5,0.6,0.1,0.2,0.4,0.3,0.2,0.1,59406.1,1
0,109,6,0.2,0.8,0.2,1,1.2,0.1,0.5,0.9,0.6,0.3,0.2,118812.3,1
0,114,2,0.1,0.3,0.1,0.4,0.5,0,0.2,0.2,0.2,0,0,40075.1,1
0,115,27,1.6,3.9,1,4.7,6.7,0.6,2.5,2.4,2.4,0.6,0.6,541013.7,1
0,116,71,2,7,5,8,20,1,5,7,10,5,1,1401871.7,0
0,117,123,10.5,12,8,30,25,4,4,10,12.5,6,1,2170356.7,0
0,118,67.5,4,5,5,15,12,1,14,1,3.5,5,2,1437004.8,0
0,119,33,3,2,2,8,3,1,3,3,5,2,1,750958.5,0
0,120,21,0.5,2.8,0.7,2.5,6.1,0.5,2.3,1.8,2.8,0.5,0.5,409239.5,1
0,121,1,0,0.2,0.1,0.1,0.3,0,0.1,0.1,0.1,0,0,19487.6,1
0,122,6,0.3,0.8,0.7,0.8,1.5,0,0.5,0.5,0.3,0.6,0,127454.2,1
0,130,3,0.1,0.4,0.3,0.4,0.8,0,0.3,0.3,0.1,0.3,0,63727.1,1
0,142,4,0.3,0.5,0.1,0.6,0.8,0,0.1,1,0.1,0.4,0.1,85828.9,1
0,146,11,0.9,1.3,0.3,1.6,2.2,0,0.3,2.8,0.3,1,0.3,236029.6,1
0,147,33,1.5,6.9,0,4.6,11.5,0,3.1,0,3.9,0,1.5,644189.7,1
0,154,4,0.4,0.4,0.2,1,0.6,0.1,0.3,0.2,0.5,0.2,0.1,69498.9,1
0,159,5,0.1,1,0.2,0.9,1.1,0.1,0.5,0.2,0.7,0.2,0,83894.5,1
0,160,6,0.2,1.1,0.3,1,1.3,0.1,0.6,0.2,0.9,0.3,0,100673.4,1
0,163,3,0.2,0.2,0.2,0.6,0.6,0.1,0.3,0.4,0.3,0.1,0,60545.6,1
0,164,10,0.8,0.5,0.5,2.2,1.8,0.3,1.2,1.5,0.8,0.4,0,201818.5,1
0,165,9,0.7,0.5,0.5,1.9,1.7,0.3,1,1.3,0.8,0.3,0,181636.7,1
0,166,3,0.2,0.2,0.2,0.6,0.6,0.1,0.3,0.4,0.3,0.1,0,60545.6,1
0,167,9,0.1,0.5,0.2,1.5,1.9,0.2,1.5,1.8,0.6,0.6,0.1,186998.1,1
0,168,16,0.1,1,0.3,2.6,3.4,0.3,2.8,3.2,1.1,1.1,0.1,332441.1,1
0,169,65,5,6,7,8,20,3,4,7,2,2,1,1272092.5,0
0,170,23,0.2,1.4,0.4,3.8,4.9,0.5,3.9,4.5,1.6,1.6,0.2,477884.1,1
0,171,21,0.2,1.3,0.4,3.4,4.5,0.5,3.6,4.1,1.4,1.4,0.2,436329,1
0,172,11,0.6,0.6,0.2,2,2.2,0.8,1.1,2.7,0.6,0.2,0,247370.8,1
0,174,29.5,2,1,2,4,3,0,5,10,2.5,0,0,585823,0
0,175,36,5,2,1,9,2,2,2,5,6,2,0,540505.2,0
0,176,32,3,2,2,8,6,0,1,4,5,1,0,692644.7,0
0,177,2,0.1,0.2,0.2,0.3,0.4,0.1,0.2,0.1,0.1,0.3,0,41899.8,1
0,178,8,0.5,1,1,1.3,1.5,0.3,0.6,0.5,0.3,1,0,167599.3,1
0,182,2,0.1,0.1,0.1,0.2,0.4,0.1,0.1,0.6,0,0.2,0.1,35364.8,1
0,187,8,0.4,0.5,0.6,1.1,1.8,0,0.9,0.9,0.5,0.6,0.7,160023.5,1
0,202,1,0,0.1,0.1,0.1,0.3,0,0.1,0.1,0,0.1,0.1,21190.8,1
0,208,1,0,0.1,0,0.1,0.3,0,0.2,0.2,0,0,0.1,20901.1,1
0,209,2,0.1,0.3,0.1,0.3,0.5,0,0.3,0.3,0,0,0.1,41802.2,1
0,212,4,0.2,0.2,0.2,0.9,0.5,0.4,0.6,0.6,0.2,0.2,0,83839.8,1
0,213,3,0.1,0.1,0.2,0.6,0.4,0.3,0.4,0.5,0.2,0.2,0,62879.9,1
0,222,7,0,0.2,0.4,0.5,2.4,0,1.3,1.6,0.2,0.2,0.2,168443.9,1
0,226,2,0,0,0.1,0.2,0.7,0,0.4,0.5,0,0,0.1,48126.8,1
0,241,1.5,0.1,0.3,0.1,0.2,0.3,0,0.2,0.1,0.1,0.1,0,31420.8,1
1,7,1,0.1,0.1,0.1,0.2,0.2,0,0.1,0.1,0.1,0,0,18424.3,1
1,9,5,0.4,0.3,0.3,1.1,0.9,0.3,0.6,0.5,0.3,0.2,0.1,92121.5,1
1,15,7,0.5,0.8,0.2,1.6,1.3,0.3,0.6,0.8,0.5,0.2,0.2,140754.8,1
1,18,4,0.3,0.4,0.1,0.9,0.7,0.2,0.4,0.5,0.3,0.1,0.1,80431.3,1
1,22,4,0,0.8,0.3,0.7,1,0.1,0.4,0.5,0.1,0.1,0,74289,1
1,26,1,0,0.2,0.1,0.2,0.3,0,0.1,0.1,0,0,0,18572.2,1
1,43,2,0.2,0.2,0.1,0.5,0.4,0,0.1,0,0.1,0,0.4,38924.5,1
1,47,2,0.1,0,0.2,0.3,0.4,0,0.3,0.5,0.2,0,0,41654.5,1
1,51,2,0.1,0,0.2,0.3,0.4,0,0.3,0.5,0.2,0,0,41654.5,1
1,52,5,0.5,0.5,0.3,1,0.8,0.1,0.5,1,0.1,0.2,0,118064.6,1
1,68,8,0.6,0.4,0.6,1.2,2.1,0.2,1,0.6,0.7,0.4,0.2,139175.6,1
1,113,4,0.2,0.6,0.1,0.7,1,0.1,0.4,0.4,0.3,0.1,0.1,80150.2,1
1,115,26,2,1,2,4,2,0,5,5,2,3,0,484283.8,0
1,116,26.5,2,1,1,8,0,1.5,6,3,2,2,0,597360.7,0
1,117,115,6,11,3,31,19,6,6,11,13,8,1,2235436.4,0
1,118,37.5,2,3,1,8,7,1,0,10,2.5,3,0,720133.5,0
1,119,70,5,2,1,13,15,3,9,15,6,1,0,1387613.9,0
1,120,53,2,5,3,9,12,0,6,11,2,2,1,970891.8,0
1,121,1,0,0.2,0.1,0.1,0.3,0,0.1,0.1,0.1,0,0,19487.6,1
1,122,4,0.2,0.5,0.4,0.5,1,0,0.4,0.4,0.2,0.4,0,84969.4,1
1,125,2,0.1,0.2,0.2,0.3,0.5,0,0.2,0.2,0.1,0.2,0,42484.7,1
1,129,9,0.4,1.2,1,1.3,2.3,0,0.8,0.8,0.4,0.8,0,191181.3,1
1,146,16,1.4,1.8,0.4,2.3,3.2,0,0.5,4.1,0.4,1.4,0.5,343315.8,1
1,147,40,1,4,1,8,9,0,8,3,3,0,3,881532.3,0
1,151,5,0.2,1.1,0,0.7,1.7,0,0.5,0,0.6,0,0.2,97604.5,1
1,152,5,0.5,0.5,0.2,1.3,0.8,0.1,0.4,0.3,0.6,0.2,0.1,86873.6,1
1,159,11,0.3,2.1,0.5,2,2.4,0.2,1.1,0.3,1.6,0.5,0,184567.9,1
1,163,6,0.5,0.3,0.3,1.3,1.1,0.2,0.7,0.9,0.5,0.2,0,121091.1,1
1,164,2,0.1,0.1,0.1,0.4,0.4,0.1,0.2,0.3,0.2,0.1,0,40363.7,1
1,169,32,1.5,2,2,9,5,0.5,6,0,4,2,0,643012.6,0
1,170,4.5,0,0.3,0.1,0.7,1,0.1,0.8,0.9,0.3,0.3,0,93499.1,1
1,171,11,0.1,0.7,0.2,1.8,2.4,0.2,1.9,2.2,0.7,0.7,0.1,228553.3,1
1,172,9,0.5,0.5,0.1,1.7,1.8,0.7,0.9,2.2,0.5,0.1,0,202394.3,1
1,173,15,0.8,0.9,0.2,2.8,3,1.1,1.5,3.6,0.9,0.2,0,337323.8,1
1,174,12,0.7,0.7,0.2,2.2,2.4,0.8,1.2,2.9,0.7,0.2,0,269859.1,1
1,175,28,4,0,0,8,1,1,3,7,3,1,0,686779,0
1,176,12,0.7,0.7,0.2,2.2,2.4,0.8,1.2,2.9,0.7,0.2,0,269859.1,1
1,178,11,0.7,1.3,1.3,1.8,2,0.5,0.9,0.7,0.5,1.3,0,230449,1
1,181,2,0.1,0.2,0.2,0.3,0.4,0.1,0.2,0.1,0.1,0.3,0,41899.8,1
1,182,3,0.1,0.1,0.1,0.3,0.7,0.1,0.2,1,0,0.3,0.1,53047.2,1
1,183,8,0.3,0.3,0.3,0.8,1.7,0.3,0.6,2.6,0,0.8,0.3,141459.2,1
1,185,1,0,0,0.1,0.1,0.2,0,0.1,0.3,0,0.1,0.1,17682.4,1
1,186,1,0,0,0.1,0.1,0.2,0,0.1,0.3,0,0.1,0.1,17682.4,1
1,193,5,0.1,0.4,0.4,0.7,1.2,0.1,0.5,0.5,0.5,0.4,0.2,111183.9,1
1,198,9,0.2,0.7,0.7,1.2,2.1,0.2,1,1,1,0.7,0.2,200131.1,1
1,199,7,0.2,0.5,0.6,0.9,1.7,0.2,0.7,0.7,0.7,0.6,0.2,155657.5,1
1,203,4,0.1,0.3,0.2,0.6,1.1,0.1,0.4,0.4,0.2,0.4,0.2,84763.3,1
1,207,5,0.2,0.7,0.1,0.7,1.2,0.1,0.7,0.9,0.1,0.1,0.2,104505.6,1
1,208,8,0.3,1.1,0.2,1.1,2,0.1,1.2,1.4,0.2,0.1,0.3,167208.9,1
1,209,1,0,0.1,0,0.1,0.3,0,0.2,0.2,0,0,0.1,20901.1,1
1,212,11,0.4,0.4,0.7,2.4,1.5,1.1,1.5,1.7,0.6,0.7,0,230559.5,1
1,213,2,0.1,0.1,0.1,0.4,0.3,0.2,0.3,0.3,0.1,0.1,0,41919.9,1
1,222,10,0,0.3,0.5,0.8,3.4,0,1.8,2.4,0.2,0.3,0.3,240634.2,1
1,227,3,0,0.1,0.2,0.2,1,0,0.5,0.7,0.1,0.1,0.1,72190.3,1
1,228,4,0,0.1,0.2,0.3,1.4,0,0.7,1,0.1,0.1,0.1,96253.7,1
2,2,5,0.1,0.1,0.5,1.3,0.6,0.2,1,0.5,0.1,0.3,0.3,108310.3,1
2,4,6,0.2,0.2,0.5,1.5,0.8,0.2,1.2,0.6,0.1,0.3,0.4,129972.4,1
2,5,5,0.1,0.1,0.5,1.3,0.6,0.2,1,0.5,0.1,0.3,0.3,108310.3,1
2,15,2,0,0.3,0.2,0.2,0.4,0.1,0.2,0.3,0.1,0.1,0.1,43218.8,1
2,22,2,0,0.2,0.3,0.2,0.8,0,0,0,0.2,0.2,0.1,46125.3,1
2,26,18,0,1.9,2.2,1.9,7.1,0.3,0.4,0,1.9,1.9,0.4,415127.7,1
2,27,11,0.3,2.2,0.9,1.1,3.5,0.4,1.5,0,1,0,0.1,221720.6,1
2,32,6,0.6,0.3,0.7,1.2,1.7,0.3,0.7,0.1,0.2,0,0.2,115027.8,1
2,38,4,0.4,0.2,0.4,0.8,1.2,0.2,0.4,0.1,0.1,0,0.2,76685.2,1
2,45,6,0,0.9,0.5,0.9,1.6,0.1,0.8,0.2,0.4,0.2,0.4,121576.3,1
2,59,2,0,0.5,0.1,0.2,0.6,0.1,0,0.2,0.2,0,0.1,39260.2,1
2,60,19,0,4.5,1.2,2,6.1,0.8,0,2,1.6,0.4,0.4,372971.6,1
2,74,4,0.3,0.4,0.4,0.5,0.7,0,0.7,0.4,0.3,0.2,0.1,80608.9,1
2,86,6,0.2,0.4,0.8,0.9,0.7,0.2,1.4,0.7,0.3,0.2,0.2,102450.1,1
2,87,2,0,0.1,0.3,0.3,0.2,0.1,0.5,0.2,0.1,0.1,0.1,34150,1
2,91,4,0.1,0.3,0.6,0.6,0.5,0.1,0.9,0.5,0.2,0.1,0.1,68300.1,1
2,92,5,0.4,0.6,0.1,0.6,1.1,0.2,0.9,0.7,0.2,0.2,0,98239.7,1
2,100,4,0.3,0.5,0.1,0.5,0.9,0.1,0.7,0.5,0.2,0.2,0,78591.7,1
2,111,1,0,0,0.1,0.1,0.2,0,0.3,0.2,0,0.1,0,20515.6,1
2,112,3,0.2,0.3,0.1,0.5,0.5,0.1,0.1,0.7,0.2,0.3,0,61080.9,1
2,113,4,0.3,0.4,0.1,0.6,0.7,0.1,0.1,0.9,0.3,0.5,0,81441.2,1
2,116,90,6,6,6,17,22,5,11,6,3,6,2,1641397,0
2,117,80,4,10,4,11,23,2,6,5,6,6,3,1632363.2,0
2,118,75.5,4,4,1,15,10,2,1,24,7.5,7,0,1241555.8,0
2,119,54.5,3,2,6,10,10,1,11,5,5.5,1,0,934862.9,0
2,120,78.5,4,1,2,10,13,1,36,7,3.5,0,1,1733972.9,0
2,121,6,0.7,0.5,0.4,1.6,0.9,0.4,0.5,0.2,0.8,0,0,116842.1,1
2,122,7,0.7,0.4,0.5,1,0.6,0.2,1.8,0.9,0.4,0.3,0.2,134255.6,1
2,137,6,0.5,0.1,0.4,1.4,0.6,0,1.1,1.1,0.2,0.6,0,126303.8,1
2,138,1,0.1,0,0.1,0.2,0.1,0,0.2,0.2,0,0.1,0,21050.6,1
2,142,2,0,0,0.1,0.4,0.3,0,0.4,0.5,0.1,0.2,0,41770.4,1
2,144,2,0,0,0.1,0.4,0.3,0,0.4,0.5,0.1,0.2,0,41770.4,1
2,145,19,0.3,0,1.2,3.5,2.9,0,3.2,5,0.9,1.7,0.3,396818.7,1
2,146,43,0,6,4,1,14,0,5,6,4,3,0,784513.6,0
2,147,9,0.7,0.8,0.5,1.7,2.6,0.1,0.9,0.7,0.7,0.1,0.2,171569.4,1
2,150,9,0.7,0.8,0.5,1.7,2.6,0.1,0.9,0.7,0.7,0.1,0.2,171569.4,1
2,151,3,0.2,0.3,0.2,0.6,0.9,0,0.3,0.2,0.2,0,0.1,57189.8,1
2,165,4,0.5,0,0,1.2,0.7,0.1,0.5,0.5,0.2,0.3,0,78528.9,1
2,169,2,0,0.1,0,0.3,0.3,0.1,0.5,0.3,0.2,0.1,0.1,35402.6,1
2,170,4,0.1,0.2,0,0.6,0.6,0.1,1.1,0.6,0.4,0.2,0.1,70805.2,1
2,171,4,0.1,0.2,0,0.6,0.6,0.1,1.1,0.6,0.4,0.2,0.1,70805.2,1
2,173,2,0.1,0.1,0.2,0.3,0.3,0,0.5,0.3,0.1,0,0.1,53694.7,1
2,174,38,1,5,0,9,6,3,2,7,4,0,1,879304.5,0
2,175,8,0.2,0.5,0.6,1.3,1.3,0,2.2,1.1,0.2,0.2,0.4,214778.9,1
2,179,1,0.1,0.1,0,0.2,0.2,0,0.1,0.1,0.1,0.1,0,19659.9,1
2,181,6,0.7,0.7,0.2,1.4,1.2,0.1,0.8,0.2,0.4,0.3,0,117959.5,1
2,199,3,0,0.4,0.3,0.2,1.3,0.1,0.3,0.1,0.1,0.2,0,54496,1
2,204,6,0.3,0.1,0.2,1.3,0.6,0.5,1.3,1.3,0.1,0.3,0,119131.3,1
2,205,3,0.2,0.1,0.1,0.6,0.3,0.2,0.6,0.6,0.1,0.2,0,59565.6,1
2,212,11.5,0.3,0.3,0,2.5,0.9,0,2.1,1.8,1.1,2.5,0,253569.8,1
2,221,2,0,0.1,0,0.4,0.2,0,0.4,0.3,0.2,0.4,0,44099.1,1
2,227,8,0.4,1.1,0.4,1.2,1.8,0.2,0.9,1.3,0.3,0.3,0.1,185336.1,1
2,228,16,0.7,2.2,0.9,2.4,3.7,0.4,1.8,2.6,0.5,0.6,0.2,370672.2,1
2,229,9,0.4,1.2,0.5,1.4,2.1,0.2,1,1.5,0.3,0.3,0.1,208503.1,1
2,242,19,2.5,1.3,0.5,5,4.5,0.5,1.5,0.5,2.7,0,0,490032.8,1
2,246,3,0.4,0.2,0.1,0.8,0.7,0.1,0.2,0.1,0.4,0,0,77373.6,1
3,3,2,0,0.1,0.2,0.5,0.3,0.1,0.4,0.2,0,0.1,0.1,43324.1,1
3,4,2,0,0.1,0.2,0.5,0.3,0.1,0.4,0.2,0,0.1,0.1,43324.1,1
3,5,5,0.1,0.1,0.5,1.3,0.6,0.2,1,0.5,0.1,0.3,0.3,108310.3,1
3,11,9,0.2,0.2,0.8,2.3,1.2,0.3,1.9,0.9,0.1,0.5,0.6,194958.5,1
3,25,10,0,1,1.3,1,4,0.2,0.2,0,1,1.1,0.2,230626.5,1
3,26,66,7,4,1,22,7,3,11,3,6,0,2,1506313.3,0
3,27,103,15,8,2,40,13,8,2,2,13,0,0,2116473.3,0
3,36,5,0.4,0.3,0.5,1,1.5,0.3,0.5,0.1,0.2,0,0.2,95856.5,1
3,38,2,0.2,0.1,0.2,0.4,0.6,0.1,0.2,0,0.1,0,0.1,38342.6,1
3,41,6,0.6,0.3,0.7,1.2,1.7,0.3,0.7,0.1,0.2,0,0.2,115027.8,1
3,42,6,0,0.9,0.5,0.9,1.6,0.1,0.8,0.2,0.4,0.2,0.4,121576.3,1
3,58,3,0,0.7,0.2,0.3,1,0.1,0,0.3,0.2,0.1,0.1,58890.3,1
3,60,3,0,0.7,0.2,0.3,1,0.1,0,0.3,0.2,0.1,0.1,58890.3,1
3,91,2,0,0.1,0.3,0.3,0.2,0.1,0.5,0.2,0.1,0.1,0.1,34150,1
3,103,6,0.1,0.3,0.5,0.5,1.2,0,1.9,0.9,0.1,0.5,0,123093.4,1
3,106,4,0.1,0.2,0.3,0.3,0.8,0,1.3,0.6,0.1,0.3,0,82062.3,1
3,110,2,0,0.1,0.2,0.2,0.4,0,0.6,0.3,0,0.2,0,41031.1,1
3,115,8,0.5,0.7,0.2,1.3,1.5,0.2,0.2,1.9,0.6,0.9,0,162882.3,1
3,116,28,2,2.6,0.6,4.6,5.2,0.6,0.6,6.5,2,3.3,0,570088.2,1
3,117,55.5,3,5.5,3,7,14,1,3,11,3,4,1,1258852.2,0
3,118,7,0.9,0.5,0.5,1.9,1.1,0.4,0.6,0.2,0.9,0,0,136315.8,1
3,119,53,8,4,2,19,7,3,0,0,10,0,0,979155.9,0
3,120,86,12,6,3,32,9,4,7,0,13,0,0,1619758.1,0
3,121,4,0.5,0.3,0.3,1.1,0.6,0.3,0.3,0.1,0.5,0,0,77894.7,1
3,122,2,0.2,0.1,0.1,0.3,0.2,0,0.5,0.3,0.1,0.1,0.1,38358.7,1
3,124,5,0.5,0.3,0.3,0.8,0.4,0.1,1.3,0.7,0.3,0.2,0.1,95896.8,1
3,129,4,0.4,0.3,0.3,0.6,0.3,0.1,1,0.5,0.2,0.2,0.1,76717.5,1
3,130,5,0.5,0.3,0.3,0.8,0.4,0.1,1.3,0.7,0.3,0.2,0.1,95896.8,1
3,137,8,0.6,0.2,0.5,1.8,0.8,0,1.5,1.5,0.3,0.8,0,168405.1,1
3,138,2,0.2,0,0.1,0.4,0.2,0,0.4,0.4,0.1,0.2,0,42101.3,1
3,143,8,0.1,0,0.5,1.5,1.2,0,1.4,2.1,0.4,0.7,0.1,167081.6,1
3,144,8,0.1,0,0.5,1.5,1.2,0,1.4,2.1,0.4,0.7,0.1,167081.6,1
3,145,16,0.2,0,1,3,2.5,0,2.7,4.2,0.7,1.5,0.2,334163.1,1
3,146,55,4,4,3,14,11,2,5,3,6,2,1,1038399.8,0
3,147,27,1,0,1,4,4,1,13,2,0,1,0,544993,0
3,148,16,1.2,1.5,0.8,3.1,4.5,0.2,1.7,1.2,1.2,0.2,0.4,305012.3,1
3,153,10,0.3,0.8,0,1.4,1.7,0.1,1.6,2.7,0.6,0.7,0.1,183687.6,1
3,160,2,0.1,0.2,0,0.3,0.3,0,0.3,0.5,0.1,0.2,0,36737.5,1
3,161,2,0.1,0.2,0,0.3,0.3,0,0.3,0.5,0.1,0.2,0,36737.5,1
3,165,2,0.2,0,0,0.6,0.3,0.1,0.3,0.3,0.1,0.1,0,39264.4,1
3,170,2,0,0.1,0,0.3,0.3,0.1,0.5,0.3,0.2,0.1,0.1,35402.6,1
3,171,2,0,0.1,0,0.3,0.3,0.1,0.5,0.3,0.2,0.1,0.1,35402.6,1
3,174,27,2,4,1,2,3,0,4,7,1,3,0,564289.3,0
3,178,16,1.9,1.9,0.6,3.8,3.1,0.2,2.1,0.6,1,0.8,0,314558.7,1
3,179,6,0.7,0.7,0.2,1.4,1.2,0.1,0.8,0.2,0.4,0.3,0,117959.5,1
3,180,7,0.8,0.8,0.3,1.6,1.4,0.1,0.9,0.3,0.4,0.4,0,137619.4,1
3,199,1,0,0.1,0.1,0.1,0.4,0,0.1,0.1,0,0.1,0,18165.3,1
3,203,16,0.8,0.4,0.4,3.4,1.7,1.3,3.4,3.4,0.4,0.8,0,317683.4,1
3,204,2,0.1,0.1,0.1,0.4,0.2,0.2,0.4,0.4,0,0.1,0,39710.4,1
3,226,4,0.2,0.6,0.2,0.6,0.9,0.1,0.5,0.6,0.1,0.1,0.1,92668,1
3,227,6,0.3,0.8,0.3,0.9,1.4,0.1,0.7,1,0.2,0.2,0.1,139002.1,1
3,231,2,0.1,0.3,0.1,0.3,0.5,0,0.2,0.3,0.1,0.1,0,46334,1
3,232,3,0.3,0,0.2,0.6,0.5,0.1,0.6,0.4,0.2,0.1,0,70108.4,1
3,233,3,0.3,0,0.2,0.6,0.5,0.1,0.6,0.4,0.2,0.1,0,70108.4,1
3,243,14,1.8,0.9,0.4,3.7,3.3,0.4,1.1,0.4,2,0,0,361076.8,1
3,253,7,0.5,0.5,0,1.8,1.2,0.3,1.2,0.9,0.5,0.1,0,139636.8,1
3,254,6,0.4,0.4,0,1.6,1,0.3,1,0.8,0.4,0.1,0,119688.7,1
4,0,34,1.3,4.3,1.7,5.6,6.9,0.4,3.9,3,4.7,1.3,0.9,695166.4,1
4,2,2,0,0.1,0.2,0.5,0.3,0.1,0.4,0.2,0,0.1,0.1,43324.1,1
4,6,5,0.1,0.1,0.5,1.3,0.6,0.2,1,0.5,0.1,0.3,0.3,108310.3,1
4,11,6,0.2,0.2,0.5,1.5,0.8,0.2,1.2,0.6,0.1,0.3,0.4,129972.4,1
4,12,6,0.1,0.9,0.6,0.7,1.1,0.1,0.7,0.9,0.2,0.4,0.3,129656.5,1
4,13,1,0,0.1,0.1,0.1,0.2,0,0.1,0.2,0,0.1,0.1,21609.4,1
4,15,4,0.1,0.5,0.4,0.5,0.7,0.1,0.5,0.6,0.1,0.3,0.2,86437.7,1
4,18,2,0,0.3,0.2,0.2,0.4,0.1,0.2,0.3,0.1,0.1,0.1,43218.8,1
4,21,5,0.1,0.7,0.5,0.6,1,0.1,0.6,0.7,0.1,0.4,0.2,108047.1,1
4,25,14,0,1.5,1.7,1.5,5.5,0.3,0.3,0,1.4,1.5,0.3,322877.1,1
4,26,110,3,9,9,20,33,0,20,11,1,1,3,2172750,0
4,27,132,5,22,7,23,32,6.5,8,13,13.5,0,2,2706195.8,0
4,40,3,0.3,0.2,0.3,0.6,0.9,0.2,0.3,0,0.1,0,0.1,57513.9,1
4,41,8,0.7,0.4,0.9,1.6,2.3,0.4,0.9,0.2,0.3,0,0.3,153370.4,1
4,43,5,0,0.8,0.4,0.8,1.3,0.1,0.6,0.2,0.3,0.2,0.3,101313.6,1
4,48,12,0,1.9,0.9,1.9,3.2,0.2,1.5,0.4,0.8,0.4,0.8,243152.7,1
4,49,3,0,0.5,0.2,0.5,0.8,0,0.4,0.1,0.2,0.1,0.2,60788.2,1
4,57,4,0,0.9,0.3,0.4,1.3,0.2,0,0.4,0.3,0.1,0.1,78520.3,1
4,58,14,0,3.3,0.9,1.5,4.4,0.6,0,1.5,1.2,0.3,0.3,274821.2,1
4,82,4,0.1,0.3,0.6,0.6,0.5,0.1,0.9,0.5,0.2,0.1,0.1,68300.1,1
4,85,4,0.1,0.3,0.6,0.6,0.5,0.1,0.9,0.5,0.2,0.1,0.1,68300.1,1
4,94,4,0.3,0.5,0.1,0.5,0.9,0.1,0.7,0.5,0.2,0.2,0,78591.7,1
4,117,30,0,0,6,3,6,1,1,8,2,3,0,735558.8,0
4,118,30,3.7,2.3,2,7.9,4.7,1.8,2.5,1,3.9,0,0.2,584210.4,1
4,119,34.5,4.2,2.7,2.3,9.1,5.4,2.1,2.8,1.2,4.5,0,0.2,671842,1
4,122,1,0.1,0.1,0.1,0.1,0.1,0,0.3,0.1,0.1,0,0,19179.4,1
4,127,10,1.1,0.6,0.6,1.5,0.9,0.2,2.6,1.3,0.6,0.4,0.2,191793.6,1
4,128,2,0.2,0.1,0.1,0.3,0.2,0,0.5,0.3,0.1,0.1,0.1,38358.7,1
4,129,2,0.2,0.1,0.1,0.3,0.2,0,0.5,0.3,0.1,0.1,0.1,38358.7,1
4,134,5,0.1,0,0.3,1.1,0.9,0.1,1.8,0.4,0,0.3,0,113382.2,1
4,138,2,0.2,0,0.1,0.4,0.2,0,0.4,0.4,0.1,0.2,0,42101.3,1
4,139,3,0.2,0.1,0.2,0.7,0.3,0,0.5,0.6,0.1,0.3,0,63151.9,1
4,145,4,0.1,0,0.2,0.7,0.6,0,0.7,1,0.2,0.4,0.1,83540.8,1
4,146,70,4,7,2,18,12,5,3,2,17,0,0,1236552.6,0
4,147,11,0.8,1,0.6,2.1,3.1,0.1,1.1,0.9,0.9,0.1,0.3,209695.9,1
4,153,11,0.3,0.9,0,1.5,1.9,0.2,1.7,2.9,0.6,0.8,0.2,202056.4,1
4,154,5,0.1,0.4,0,0.7,0.8,0.1,0.8,1.3,0.3,0.4,0.1,91843.8,1
4,158,6,0.2,0.5,0,0.9,1,0.1,0.9,1.6,0.3,0.4,0.1,110212.6,1
4,170,4,0.1,0.2,0,0.6,0.6,0.1,1.1,0.6,0.4,0.2,0.1,70805.2,1
4,171,9,0.3,0.5,0,1.2,1.3,0.3,2.4,1.4,0.8,0.5,0.3,159311.7,1
4,172,6,0.2,0.4,0.4,1,1,0,1.6,0.8,0.2,0.1,0.3,161084.2,1
4,173,11,0.3,0.7,0.8,1.8,1.7,0,3,1.5,0.4,0.2,0.6,295321,1
4,174,21,0.7,1.3,1.5,3.5,3.3,0,5.7,2.8,0.7,0.4,1.1,563794.6,1
4,175,6,0.2,0.4,0.4,1,1,0,1.6,0.8,0.2,0.1,0.3,161084.2,1
4,177,4,0.5,0.5,0.1,0.9,0.8,0,0.5,0.2,0.3,0.2,0,78639.7,1
4,178,7,0.8,0.8,0.3,1.6,1.4,0.1,0.9,0.3,0.4,0.4,0,137619.4,1
4,180,3,0.3,0.4,0.1,0.7,0.6,0,0.4,0.1,0.2,0.2,0,58979.8,1
4,181,5,0.6,0.6,0.2,1.2,1,0.1,0.6,0.2,0.3,0.2,0,98299.6,1
4,183,7,0.5,0.4,0.9,1.2,1.8,0.2,1.4,0,0.4,0.2,0,114623.7,1
4,189,1,0.1,0.1,0,0.1,0.2,0,0.2,0.1,0.1,0.1,0,19248.2,1
4,196,5,0,0.6,0.5,0.4,2.1,0.2,0.5,0.3,0.1,0.3,0,90826.7,1
4,199,6,0,0.7,0.6,0.5,2.6,0.3,0.6,0.3,0.1,0.3,0,108992.1,1
4,204,3,0.2,0.1,0.1,0.6,0.3,0.2,0.6,0.6,0.1,0.2,0,59565.6,1
4,209,5,0.4,0.9,0,1,0.9,0.2,0.4,0.5,0.5,0.1,0.1,97940.3,1
4,212,2,0,0.1,0,0.4,0.2,0,0.4,0.3,0.2,0.4,0,44099.1,1
4,228,2,0.1,0.3,0.1,0.3,0.5,0,0.2,0.3,0.1,0.1,0,46334,1
4,230,9,0.4,1.2,0.5,1.4,2.1,0.2,1,1.5,0.3,0.3,0.1,208503.1,1
4,231,5,0.2,0.7,0.3,0.7,1.1,0.1,0.6,0.8,0.2,0.2,0.1,115835.1,1
4,233,14,1.2,0,1,2.8,2.4,0.7,2.8,1.7,0.9,0.5,0,327172.6,1
4,243,2,0.3,0.1,0,0.5,0.5,0,0.2,0.1,0.3,0,0,51582.4,1
4,250,7,0,0.9,0.2,0,1.4,0,1.4,2.1,0,1,0,173677.4,1
4,251,5,0,0.6,0.2,0,1,0,1,1.5,0,0.7,0,124055.3,1
4,252,2,0.2,0.2,0,0.5,0.3,0.1,0.3,0.3,0.1,0,0,39896.2,1
4,253,2,0.2,0.2,0,0.5,0.3,0.1,0.3,0.3,0.1,0,0,39896.2,1
4,255,7,0.5,0.5,0,1.8,1.2,0.3,1.2,0.9,0.5,0.1,0,139636.8,1
5,0,76.5,8.5,4.5,4,20,7,4,5,18,5.5,0,0,1658039.6,0
5,1,26,1,3.3,1.3,4.3,5.3,0.3,3,2.3,3.6,1,0.6,531597.8,1
5,7,3,0.1,0.1,0.3,0.8,0.4,0.1,0.6,0.3,0,0.1,0.2,64986.2,1
5,19,11,0.2,1.6,1,1.3,2.1,0.3,1.3,1.6,0.3,0.8,0.5,237703.6,1
5,24,4,0,0.4,0.5,0.4,1.6,0.1,0.1,0,0.4,0.4,0.1,92250.6,1
5,25,97,9,7,8,27,18,5,6,5,8,2,2,1943944.1,0
5,26,30,0,3,5,1,14,0,3,0,1,1,2,559890.7,0
5,27,110,5,25,7,13,42,2,0,4,10,1,1,2215333.9,0
5,49,4,0,0.6,0.3,0.6,1.1,0.1,0.5,0.1,0.3,0.1,0.3,81050.9,1
5,70,22,2.6,3,2.1,5.6,3.4,0.4,1.7,0.4,1.9,0.9,0,428764.2,1
5,117,28,3.4,2.2,1.9,7.4,4.4,1.7,2.3,0.9,3.6,0,0.2,545263.1,1
5,118,34,4.1,2.6,2.3,9,5.3,2.1,2.8,1.2,4.4,0,0.2,662105.2,1
5,122,2,0.2,0.1,0.1,0.3,0.2,0,0.5,0.3,0.1,0.1,0.1,38358.7,1
5,125,1,0.1,0.1,0.1,0.1,0.1,0,0.3,0.1,0.1,0,0,19179.4,1
5,134,11,0.3,0,0.6,2.4,2.1,0.3,3.8,0.9,0,0.6,0,249440.9,1
5,140,2,0.2,0,0.1,0.4,0.2,0,0.4,0.4,0.1,0.2,0,42101.3,1
5,141,2,0.2,0,0.1,0.4,0.2,0,0.4,0.4,0.1,0.2,0,42101.3,1
5,146,6,0.1,0,0.4,1.1,0.9,0,1,1.6,0.3,0.5,0.1,125311.2,1
5,147,12,0.9,1.1,0.6,2.3,3.4,0.2,1.2,0.9,0.9,0.2,0.3,228759.2,1
5,152,8,0.2,0.7,0,1.1,1.4,0.1,1.2,2.1,0.5,0.6,0.1,146950.1,1
5,153,15,0.4,1.3,0,2.1,2.5,0.2,2.3,4,0.9,1.1,0.2,275531.5,1
5,160,2,0.1,0.2,0,0.3,0.3,0,0.3,0.5,0.1,0.2,0,36737.5,1
5,162,8,1,0,0,2.4,1.3,0.3,1.1,1.1,0.3,0.5,0,157057.7,1
5,167,3,0.1,0.1,0,0.4,0.4,0.1,0.8,0.5,0.3,0.2,0.1,53103.9,1
5,171,2,0,0.1,0,0.3,0.3,0.1,0.5,0.3,0.2,0.1,0.1,35402.6,1
5,172,2,0.1,0.1,0.2,0.3,0.3,0,0.5,0.3,0.1,0,0.1,53694.7,1
5,173,17,0.5,1.1,1.2,2.8,2.7,0,4.6,2.3,0.5,0.4,0.9,456405.1,1
5,174,98,9,6.5,3,29,16,7,4,2,16.5,5,0,1807241.4,0
5,182,17,1.3,0.9,2.2,3,4.4,0.4,3.5,0,0.9,0.4,0,278371.9,1
5,183,1,0.1,0.1,0.1,0.2,0.3,0,0.2,0,0,0,0,16374.8,1
5,186,5,0.4,0.3,0.6,0.9,1.3,0.1,1,0,0.3,0.1,0,81874.1,1
5,193,2,0,0.2,0.2,0.2,0.9,0.1,0.2,0.1,0,0.1,0,36330.7,1
5,205,1,0.1,0,0,0.2,0.1,0.1,0.2,0.2,0,0.1,0,19855.2,1
5,206,5,0.3,0.1,0.1,1,0.5,0.4,1.1,1.1,0.1,0.3,0,99276.1,1
5,207,2,0.1,0.4,0,0.4,0.4,0.1,0.2,0.2,0.2,0,0,39176.1,1
5,209,19,1.4,3.3,0,3.8,3.3,1,1.4,1.9,1.9,0.5,0.5,372173.1,1
5,210,4,0.3,0.7,0,0.8,0.7,0.2,0.3,0.4,0.4,0.1,0.1,78352.2,1
5,211,4,0.3,0.7,0,0.8,0.7,0.2,0.3,0.4,0.4,0.1,0.1,78352.2,1
5,221,1,0,0,0,0.2,0.1,0,0.2,0.2,0.1,0.2,0,22049.6,1
5,227,5,0.2,0.7,0.3,0.7,1.1,0.1,0.6,0.8,0.2,0.2,0.1,115835.1,1
5,228,1,0.1,0.1,0.1,0.2,0.2,0,0.1,0.2,0,0,0,23167,1
5,231,2,0.1,0.3,0.1,0.3,0.5,0,0.2,0.3,0.1,0.1,0,46334,1
5,233,10,0.9,0,0.7,2,1.7,0.5,2,1.2,0.7,0.3,0,233694.7,1
5,234,1,0.1,0,0.1,0.2,0.2,0,0.2,0.1,0.1,0,0,23369.5,1
5,235,9,0.8,0,0.6,1.8,1.5,0.5,1.8,1.1,0.6,0.3,0,210325.3,1
5,236,2,0.2,0,0.1,0.4,0.4,0.1,0.4,0.2,0.1,0.1,0,46738.9,1
5,249,5,0,0.6,0.2,0,1,0,1,1.5,0,0.7,0,124055.3,1
5,255,10,0.7,0.7,0,2.6,1.7,0.5,1.7,1.3,0.6,0.2,0,199481.1,1
6,0,104,3,10,9,22,28,4,9,4,8,5,2,2044287.7,0
6,1,31,2,3,5,6,8,0,3,3,0,0,1,617276.3,0
6,2,15,0.4,0.4,1.3,3.8,1.9,0.6,3.1,1.5,0.2,0.8,1,324930.9,1
6,3,2,0,0.1,0.2,0.5,0.3,0.1,0.4,0.2,0,0.1,0.1,43324.1,1
6,6,5,0.1,0.1,0.5,1.3,0.6,0.2,1,0.5,0.1,0.3,0.3,108310.3,1
6,9,6,0.2,0.2,0.5,1.5,0.8,0.2,1.2,0.6,0.1,0.3,0.4,129972.4,1
6,24,63.5,3,3,1,17,11,0.5,5,9,2,11,1,1400083.2,0
6,25,76,1,3.5,6,18,12,2,14,5,6.5,5,3,1442882.1,0
6,26,101,4,5,5,34,21,3,11,8,1,6,3,1944547.5,0
6,27,65,1.5,12.8,5.3,6.8,20.4,2.3,9.1,0,6,0,0.8,1310167.4,1
6,28,2,0,0.4,0.2,0.2,0.6,0.1,0.3,0,0.2,0,0,40312.8,1
6,31,8,0.2,1.6,0.7,0.8,2.5,0.3,1.1,0,0.7,0,0.1,161251.4,1
6,32,16,1.4,0.9,1.7,3.2,4.7,0.9,1.7,0.3,0.6,0,0.6,306740.8,1
6,37,3,0.3,0.2,0.3,0.6,0.9,0.2,0.3,0,0.1,0,0.1,57513.9,1
6,58,2,0,0.5,0.1,0.2,0.6,0.1,0,0.2,0.2,0,0.1,39260.2,1
6,67,5.5,0.6,0.8,0.5,1.4,0.9,0.1,0.4,0.1,0.5,0.2,0,107191.1,1
6,70,7,0.8,1,0.7,1.8,1.1,0.1,0.5,0.1,0.6,0.3,0,136425,1
6,76,8,0.6,0.9,0.7,1,1.5,0,1.5,0.7,0.7,0.3,0.1,161217.7,1
6,79,7.5,0.5,0.8,0.7,1,1.4,0,1.4,0.7,0.6,0.3,0.1,151141.6,1
6,80,9,0.7,1,0.8,1.2,1.6,0,1.7,0.8,0.7,0.3,0.2,181369.9,1
6,82,5.5,0.1,0.4,0.8,0.8,0.6,0.2,1.3,0.6,0.3,0.2,0.2,93912.6,1
6,92,2,0.2,0.2,0,0.3,0.4,0.1,0.3,0.3,0.1,0.1,0,39295.9,1
6,107,3,0.1,0.1,0.2,0.2,0.6,0,1,0.4,0.1,0.3,0,61546.7,1
6,119,4,0.5,0.3,0.3,1.1,0.6,0.3,0.3,0.1,0.5,0,0,77894.7,1
6,140,14,1.1,0.3,0.9,3.1,1.4,0,2.6,2.6,0.6,1.4,0,294709,1
6,141,9,0.7,0.2,0.5,2,0.9,0,1.7,1.7,0.4,0.9,0,189455.8,1
6,157,2,0.1,0.2,0,0.3,0.3,0,0.3,0.5,0.1,0.2,0,36737.5,1
6,166,1,0.1,0,0,0.3,0.2,0,0.1,0.1,0.1,0.1,0,19632.2,1
6,167,9,0.3,0.5,0,1.2,1.3,0.3,2.4,1.4,0.8,0.5,0.3,159311.7,1
6,171,16,0.6,0.8,0,2.2,2.3,0.6,4.2,2.5,1.4,0.8,0.6,283220.7,1
6,172,49,7,6.5,0.5,13,6,1,5,4,6,0,0,956630.6,0
6,173,79,6,7,3.5,22,13,2,7,9,5.5,4,0,1397958.4,0
6,174,88,5,10,1,20,15,4,4,13,14,2,0,1804503,0
6,175,23,0.7,1.5,1.7,3.8,3.6,0,6.2,3.1,0.7,0.5,1.2,617489.3,1
6,178,4,0.5,0.5,0.1,0.9,0.8,0,0.5,0.2,0.3,0.2,0,78639.7,1
6,182,2,0.2,0.1,0.3,0.4,0.5,0,0.4,0,0.1,0,0,32749.6,1
6,183,5,0.4,0.3,0.6,0.9,1.3,0.1,1,0,0.3,0.1,0,81874.1,1
6,185,2,0.2,0.1,0.3,0.4,0.5,0,0.4,0,0.1,0,0,32749.6,1
6,198,4,0,0.5,0.4,0.3,1.7,0.2,0.4,0.2,0.1,0.2,0,72661.4,1
6,200,5,0,0.6,0.5,0.4,2.1,0.2,0.5,0.3,0.1,0.3,0,90826.7,1
6,201,3,0,0.4,0.3,0.2,1.3,0.1,0.3,0.1,0.1,0.2,0,54496,1
6,202,2,0.1,0.1,0.1,0.4,0.2,0.2,0.4,0.4,0,0.1,0,39710.4,1
6,209,4,0.3,0.7,0,0.8,0.7,0.2,0.3,0.4,0.4,0.1,0.1,78352.2,1
6,211,2,0.1,0.4,0,0.4,0.4,0.1,0.2,0.2,0.2,0,0,39176.1,1
6,212,2,0,0.1,0,0.4,0.2,0,0.4,0.3,0.2,0.4,0,44099.1,1
6,213,2,0,0.1,0,0.4,0.2,0,0.4,0.3,0.2,0.4,0,44099.1,1
6,221,7,0.2,0.2,0,1.5,0.6,0,1.3,1.1,0.6,1.5,0,154346.9,1
6,229,5,0.2,0.7,0.3,0.7,1.1,0.1,0.6,0.8,0.2,0.2,0.1,115835.1,1
6,230,11,0.5,1.5,0.6,1.6,2.5,0.3,1.3,1.8,0.4,0.4,0.1,254837.1,1
6,231,2,0.1,0.3,0.1,0.3,0.5,0,0.2,0.3,0.1,0.1,0,46334,1
6,235,17,1.4,0,1.1,3.5,2.9,0.9,3.5,2,1.1,0.6,0,397281.1,1
6,250,2,0,0.2,0.1,0,0.4,0,0.4,0.6,0,0.3,0,49622.1,1
7,0,69,6,3,8,17,13,2,8,4,6,1,1,1333582.1,0
7,1,105,8,9,0,35,15,6,6,6,15,4,1,2061800.5,0
7,2,68,10,2.9,0.7,30.8,5.7,6.5,5,1.4,4.3,0.7,0,1515226.4,1
7,6,7,1,0.3,0.1,3.2,0.6,0.7,0.5,0.1,0.4,0.1,0,155979.2,1
7,11,1,0,0.1,0,0.2,0.2,0.1,0.1,0.1,0.2,0,0,21483.7,1
7,12,3,0.2,0.5,0.1,0.6,0.8,0.1,0.2,0.1,0.2,0.1,0.1,68521.6,1
7,21,2,0,0.3,0.2,0.2,0.4,0.1,0.2,0.3,0.1,0.1,0.1,43218.8,1
7,23,4,0.1,0.5,0.2,0.4,1.2,0.1,0.6,0.5,0.1,0.1,0.2,87616.8,1
7,24,39,2,1,1,6,3,1,7,13,3,2,0,978507.9,0
7,25,79,0,5,0,7,17,1,12,22,9,5,1,1802773.5,0
7,26,61,2,3.5,0,15,10,1,6,11,5.5,7,0,1169668.8,0
7,27,54,3,9,5,9,14,1,7,2,4,0,0,1081206.5,0
7,28,8,0.7,0.7,0.4,1.6,1.6,0,1,1.1,0.3,0.4,0.2,186449.7,1
7,29,4,0.4,0.4,0.2,0.8,0.8,0,0.5,0.5,0.1,0.2,0.1,93224.8,1
7,31,4,0.4,0.4,0.2,0.8,0.8,0,0.5,0.5,0.1,0.2,0.1,93224.8,1
7,59,10,1,0.3,0.2,2.3,2.3,0.7,0.7,0.9,1.1,0,0.5,193354.2,1
7,66,2,0.1,0.2,0,0.4,0.5,0.1,0.2,0,0.3,0.1,0.1,49105.5,1
7,68,10,1.2,1.3,1,2.5,1.5,0.2,0.8,0.2,0.9,0.4,0,194892.8,1
7,69,2,0.2,0.3,0.2,0.5,0.3,0,0.2,0,0.2,0.1,0,38978.6,1
7,92,3,0.2,0.3,0.1,0.4,0.7,0.1,0.5,0.4,0.1,0.2,0,58943.8,1
7,93,2,0.2,0.2,0,0.3,0.4,0.1,0.3,0.3,0.1,0.1,0,39295.9,1
7,94,5,0.4,0.6,0.1,0.6,1.1,0.2,0.9,0.7,0.2,0.2,0,98239.7,1
7,101,1,0.1,0.1,0,0.1,0.2,0,0.2,0.1,0.1,0.1,0,19647.9,1
7,103,2,0,0.1,0.2,0.2,0.4,0,0.6,0.3,0,0.2,0,41031.1,1
7,117,5,0.1,0.7,0.1,0.9,1.3,0.1,0.8,0.7,0.1,0.1,0.1,114805.3,1
7,118,2,0,0.3,0,0.4,0.5,0,0.3,0.3,0,0.1,0.1,45922.1,1
7,119,3,0.1,0.4,0.1,0.5,0.7,0.1,0.4,0.4,0.1,0.1,0.1,68883.2,1
7,131,5,0.2,0.2,0.7,0.6,1.1,0,0.8,0.8,0.2,0.2,0.2,103040.9,1
7,132,1,0,0,0.1,0.2,0.2,0,0.3,0.1,0,0.1,0,22676.4,1
7,149,6,0.5,0.5,0.3,1.1,1.7,0.1,0.6,0.5,0.5,0.1,0.1,114379.6,1
7,164,6,0.8,0,0,1.8,1,0.2,0.8,0.8,0.2,0.4,0,117793.3,1
7,170,7,0.4,0.4,0.4,1.4,1.4,0.1,1.2,1.2,0.4,0,0.1,150950.8,1
7,171,19,1.1,1.1,1.1,3.6,3.6,0.4,3.3,3.3,1.1,0,0.4,409723.6,1
7,172,93,12,8,3,35,12,3,6,4,6,4,0,1771804.5,0
7,173,62,2,5,4,8,14,1,5,13,4,3,3,1291002.7,0
7,174,60,3,3.5,2,12,9,0.5,10,4,2,13,1,1249132.3,0
7,175,64.5,1,7.5,9,4,24,1,6,5,3,0,4,1388034.9,0
7,176,9,0.8,0.8,0.5,1.7,1.4,0.5,1.4,0.6,0.5,0.5,0.3,180196,1
7,177,6,0.7,0.7,0.2,1.4,1.2,0.1,0.8,0.2,0.4,0.3,0,117959.5,1
7,184,6,0.4,0.7,0,0.9,1.4,0.2,0.9,0.5,0.4,0.4,0.2,115489.5,1
7,203,2,0.2,0.2,0.1,0.3,0.5,0,0.1,0.4,0.1,0.1,0,43189.2,1
7,209,6,0,0.2,0.2,1,1,0,1.2,1.8,0,0.3,0.3,137367,1
7,221,2,0,0.1,0,0.4,0.2,0,0.4,0.3,0.2,0.4,0,44099.1,1
7,229,14.5,0.4,1.9,0.5,2.7,2.7,1.1,2.7,0.6,1.1,0.6,0.2,315344,1
7,230,15,0.4,2,0.6,2.8,2.8,1.1,2.8,0.6,1.1,0.6,0.2,326217.9,1
7,231,7,0.2,0.9,0.3,1.3,1.3,0.5,1.3,0.3,0.5,0.3,0.1,152235,1
7,234,11,0.5,1.6,0.8,2.1,2.1,0.7,1,1.1,1.1,0,0,266090.3,1
7,235,15,0.7,2.2,1.1,2.9,2.9,0.9,1.3,1.5,1.5,0,0,362850.4,1
7,239,14,0.6,2.1,1,2.7,2.7,0.8,1.2,1.5,1.4,0,0,338660.4,1
7,241,2,0.1,0.3,0.1,0.4,0.4,0.1,0.2,0.2,0.2,0,0,48380.1,1
8,0,75.5,4.5,4,5,12,10,2,27,3,2,3,3,1575405.7,0
8,1,40.5,0.5,2,0,11,4,2,13,3,5,0,0,1001609.4,0
8,2,4,0.6,0.2,0,1.8,0.3,0.4,0.3,0.1,0.3,0,0,89131,1
8,9,33,1.2,3.7,1.2,7.5,5.6,1.9,1.9,3.1,5,1.3,0.6,708961,1
8,10,37,2,3,2,7,8,0,3,2,9,0,1,845927.4,0
8,11,5,0.2,0.6,0.2,1.1,0.8,0.3,0.3,0.5,0.7,0.2,0.1,107418.3,1
8,14,5,0.3,0.8,0.2,1,1.4,0.3,0.3,0.1,0.3,0.1,0.2,114202.7,1
8,21,3,0.1,0.4,0.3,0.3,0.6,0.1,0.4,0.4,0.1,0.2,0.1,64828.3,1
8,23,2,0,0.3,0.1,0.2,0.6,0,0.3,0.3,0.1,0,0.1,43808.4,1
8,24,54,2,2,3,4,7,0,17,16,2,0,1,1227149,0
8,25,101,6,12,3,11,21,1,16,24,5,2,0,1891026.7,0
8,26,118,3,2,7,22,18,0,11,36,8,11,0,2255950.1,0
8,27,31,1,2,3,2,8,1,5,4,0,5,0,650610,0
8,28,11,1,1,0.6,2.2,2.2,0,1.3,1.4,0.4,0.6,0.3,256368.3,1
8,48,1,0,0.1,0.1,0.2,0.3,0,0.1,0,0.1,0,0.1,20262.7,1
8,59,5,0.5,0.2,0.1,1.1,1.1,0.4,0.4,0.4,0.5,0,0.3,96677.1,1
8,65,5,0.3,0.4,0.1,1.1,1.2,0.3,0.5,0.1,0.8,0.1,0.1,122763.7,1
8,66,10,0.6,0.9,0.2,2.2,2.4,0.7,0.9,0.2,1.5,0.2,0.2,245527.3,1
8,67,5,0.6,0.7,0.5,1.2,0.8,0.1,0.4,0.1,0.4,0.2,0,97446.4,1
8,79,2,0.1,0.2,0.2,0.2,0.4,0,0.4,0.2,0.2,0.1,0,40304.4,1
8,80,2,0.1,0.2,0.2,0.2,0.4,0,0.4,0.2,0.2,0.1,0,40304.4,1
8,81,2,0.1,0.2,0.2,0.2,0.4,0,0.4,0.2,0.2,0.1,0,40304.4,1
8,95,3,0.2,0.3,0.1,0.4,0.7,0.1,0.5,0.4,0.1,0.2,0,58943.8,1
8,97,2,0.2,0.2,0,0.3,0.4,0.1,0.3,0.3,0.1,0.1,0,39295.9,1
8,99,4,0.3,0.5,0.1,0.5,0.9,0.1,0.7,0.5,0.2,0.2,0,78591.7,1
8,111,4,0.1,0.2,0.3,0.3,0.8,0,1.3,0.6,0.1,0.3,0,82062.3,1
8,117,2,0,0.3,0,0.4,0.5,0,0.3,0.3,0,0.1,0.1,45922.1,1
8,120,7,0.2,0.9,0.2,1.2,1.8,0.2,1,0.9,0.2,0.2,0.2,160727.4,1
8,125,6,0.6,0.4,0.4,0.9,0.5,0.1,1.5,0.8,0.4,0.3,0.1,115076.2,1
8,131,4,0.1,0.2,0.6,0.5,0.9,0,0.6,0.6,0.1,0.2,0.2,82432.7,1
8,142,2,0.1,0.2,0.1,0.4,0.6,0,0.2,0.2,0.2,0,0,38126.5,1
8,143,4,0.3,0.4,0.2,0.8,1.1,0,0.4,0.3,0.3,0.1,0.1,76253.1,1
8,157,2,0.1,0.2,0,0.3,0.3,0,0.3,0.5,0.1,0.2,0,36737.5,1
8,164,2,0.2,0,0,0.6,0.3,0.1,0.3,0.3,0.1,0.1,0,39264.4,1
8,167,4,0.2,0.2,0.2,0.8,0.8,0.1,0.7,0.7,0.2,0,0.1,86257.6,1
8,171,15,0.8,0.9,0.9,2.9,2.9,0.3,2.6,2.6,0.8,0,0.3,323466,1
8,172,61,5,9,2,14,9,2,4,4,3,7,2,997748.6,0
8,173,9,0.8,0.8,0.5,1.7,1.4,0.5,1.4,0.6,0.5,0.5,0.3,180196,1
8,174,52,4,2,1,10,4,0,12,7,2,8,2,1060541.4,0
8,175,62.5,0,3.5,7,2,17,0,19,12,1,0,1,1302235.7,0
8,178,2,0.2,0.2,0.1,0.5,0.4,0,0.3,0.1,0.1,0.1,0,39319.8,1
8,184,2,0.1,0.2,0,0.3,0.5,0.1,0.3,0.2,0.1,0.1,0.1,38496.5,1
8,186,2,0.1,0.2,0,0.3,0.5,0.1,0.3,0.2,0.1,0.1,0.1,38496.5,1
8,189,2,0.1,0.2,0,0.3,0.5,0.1,0.3,0.2,0.1,0.1,0.1,38496.5,1
8,192,2,0,0.2,0.2,0.2,0.9,0.1,0.2,0.1,0,0.1,0,36330.7,1
8,199,4,0.1,0.7,0.3,0.5,1,0.1,0.5,0.2,0.3,0.2,0.1,70908.6,1
8,203,4,0.3,0.4,0.1,0.6,1,0,0.3,0.7,0.2,0.3,0.1,86378.5,1
8,210,4,0,0.2,0.2,0.6,0.7,0,0.8,1.1,0,0.2,0.2,91578,1
8,213,2,0.2,0.2,0.1,0.3,0.5,0,0.3,0.2,0.1,0.1,0,44796.6,1
8,214,1,0.1,0.1,0.1,0.2,0.2,0,0.1,0.1,0.1,0,0,22398.3,1
8,228,12,0.3,1.6,0.4,2.3,2.3,0.9,2.3,0.4,0.9,0.5,0.1,260974.3,1
8,229,10,0.2,1.3,0.4,1.9,1.9,0.7,1.9,0.4,0.8,0.4,0.1,217478.6,1
8,230,1,0,0.1,0,0.2,0.2,0.1,0.2,0,0.1,0.1,0,21747.9,1
8,231,8,0.2,1.1,0.3,1.5,1.5,0.6,1.5,0.3,0.6,0.3,0.1,173982.9,1
8,235,4,0.2,0.6,0.3,0.8,0.8,0.2,0.3,0.4,0.4,0,0,96760.1,1
8,238,10,0.5,1.5,0.7,1.9,1.9,0.6,0.9,1,1,0,0,241900.3,1
8,239,6,0.3,0.9,0.4,1.1,1.2,0.4,0.5,0.6,0.6,0,0,145140.2,1
8,242,5,0.5,0.5,0,1.4,0.7,0.3,0.2,0.5,0.8,0.1,0,107673.4,1
8,244,19.5,1.8,1.8,0.2,5.3,2.8,1.3,0.7,2.1,3,0.3,0.2,419926.1,1
8,245,24,2.2,2.2,0.2,6.5,3.5,1.6,0.8,2.6,3.8,0.4,0.2,516832.1,1
8,249,4,0,0.5,0.2,0,0.8,0,0.8,1.2,0,0.5,0,99244.2,1
9,0,9,0.5,0,0.5,2.2,1.5,0.2,1.8,1.3,0.7,0,0.3,176800.8,1
9,4,9,1.3,0.4,0.1,4.1,0.7,0.8,0.7,0.2,0.6,0.1,0,200544.7,1
9,9,83.5,8,8.5,5,19,13,6,0,4,11,6,3,1545151.7,0
9,10,57,2,7,4,8,14,0,8,3,8,2,1,1091726.2,0
9,11,31,1,2,0,6,7,0,6,2,6,1,0,878070.9,0
9,12,74.5,2,16.5,6,8,25,0,4,1,8,0,4,1589413.7,0
9,13,15,1.1,2.5,0.6,2.9,4.1,0.8,0.8,0.4,0.8,0.4,0.6,342608.1,1
9,24,2,0,0.3,0.1,0.2,0.6,0,0.3,0.3,0.1,0,0.1,43808.4,1
9,25,46,2,4,5,6,7,0,10,9,3,0,0,899646.5,0
9,26,34,2,1,1,3,4,0,7,16,0,0,0,743621.7,0
9,27,11,1,1,0.6,2.2,2.2,0,1.3,1.4,0.4,0.6,0.3,256368.3,1
9,28,4,0.4,0.4,0.2,0.8,0.8,0,0.5,0.5,0.1,0.2,0.1,93224.8,1
9,31,2,0.2,0.2,0.1,0.4,0.4,0,0.2,0.3,0.1,0.1,0,46612.4,1
9,32,4,0.1,0.5,0.3,0.8,0.4,0.4,0.5,0.6,0.3,0.1,0,85523.8,1
9,33,8,0.2,0.9,0.6,1.7,0.7,0.7,1.1,1.3,0.6,0.2,0,171047.7,1
9,34,11,0.2,1.3,0.8,2.3,1,1,1.5,1.8,0.8,0.3,0,235190.5,1
9,47,10,0,1.6,0.8,1.6,2.7,0.2,1.3,0.3,0.6,0.3,0.6,202627.2,1
9,53,5,0.5,0.2,0.1,1.1,1.1,0.4,0.4,0.4,0.5,0,0.3,96677.1,1
9,55,10,1,0.3,0.2,2.3,2.3,0.7,0.7,0.9,1.1,0,0.5,193354.2,1
9,56,15,1.6,0.5,0.3,3.4,3.4,1,1.1,1.3,1.6,0,0.8,290031.3,1
9,63,12,0.8,1,0.2,2.6,2.9,0.8,1,0.3,1.8,0.3,0.3,294632.8,1
9,64,34,5,0,3,8,7,4,1,3,0,1,2,663811.5,0
9,65,54,2,7,8,6,13,2,3,6,1,4,2,1057091.1,0
9,66,112,18,5,7,41,11,6,7,10,6,0,1,2442867.4,0
9,67,75,3,13,0,17,13,2,6,9,11,1,0,1551601.5,0
9,72,4,0.3,0.4,0.4,0.5,0.7,0,0.7,0.4,0.3,0.2,0.1,80608.9,1
9,84,3,0.1,0.2,0.4,0.4,0.3,0.1,0.7,0.4,0.2,0.1,0.1,51225.1,1
9,88,2,0,0.1,0.3,0.3,0.2,0.1,0.5,0.2,0.1,0.1,0.1,34150,1
9,91,2,0,0.1,0.3,0.3,0.2,0.1,0.5,0.2,0.1,0.1,0.1,34150,1
9,99,6,0.5,0.7,0.1,0.8,1.3,0.2,1,0.8,0.3,0.3,0,117887.6,1
9,109,6,0.1,0.3,0.5,0.5,1.2,0,1.9,0.9,0.1,0.5,0,123093.4,1
9,110,2,0,0.1,0.2,0.2,0.4,0,0.6,0.3,0,0.2,0,41031.1,1
9,115,2,0,0.3,0,0.4,0.5,0,0.3,0.3,0,0.1,0.1,45922.1,1
9,127,13,0.5,0.5,2,1.5,3,0,2,2,0.5,0.5,0.5,267906.4,1
9,132,2,0,0,0.1,0.4,0.4,0.1,0.7,0.2,0,0.1,0,45352.9,1
9,133,3,0.1,0,0.2,0.6,0.6,0.1,1,0.2,0,0.2,0,68029.3,1
9,137,2,0,0,0.1,0.4,0.4,0.1,0.7,0.2,0,0.1,0,45352.9,1
9,138,1,0,0,0.1,0.2,0.2,0,0.3,0.1,0,0.1,0,22676.4,1
9,160,6,0.2,0.5,0,0.9,1,0.1,0.9,1.6,0.3,0.4,0.1,110212.6,1
9,171,2,0.1,0.1,0.1,0.4,0.4,0,0.4,0.4,0.1,0,0,43128.8,1
9,174,10.5,0.9,0.9,0.6,2,1.6,0.6,1.6,0.7,0.6,0.6,0.4,210228.7,1
9,175,19,1.6,1.6,1,3.6,3,1,3,1.3,1.2,1,0.7,380413.9,1
9,178,2,0.2,0.2,0.1,0.5,0.4,0,0.3,0.1,0.1,0.1,0,39319.8,1
9,184,2,0.1,0.2,0,0.3,0.5,0.1,0.3,0.2,0.1,0.1,0.1,38496.5,1
9,198,3,0,0.5,0.3,0.4,0.8,0,0.4,0.2,0.2,0.1,0.1,53181.5,1
9,201,4,0.1,0.7,0.3,0.5,1,0.1,0.5,0.2,0.3,0.2,0.1,70908.6,1
9,203,4,0.3,0.4,0.1,0.6,1,0,0.3,0.7,0.2,0.3,0.1,86378.5,1
9,204,4,0.3,0.4,0.1,0.6,1,0,0.3,0.7,0.2,0.3,0.1,86378.5,1
9,210,6,0,0.2,0.2,1,1,0,1.2,1.8,0,0.3,0.3,137367,1
9,213,1,0.1,0.1,0.1,0.2,0.2,0,0.1,0.1,0.1,0,0,22398.3,1
9,214,1,0.1,0.1,0.1,0.2,0.2,0,0.1,0.1,0.1,0,0,22398.3,1
9,229,3,0.1,0.4,0.1,0.6,0.6,0.2,0.6,0.1,0.2,0.1,0,65243.6,1
9,230,43,6.5,3,0,13,5,2.5,0,9,4,0,0,1062454.6,0
9,231,32,1,1.5,0,6,6,2,4,3,7.5,1,0,743654,0
9,232,2,0.1,0.3,0.1,0.4,0.4,0.1,0.2,0.2,0.2,0,0,48380.1,1
9,243,13,1.2,1.2,0.1,3.5,1.9,0.9,0.5,1.4,2,0.2,0.1,279950.7,1
9,244,27,2,1,1,8,4,3,2,3,3,0,0,581001.9,0
9,245,7,0.6,0.6,0.1,1.9,1,0.5,0.2,0.8,1.1,0.1,0.1,150742.7,1
9,251,7,0,0.9,0.2,0,1.4,0,1.4,2.1,0,1,0,173677.4,1
10,4,3,0.4,0.1,0,1.4,0.3,0.3,0.2,0.1,0.2,0,0,66848.2,1
10,9,50,1,5,5,8,14,1,7,5,2,1,1,1176018.9,0
10,10,105.5,12,8,6,24,22,5,4,9,11.5,4,0,1909310.9,0
10,11,17,1,0,3,1,2,0,2,6,0,2,0,326219.3,0
10,12,62,9,4,1,13,14,5,3,4,9,0,0,1339694.9,0
10,13,31,2.1,5.1,1.3,5.9,8.5,1.7,1.7,0.8,1.7,0.9,1.3,708056.8,1
10,19,4,0.1,0.5,0.4,0.5,0.7,0.1,0.5,0.6,0.1,0.3,0.2,86437.7,1
10,20,2,0,0.3,0.2,0.2,0.4,0.1,0.2,0.3,0.1,0.1,0.1,43218.8,1
10,25,11,0.2,1.3,0.6,1.1,3.2,0.2,1.7,1.5,0.4,0.2,0.6,240946.3,1
10,26,13,0.2,1.6,0.8,1.3,3.8,0.2,2,1.8,0.4,0.2,0.7,284754.7,1
10,27,4,0.4,0.4,0.2,0.8,0.8,0,0.5,0.5,0.1,0.2,0.1,93224.8,1
10,29,4,0.4,0.4,0.2,0.8,0.8,0,0.5,0.5,0.1,0.2,0.1,93224.8,1
10,30,4,0.4,0.4,0.2,0.8,0.8,0,0.5,0.5,0.1,0.2,0.1,93224.8,1
10,32,12,0.3,1.4,0.8,2.5,1.1,1.1,1.7,2,0.8,0.3,0,256571.5,1
10,34,3,0.1,0.3,0.2,0.6,0.3,0.3,0.4,0.5,0.2,0.1,0,64142.9,1
10,45,3,0,0.5,0.2,0.5,0.8,0,0.4,0.1,0.2,0.1,0.2,60788.2,1
10,53,3,0.3,0.1,0,0.7,0.7,0.2,0.2,0.3,0.3,0,0.2,58006.3,1
10,63,8,0.5,0.7,0.2,1.7,1.9,0.5,0.7,0.2,1.2,0.2,0.2,196421.8,1
10,64,100.5,6,11,14,18,22,4.5,7,7,6,4,1,1891191.6,0
10,65,102.5,11,8,2,31,14,4,9,12,6.5,3,2,2051703,0
10,66,89.5,5,8,5,21,17,4,12,4,6.5,6,1,1896454.4,0
10,67,75,4,13,0,17,12,4,5,3,14,1,2,1750822.5,0
10,76,7,0.5,0.8,0.6,0.9,1.3,0,1.3,0.6,0.6,0.3,0.1,141065.5,1
10,92,11,0.9,1.2,0.2,1.4,2.5,0.4,2,1.4,0.5,0.5,0,216127.3,1
10,94,2,0.2,0.2,0,0.3,0.4,0.1,0.3,0.3,0.1,0.1,0,39295.9,1
10,98,4,0.3,0.5,0.1,0.5,0.9,0.1,0.7,0.5,0.2,0.2,0,78591.7,1
10,99,4,0.3,0.5,0.1,0.5,0.9,0.1,0.7,0.5,0.2,0.2,0,78591.7,1
10,111,4,0.1,0.2,0.3,0.3,0.8,0,1.3,0.6,0.1,0.3,0,82062.3,1
10,112,1,0,0.1,0,0.2,0.3,0,0.2,0.2,0,0,0,22961.1,1
10,117,3,0.1,0.4,0.1,0.5,0.7,0.1,0.4,0.4,0.1,0.1,0.1,68883.2,1
10,121,1,0,0.1,0,0.2,0.3,0,0.2,0.2,0,0,0,22961.1,1
10,131,4,0.1,0.2,0.6,0.5,0.9,0,0.6,0.6,0.1,0.2,0.2,82432.7,1
10,132,1,0,0,0.1,0.2,0.2,0,0.3,0.1,0,0.1,0,22676.4,1
10,138,11,0.3,0,0.6,2.4,2.1,0.3,3.8,0.9,0,0.6,0,249440.9,1
10,142,6,0.5,0.5,0.3,1.1,1.7,0.1,0.6,0.5,0.5,0.1,0.1,114379.6,1
10,163,4,0.5,0,0,1.2,0.7,0.1,0.5,0.5,0.2,0.3,0,78528.9,1
10,167,4,0.2,0.2,0.2,0.8,0.8,0.1,0.7,0.7,0.2,0,0.1,86257.6,1
10,170,1,0,0.1,0.1,0.2,0.2,0,0.2,0.2,0,0,0,21564.4,1
10,176,4,0.4,0.4,0.2,0.8,0.6,0.2,0.6,0.3,0.2,0.2,0.1,80087.1,1
10,178,8,0.9,0.9,0.3,1.9,1.6,0.1,1.1,0.3,0.5,0.4,0,157279.4,1
10,186,5,0.3,0.6,0,0.8,1.2,0.1,0.8,0.5,0.3,0.3,0.1,96241.2,1
10,196,3,0,0.4,0.3,0.2,1.3,0.1,0.3,0.1,0.1,0.2,0,54496,1
10,197,3,0,0.5,0.3,0.4,0.8,0,0.4,0.2,0.2,0.1,0.1,53181.5,1
10,198,2,0,0.4,0.2,0.2,0.5,0,0.2,0.1,0.2,0.1,0.1,35454.3,1
10,201,32,0.5,5.6,2.8,3.8,8.5,0.5,3.8,1.9,2.3,1.4,0.9,567269.2,1
10,202,1,0.1,0.1,0,0.1,0.2,0,0.1,0.2,0.1,0.1,0,21594.6,1
10,204,23,1.9,2.4,0.7,3.4,5.8,0.2,1.5,4.1,1.2,1.5,0.3,496676.2,1
10,205,6,0.5,0.6,0.2,0.9,1.5,0,0.4,1.1,0.3,0.4,0.1,129567.7,1
10,206,4,0.3,0.4,0.1,0.6,1,0,0.3,0.7,0.2,0.3,0.1,86378.5,1
10,209,1,0,0,0,0.2,0.2,0,0.2,0.3,0,0,0.1,22894.5,1
10,215,4,0.4,0.4,0.2,0.6,1,0.1,0.5,0.4,0.3,0.1,0,89593.3,1
10,220,3,0.1,0.1,0,0.6,0.2,0,0.6,0.5,0.3,0.6,0,66148.7,1
10,230,9,0.2,1.2,0.3,1.7,1.7,0.7,1.7,0.3,0.7,0.4,0.1,195730.7,1
10,231,34,1,4,0,7,5,1,10,4,2,0,0,707587,0
10,232,2,0.1,0.3,0.1,0.4,0.4,0.1,0.2,0.2,0.2,0,0,48380.1,1
10,243,23,2.1,2.1,0.2,6.2,3.3,1.6,0.8,2.5,3.6,0.4,0.2,495297.5,1
10,244,15,1.4,1.4,0.1,4.1,2.2,1,0.5,1.6,2.3,0.3,0.1,323020.1,1
10,245,4,0.4,0.4,0,1.1,0.6,0.3,0.1,0.4,0.6,0.1,0,86138.7,1
10,252,2,0.2,0.2,0,0.5,0.3,0.1,0.3,0.3,0.1,0,0,39896.2,1
10,253,6,0.4,0.4,0,1.6,1,0.3,1,0.8,0.4,0.1,0,119688.7,1
11,1,2,0.1,0,0.1,0.5,0.3,0,0.4,0.3,0.2,0,0.1,39289.1,1
11,2,4,0.6,0.2,0,1.8,0.3,0.4,0.3,0.1,0.3,0,0,89131,1
11,7,8,0.3,0.9,0.3,1.8,1.4,0.4,0.5,0.8,1.2,0.3,0.1,171869.3,1
11,8,6,0.2,0.7,0.2,1.4,1,0.3,0.4,0.6,0.9,0.2,0.1,128902,1
11,9,88,3,13.5,7,6,28,2,12,6,3.5,3,4,1711596.9,0
11,10,73.5,1,5,8,5,15,2,21,12,2.5,2,0,1556759,0
11,11,74,0,7,9,6,23,0,17,7,2,0,3,1577180.1,0
11,12,37,5,2,1,12,6,1,5,2,3,0,0,744725.6,0
11,13,8,0.6,1.3,0.3,1.5,2.2,0.4,0.5,0.2,0.5,0.2,0.3,182724.3,1
11,14,2,0.1,0.3,0.1,0.4,0.5,0.1,0.1,0.1,0.1,0.1,0.1,45681.1,1
11,15,9,0.6,1.5,0.4,1.7,2.5,0.5,0.5,0.2,0.5,0.2,0.4,205564.9,1
11,26,26.5,0.4,3.2,1.6,2.7,7.7,0.4,4.1,3.6,0.9,0.5,1.4,580461.4,1
11,27,14,1.3,1.3,0.7,2.8,2.8,0,1.7,1.8,0.5,0.7,0.4,326287,1
11,29,2,0.2,0.2,0.1,0.4,0.4,0,0.2,0.3,0.1,0.1,0,46612.4,1
11,30,4,0.4,0.4,0.2,0.8,0.8,0,0.5,0.5,0.1,0.2,0.1,93224.8,1
11,32,5,0.1,0.6,0.4,1,0.5,0.5,0.7,0.8,0.3,0.1,0,106904.8,1
11,38,2,0.2,0.1,0.2,0.4,0.6,0.1,0.2,0,0.1,0,0.1,38342.6,1
11,44,7,0,1.1,0.6,1.1,1.9,0.1,0.9,0.2,0.4,0.2,0.5,141839.1,1
11,45,6,0,0.9,0.5,0.9,1.6,0.1,0.8,0.2,0.4,0.2,0.4,121576.3,1
11,54,4,0.4,0.1,0.1,0.9,0.9,0.3,0.3,0.4,0.4,0,0.2,77341.7,1
11,55,1,0.1,0,0,0.2,0.2,0.1,0.1,0.1,0.1,0,0.1,19335.4,1
11,60,4,0.4,0.1,0.1,0.9,0.9,0.3,0.3,0.4,0.4,0,0.2,77341.7,1
11,62,2,0.1,0.2,0,0.4,0.5,0.1,0.2,0,0.3,0.1,0.1,49105.5,1
11,63,7,0.5,0.6,0.1,1.5,1.7,0.5,0.6,0.1,1.1,0.1,0.2,171869.1,1
11,64,67,8,9.5,2,17,17,3,4,0,3.5,3,0,1414457.2,0
11,65,92,4,5,3,19,21,1,13,8,13,3,2,1951953.4,0
11,66,68,2,6.5,6,7,21,0,7,8,3.5,6,1,1549110,0
11,75,4,0.3,0.4,0.4,0.5,0.7,0,0.7,0.4,0.3,0.2,0.1,80608.9,1
11,76,5,0.4,0.5,0.5,0.6,0.9,0,0.9,0.5,0.4,0.2,0.1,100761.1,1
11,103,4,0.1,0.2,0.3,0.3,0.8,0,1.3,0.6,0.1,0.3,0,82062.3,1
11,104,3,0.1,0.1,0.2,0.2,0.6,0,1,0.4,0.1,0.3,0,61546.7,1
11,107,6,0.1,0.3,0.5,0.5,1.2,0,1.9,0.9,0.1,0.5,0,123093.4,1
11,117,13,0.3,1.7,0.3,2.3,3.3,0.3,2,1.7,0.3,0.4,0.4,298493.8,1
11,164,2,0.2,0,0,0.6,0.3,0.1,0.3,0.3,0.1,0.1,0,39264.4,1
11,166,1,0.1,0,0,0.3,0.2,0,0.1,0.1,0.1,0.1,0,19632.2,1
11,176,6,0.5,0.5,0.3,1.2,0.9,0.3,1,0.4,0.4,0.3,0.2,120130.7,1
11,182,4,0.2,0.5,0,0.6,1,0.1,0.6,0.4,0.2,0.3,0.1,76993,1
11,185,4,0.2,0.5,0,0.6,1,0.1,0.6,0.4,0.2,0.3,0.1,76993,1
11,189,5,0.3,0.6,0,0.8,1.2,0.1,0.8,0.5,0.3,0.3,0.1,96241.2,1
11,193,6,0,0.7,0.6,0.5,2.6,0.3,0.6,0.3,0.1,0.3,0,108992.1,1
11,201,20,0.3,3.5,1.8,2.3,5.3,0.3,2.3,1.2,1.5,0.9,0.6,354543.2,1
11,202,58,1,7,2,12,15,1,10,5,4,0,1,1254587.6,0
11,203,33,2.8,3.5,1,4.9,8.3,0.3,2.1,5.9,1.7,2.1,0.4,712622.3,1
11,204,41,0,2,5,5,13,1,6,4,3,0,2,1012001.6,0
11,205,61,3,6,0,12,10,2,13,7,5,2,1,1277833,0
11,206,14,1.2,1.5,0.4,2.1,3.5,0.1,0.9,2.5,0.7,0.9,0.2,302324.6,1
11,207,4,0,0.2,0.2,0.6,0.7,0,0.8,1.1,0,0.2,0.2,91578,1
11,209,2,0,0.1,0.1,0.3,0.3,0,0.4,0.6,0,0.1,0.1,45789,1
11,210,1,0,0,0,0.2,0.2,0,0.2,0.3,0,0,0.1,22894.5,1
11,215,37,4,4,1.6,5.7,8.9,0.8,4.8,4,2.4,0.8,0,828737.9,1
11,220,5,0.1,0.1,0,1.1,0.4,0,0.9,0.8,0.5,1.1,0,110247.8,1
11,232,2,0.1,0.3,0.1,0.4,0.4,0.1,0.2,0.2,0.2,0,0,48380.1,1
11,242,2,0.2,0.2,0,0.6,0.3,0.1,0.1,0.2,0.3,0,0,43069.3,1
11,243,2,0.2,0.2,0,0.6,0.3,0.1,0.1,0.2,0.3,0,0,43069.3,1
11,246,4,0.4,0.4,0,1.1,0.6,0.3,0.1,0.4,0.6,0.1,0,86138.7,1
12,8,3,0.3,0.2,0.1,0.7,0.4,0.3,0.3,0.2,0.1,0.3,0.1,65193.9,1
12,9,63,3,4,2,15,15,2,5,6,9,2,0,1347013,0
12,10,44,2,1,2,6,5,0,19,6,0,0,3,941589.8,0
12,11,61,1,2,4,7,12,0,25,6,1,0,3,1549794.3,0
12,16,13,0.4,2,1,2.3,3.5,0.4,1.6,0.6,1,0.2,0,276525.2,1
12,17,3,0.1,0.1,0.2,0.4,0.6,0.1,0.6,0.5,0.1,0.2,0.1,62904.6,1
12,18,6,0.2,0.3,0.3,0.8,1.2,0.2,1.3,1,0.2,0.3,0.2,125809.2,1
12,20,4,0.1,0.2,0.2,0.6,0.8,0.1,0.9,0.7,0.1,0.2,0.1,83872.8,1
12,23,3,0.3,0.3,0.1,0.8,0.4,0.1,0.5,0.2,0.2,0,0.1,61163.1,1
12,27,8,0.6,1.3,0.3,2.1,0.9,0.6,0.7,0.3,0.8,0.4,0,174763.4,1
12,30,18,1.3,2.9,0.8,4.7,2.1,1.3,1.5,0.8,1.8,0.8,0,393217.6,1
12,31,19,1.4,3,0.8,5,2.2,1.4,1.7,0.8,1.9,0.8,0,415063,1
12,42,6,0.3,0.8,0.3,1.3,1.7,0.1,0,0.8,0.3,0.3,0.1,111708.8,1
12,57,20,1,4,1.4,1.7,6,0.5,1.9,1.2,0.7,1.4,0.2,399037.8,1
12,58,4,0.2,0.8,0.3,0.3,1.2,0.1,0.4,0.2,0.1,0.3,0.1,79807.6,1
12,64,12,1.3,0.4,0,2.4,1.6,0.3,2.4,2.4,0.6,0.3,0.3,246437.7,1
12,65,66.5,1,3,6,8,10,0.5,27,10,1,0,0,1362020.7,0
12,66,51,1,7,3,4,9,1,4,14,4,4,0,973988.3,0
12,75,2,0.1,0.2,0.1,0.4,0.3,0,0.3,0.3,0.2,0.1,0,43761.7,1
12,78,2,0,0,0.2,0.6,0.2,0.1,0.4,0.2,0.2,0.1,0,45534.4,1
12,86,3,0.1,0.4,0.2,0.5,0.7,0,0.2,0.4,0,0.4,0.1,61218.5,1
12,87,1,0,0.1,0,0.2,0.2,0,0.1,0.2,0.1,0.1,0,17570.4,1
12,94,14,0.2,1.4,1.4,2,2.1,0.3,4.6,0.7,0.9,0.2,0.2,315216.2,1
12,95,14,0.2,1.4,1.4,2,2.1,0.3,4.6,0.7,0.9,0.2,0.2,315216.2,1
12,96,51,6,1,2,19,5,2,1,3,11,0,1,1164374.8,0
12,101,2,0,0.2,0.2,0.1,0.3,0,0.4,0.6,0.1,0.1,0,45579.9,1
12,109,7,0.3,0.3,0.4,1.1,2,0,1.1,0.7,0.9,0,0.2,166287.4,1
12,112,1,0.1,0,0,0.4,0.1,0.1,0.1,0.1,0.1,0,0,21607.3,1
12,117,2,0,0.2,0,0.3,0.5,0,0.5,0.3,0.1,0.1,0,44069.8,1
12,125,4,0.4,0.5,0.2,0.7,0.6,0.1,0.4,0.3,0.7,0.1,0,71974.4,1
12,185,1,0,0,0.1,0.1,0.3,0,0.1,0.1,0.1,0.1,0.1,21924.2,1
12,186,4,0.1,0.1,0.3,0.4,1.3,0.1,0.5,0.5,0.3,0.3,0.1,87696.6,1
12,187,2,0.1,0.1,0.1,0.2,0.6,0.1,0.2,0.2,0.1,0.2,0.1,43848.3,1
12,202,95.5,12,8,3,29,15,2.5,5,6,14,0,1,1775864.7,0
12,203,50,3,3,5,7,3,1,12,13,1,2,0,994029.9,0
12,204,65,2,4,5,10,9,5,11,6,7,5,1,1183483.9,0
12,205,51,0,6,3,5,14,0,7,12,3,0,1,1009406.9,0
12,206,30,1,0,1,7,5,1,6,5,4,0,0,743839.9,0
12,209,13,0.9,1.5,0.9,3.7,3.1,0.5,0.7,0.2,1.3,0,0.2,266928.6,1
12,210,8,0.6,0.9,0.6,2.3,1.9,0.3,0.4,0.1,0.8,0,0.1,164263.8,1
12,213,1,0.2,0,0,0.3,0.1,0,0.1,0.1,0.1,0.1,0,18427,1
12,214,19,3.1,0.5,0,5.1,1,1,2.1,2.6,2.1,1.5,0,350112.3,1
12,215,58,3,5.5,0,15,10,3.5,14,2,4,0,1,1278397.8,0
12,220,8.5,0.6,1,0.8,1.4,1.4,0.2,0.6,1.4,0.8,0.3,0,148708.1,1
12,226,10,0.6,1.1,0.6,1.6,2.3,0.2,1,1,0.5,0.8,0.3,193685.6,1
12,227,2,0,0.4,0.1,0.3,0.6,0.1,0.1,0.2,0.2,0,0,41018.8,1
12,232,4,0.1,0.6,0.2,0.8,0.9,0.1,0.5,0.3,0.4,0.1,0,82865.9,1
12,233,7,0.1,1,0.3,1.4,1.6,0.1,0.9,0.5,0.8,0.3,0,145015.4,1
12,236,6,0.1,0.9,0.3,1.2,1.4,0.1,0.8,0.4,0.6,0.2,0,124298.9,1
12,237,2,0.1,0.2,0.2,0.4,0.4,0,0.4,0.3,0,0,0,44851.8,1
12,241,15,0.8,1.5,1.3,2.7,2.9,0,2.9,2.3,0.2,0.4,0,336388.2,1
13,7,2,0.2,0.1,0.1,0.5,0.3,0.2,0.2,0.1,0.1,0.2,0,43462.6,1
13,9,22,2,1.2,0.8,5.2,3.2,2.2,2.4,1.6,0.6,2.4,0.4,478088.5,1
13,11,7,0.6,0.4,0.3,1.6,1,0.7,0.8,0.5,0.2,0.8,0.1,152119.1,1
13,16,17,0.5,2.7,1.3,2.9,4.5,0.6,2.1,0.8,1.3,0.3,0,361609.9,1
13,17,3,0.1,0.1,0.2,0.4,0.6,0.1,0.6,0.5,0.1,0.2,0.1,62904.6,1
13,29,5,0.4,0.8,0.2,1.3,0.6,0.4,0.4,0.2,0.5,0.2,0,109227.1,1
13,30,6,0.4,0.9,0.3,1.6,0.7,0.4,0.5,0.3,0.6,0.3,0,131072.5,1
13,31,2,0.1,0.3,0.1,0.5,0.2,0.2,0.2,0.1,0.2,0.1,0,43690.8,1
13,32,3,0,0.3,0.5,0.2,0.8,0,0.5,0.3,0.1,0.1,0.2,66594.3,1
13,42,1,0,0.1,0.1,0.2,0.3,0,0,0.1,0.1,0.1,0,18618.1,1
13,50,4,0.2,0.5,0.2,0.8,1.1,0.1,0,0.6,0.2,0.2,0.1,74472.6,1
13,51,9,0.4,1.3,0.4,1.9,2.5,0.2,0,1.3,0.4,0.4,0.2,167563.3,1
13,65,4,0.5,0.1,0,0.8,0.5,0.1,0.8,0.8,0.2,0.1,0.1,82145.9,1
13,66,29,3.2,1,0,5.8,3.9,0.6,5.8,5.8,1.6,0.6,0.7,595557.9,1
13,70,2,0,0.2,0.1,0.2,0.4,0.1,0.4,0.2,0.3,0.1,0,43788.2,1
13,71,5,0.1,0.5,0.3,0.6,1.1,0.1,1,0.5,0.7,0.1,0,109470.6,1
13,72,5,0.2,0.4,0.2,1,0.8,0.1,0.7,0.6,0.6,0.3,0.1,109404.3,1
13,73,4,0.2,0.3,0.2,0.8,0.7,0,0.6,0.5,0.5,0.2,0,87523.5,1
13,75,11,0.4,0.9,0.4,2.3,1.8,0.1,1.6,1.4,1.4,0.6,0.1,240689.5,1
13,76,7,0.3,0.5,0.3,1.4,1.2,0.1,1,0.9,0.8,0.4,0.1,153166.1,1
13,79,2,0,0,0.2,0.6,0.2,0.1,0.4,0.2,0.2,0.1,0,45534.4,1
13,82,11,0.5,1.5,0.8,1.7,2.6,0.1,0.7,1.5,0.1,1.3,0.2,224467.7,1
13,88,4,0.2,0.3,0,0.7,0.8,0.2,0.5,0.7,0.3,0.2,0.1,70281.5,1
13,94,17,0.2,1.7,1.7,2.5,2.5,0.4,5.6,0.8,1.2,0.2,0.2,382762.6,1
13,95,50.5,4,0,0,9,7,0,15,8,5.5,1,1,1190604.8,0
13,96,70,5,5.5,0.5,23,6,4,5,7,14,0,0,1463840.6,0
13,97,6,0.1,0.5,0.5,0.3,0.8,0.1,1.2,1.8,0.3,0.4,0,136739.6,1
13,102,1,0,0,0.1,0.2,0.3,0,0.2,0.1,0.1,0,0,23755.3,1
13,112,2,0.3,0.1,0,0.7,0.3,0.1,0.2,0.1,0.1,0.1,0,43214.5,1
13,113,3,0.4,0.1,0,1.1,0.4,0.2,0.3,0.2,0.2,0.1,0,64821.8,1
13,119,1,0,0.1,0,0.2,0.2,0,0.2,0.2,0,0.1,0,22034.9,1
13,141,1,0,0.2,0.1,0.1,0.2,0,0.1,0.3,0,0,0,16428.3,1
13,163,9,0,1.4,0.2,1.6,1.2,0.2,2.2,1,0.6,0.6,0,183643.1,1
13,165,11,0,1.7,0.3,2,1.5,0.2,2.7,1.2,0.7,0.7,0,224452.7,1
13,178,2,0,0.1,0,0.4,0.2,0.1,0.6,0.2,0.1,0.3,0,44229.8,1
13,186,2,0.1,0.1,0.1,0.2,0.6,0.1,0.2,0.2,0.1,0.2,0.1,43848.3,1
13,187,12,0.4,0.4,0.8,1.2,3.9,0.4,1.3,1.4,0.8,1,0.4,263089.9,1
13,188,7,0.2,0.2,0.5,0.7,2.3,0.2,0.8,0.8,0.5,0.6,0.2,153469.1,1
13,200,5,0.1,0.5,0.4,0.5,1.7,0.1,0.3,0.6,0.2,0.3,0.3,119192.5,1
13,202,50,2,6,6,6,11,3,5,7,1,1,2,965169.6,0
13,203,71,2,9,3,13,10,2,9,12,7,4,0,1312642.6,0
13,204,93,6,7.5,4,18,17,1.5,8,9,5,15,2,1859521.5,0
13,205,80,1,6,12,12,9,2.5,16,10,1.5,10,0,1442736.5,0
13,206,10,0.4,0.2,0.2,2.1,1.6,0.2,1.4,2.3,1,0.5,0.1,228537.8,1
13,209,15,1.1,1.7,1.1,4.2,3.6,0.6,0.8,0.2,1.5,0,0.2,307994.5,1
13,214,4,0.7,0.1,0,1.1,0.2,0.2,0.4,0.6,0.4,0.3,0,73707.9,1
13,215,4,0.7,0.1,0,1.1,0.2,0.2,0.4,0.6,0.4,0.3,0,73707.9,1
13,225,13,0.8,1.5,0.8,2.1,2.9,0.2,1.3,1.3,0.6,1.1,0.4,251791.2,1
13,226,16,1,1.8,1,2.6,3.6,0.3,1.5,1.6,0.8,1.3,0.5,309896.9,1
13,228,3,0.1,0.6,0.1,0.5,0.9,0.2,0.1,0.3,0.2,0,0,61528.3,1
13,230,9,0.2,1.7,0.2,1.6,2.8,0.6,0.3,0.7,0.7,0.1,0.1,184584.8,1
13,236,4,0.1,0.6,0.2,0.8,0.9,0.1,0.5,0.3,0.4,0.1,0,82865.9,1
13,240,12,0.6,1.2,1.1,2.2,2.3,0,2.3,1.8,0.2,0.3,0,269110.5,1
13,241,16,0.8,1.6,1.4,2.9,3.1,0,3.1,2.5,0.2,0.4,0,358814,1
13,252,5,0.4,0.1,0.4,0.9,0.8,0,0.4,0.9,0,0.7,0.4,119047.5,1
14,7,5,0.5,0.3,0.2,1.2,0.7,0.5,0.5,0.4,0.1,0.5,0.1,108656.5,1
14,12,4,0.1,0.6,0.3,0.7,1.1,0.1,0.5,0.2,0.3,0.1,0,85084.7,1
14,13,4,0.1,0.6,0.3,0.7,1.1,0.1,0.5,0.2,0.3,0.1,0,85084.7,1
14,14,5,0.1,0.8,0.4,0.9,1.3,0.2,0.6,0.2,0.4,0.1,0,106355.9,1
14,19,2,0,0.1,0.1,0.3,0.4,0.1,0.4,0.3,0.1,0.1,0.1,41936.4,1
14,20,3,0.1,0.1,0.2,0.4,0.6,0.1,0.6,0.5,0.1,0.2,0.1,62904.6,1
14,24,1,0.1,0.1,0,0.3,0.1,0,0.2,0.1,0.1,0,0,20387.7,1
14,30,4,0.3,0.6,0.2,1,0.5,0.3,0.3,0.2,0.4,0.2,0,87381.7,1
14,31,7,0.5,1.1,0.3,1.9,0.8,0.5,0.6,0.3,0.7,0.3,0,152917.9,1
14,32,4,0.1,0.4,0.6,0.3,1,0,0.6,0.5,0.1,0.2,0.2,88792.4,1
14,33,3,0,0.3,0.5,0.2,0.8,0,0.5,0.3,0.1,0.1,0.2,66594.3,1
14,40,1,0,0.1,0.2,0.1,0.2,0,0.2,0.1,0,0,0.1,22198.1,1
14,50,2,0.1,0.3,0.1,0.4,0.6,0,0,0.3,0.1,0.1,0,37236.3,1
14,69,3,0.1,0.3,0.2,0.3,0.6,0.1,0.6,0.3,0.4,0.1,0,65682.4,1
14,73,4,0.2,0.3,0.2,0.8,0.7,0,0.6,0.5,0.5,0.2,0,87523.5,1
14,74,8,0.3,0.6,0.3,1.7,1.4,0.1,1.1,1,1,0.4,0.1,175046.9,1
14,75,10,0.4,0.8,0.4,2.1,1.7,0.1,1.4,1.3,1.2,0.5,0.1,218808.7,1
14,76,4,0.2,0.3,0.2,0.8,0.7,0,0.6,0.5,0.5,0.2,0,87523.5,1
14,79,3,0.1,0,0.3,0.9,0.3,0.1,0.6,0.3,0.3,0.1,0,68301.6,1
14,80,20,0,1,0,2,1,0,0,12,2,2,0,373730.3,0
14,81,53,4,2.5,3,17,8,5,5,5,3.5,0,0,1071528,0
14,82,58,6,4,5,11,9,0,6,9,2,5,1,1157775.2,0
14,83,6,0.3,0.8,0.4,0.9,1.4,0.1,0.4,0.8,0.1,0.7,0.1,122436.9,1
14,93,12,0.1,1.2,1.2,1.8,1.8,0.3,4,0.6,0.8,0.1,0.1,270185.3,1
14,94,4.5,0,0.4,0.4,0.7,0.7,0.1,1.5,0.2,0.3,0.1,0.1,101319.5,1
14,95,98,6,8.5,4,19,21,3,8,6,7.5,15,0,1977187.7,0
14,96,32,0,1,1,5,4,0,5,9,2,5,0,586771.6,0
14,97,95,2,12,6,10,26,4.5,10,11,6.5,5,2,1843750.4,0
14,98,87.5,1,11,10,13,15,3.5,7,15,2.5,9,0.5,1380815.3,0
14,99,18,0.3,1.4,1.4,1.1,2.5,0.3,3.5,5.3,1.1,1.1,0,410218.9,1
14,102,2,0.1,0.1,0.1,0.3,0.6,0,0.3,0.2,0.3,0,0,47510.7,1
14,111,7,0.3,0.3,0.4,1.1,2,0,1.1,0.7,0.9,0,0.2,166287.4,1
14,117,3,0,0.3,0,0.4,0.7,0,0.8,0.5,0.1,0.2,0,66104.7,1
14,121,5,0,0.5,0,0.7,1.2,0,1.3,0.8,0.2,0.3,0,110174.4,1
14,130,1,0.1,0.1,0.1,0.2,0.1,0,0.1,0.1,0.2,0,0,17993.6,1
14,165,6,0,0.9,0.1,1.1,0.8,0.1,1.5,0.7,0.4,0.4,0,122428.7,1
14,169,7,0,1.1,0.2,1.2,0.9,0.1,1.7,0.8,0.5,0.5,0,142833.5,1
14,170,4,0,0.6,0.1,0.7,0.5,0.1,1,0.4,0.3,0.3,0,81619.2,1
14,171,2,0,0.3,0.1,0.4,0.3,0,0.5,0.2,0.1,0.1,0,40809.6,1
14,182,6,0.2,0.2,0.4,0.6,1.9,0.2,0.7,0.7,0.4,0.5,0.2,131545,1
14,188,2,0.1,0.1,0.1,0.2,0.6,0.1,0.2,0.2,0.1,0.2,0.1,43848.3,1
14,197,3,0,0.3,0.2,0.3,1,0.1,0.2,0.4,0.1,0.2,0.2,71515.5,1
14,199,8,0.2,0.9,0.7,0.7,2.8,0.2,0.4,1,0.3,0.4,0.4,190707.9,1
14,202,4,0.1,0.1,0.1,0.8,0.6,0.1,0.6,0.9,0.4,0.2,0.1,91415.1,1
14,203,51,3,7,2,12,10,2,3,9,2,0,1,1082815.7,0
14,204,10,0.4,0.2,0.2,2.1,1.6,0.2,1.4,2.3,1,0.5,0.1,228537.8,1
14,205,66,0,2,13,8,19,2,8,7,4,3,0,1161802.9,0
14,208,3,0.2,0.3,0.2,0.9,0.7,0.1,0.2,0,0.3,0,0.1,61598.9,1
14,209,1,0.1,0.1,0.1,0.3,0.2,0,0.1,0,0.1,0,0,20533,1
14,225,10,0.6,1.1,0.6,1.6,2.3,0.2,1,1,0.5,0.8,0.3,193685.6,1
14,226,59,2,11,2,6,20,1,8,2,5,1,1,1309725.7,0
14,227,32,0.7,6,0.7,5.5,9.9,2.2,1.1,2.6,2.5,0.4,0.4,656301.6,1
14,228,12,0.3,2.3,0.3,2,3.7,0.8,0.4,1,1,0.1,0.1,246113.1,1
14,229,2,0,0.4,0.1,0.3,0.6,0.1,0.1,0.2,0.2,0,0,41018.8,1
14,230,5,0.1,0.9,0.1,0.9,1.5,0.3,0.2,0.4,0.4,0.1,0.1,102547.1,1
14,234,5,0.1,0.7,0.2,1,1.2,0.1,0.6,0.4,0.5,0.2,0,103582.4,1
14,236,2,0,0.3,0.1,0.4,0.5,0,0.3,0.1,0.2,0.1,0,41433,1
14,247,8,0.5,0.6,0.4,1.5,1.1,0.3,0.9,1,1,0.6,0.1,167617,1
14,249,3,0.2,0.2,0.2,0.6,0.4,0.1,0.3,0.4,0.4,0.2,0,62856.4,1
14,250,4,0.2,0.3,0.2,0.8,0.5,0.2,0.5,0.5,0.5,0.3,0,83808.5,1
15,6,1,0,0.1,0.1,0.1,0.2,0,0.2,0.1,0,0.1,0.1,20306.6,1
15,7,9,0.8,0.5,0.3,2.1,1.3,0.9,1,0.7,0.2,1,0.2,195581.7,1
15,12,3,0.1,0.5,0.2,0.5,0.8,0.1,0.4,0.1,0.2,0.1,0,63813.5,1
15,13,2,0.1,0.3,0.2,0.3,0.5,0.1,0.2,0.1,0.2,0,0,42542.3,1
15,16,3,0.1,0.5,0.2,0.5,0.8,0.1,0.4,0.1,0.2,0.1,0,63813.5,1
15,23,5,0.6,0.5,0.1,1.3,0.7,0.1,0.8,0.4,0.4,0,0.1,101938.5,1
15,44,14,0.6,2,0.7,2.9,3.9,0.3,0,2,0.6,0.7,0.3,260654,1
15,57,4,0.2,0.8,0.3,0.3,1.2,0.1,0.4,0.2,0.1,0.3,0.1,79807.6,1
15,60,8,0.4,1.6,0.6,0.6,2.4,0.2,0.7,0.5,0.3,0.6,0.1,159615.1,1
15,61,6,0.3,1.2,0.4,0.5,1.8,0.1,0.6,0.4,0.2,0.4,0.1,119711.3,1
15,74,3,0.1,0.2,0.1,0.6,0.5,0,0.4,0.4,0.4,0.2,0.1,65642.6,1
15,79,2,0,0,0.2,0.6,0.2,0.1,0.4,0.2,0.2,0.1,0,45534.4,1
15,80,90.5,21.5,3,5,36,9,3.5,2,1,5.5,4,0,1862370.7,0
15,81,73,6,3,6,27,12,4,3,4,5,3,0,1434220.5,0
15,82,51.5,2.3,7.1,3.9,7.8,12.3,0.6,3.2,7.1,0.7,5.8,0.7,1050916.9,1
15,83,8,0.4,1.1,0.6,1.2,1.9,0.1,0.5,1.1,0.1,0.9,0.1,163249.2,1
15,87,5,0.2,0.4,0,0.9,1.1,0.2,0.6,0.9,0.4,0.2,0.1,87851.8,1
15,88,3,0.1,0.3,0,0.5,0.6,0.1,0.4,0.5,0.3,0.1,0.1,52711.1,1
15,89,3,0.1,0.3,0,0.5,0.6,0.1,0.4,0.5,0.3,0.1,0.1,52711.1,1
15,94,50.5,2,3.5,8,4,9,1,17,5,0,0,1,892669.4,0
15,95,91,8,9,4,23,18,4.5,8,7,8.5,1,0,1803006.3,0
15,96,113,4,9,9,23,23,2,7,20,11,4,1,2132403.2,0
15,97,80.5,3.5,12,9,15,16,1.5,6,8,6.5,3,0,1550420.5,0
15,98,128.5,8,11,3,25,21,2,20,20,11.5,6,1,2328481.6,0
15,99,17,0.4,1.3,1.3,1,2.3,0.4,3.3,5,1,1,0,387429,1
15,101,6,0.1,0.5,0.5,0.3,0.8,0.1,1.2,1.8,0.3,0.4,0,136739.6,1
15,105,2,0.1,0.1,0.1,0.3,0.6,0,0.3,0.2,0.3,0,0,47510.7,1
15,121,6,0,0.6,0,0.9,1.5,0,1.5,0.9,0.3,0.3,0,132209.3,1
15,130,2,0.2,0.2,0.1,0.4,0.3,0,0.2,0.1,0.4,0.1,0,35987.2,1
15,134,10,0.2,1.5,0.8,1.3,2,0.3,1.3,2.3,0,0,0.3,164282.9,1
15,153,2,0.1,0.1,0.1,0.3,0.7,0.1,0.3,0,0.2,0.1,0,50182.1,1
15,154,11,0.3,0.8,0.5,1.6,3.7,0.5,1.8,0,1,0.8,0,276001.3,1
15,158,8,0.2,0.6,0.4,1.1,2.7,0.4,1.3,0,0.7,0.6,0,200728.2,1
15,160,2,0.1,0.1,0.1,0.3,0.7,0.1,0.3,0,0.2,0.1,0,50182.1,1
15,161,3,0.1,0.2,0.2,0.4,1,0.1,0.5,0,0.3,0.2,0,75273.1,1
15,170,6,0,0.9,0.1,1.1,0.8,0.1,1.5,0.7,0.4,0.4,0,122428.7,1
15,172,6,0,0.4,0,1.3,0.7,0.2,1.7,0.6,0.4,0.7,0,132689.5,1
15,173,5,0,0.3,0,1.1,0.6,0.2,1.4,0.5,0.3,0.6,0,110574.6,1
15,181,4,0,0.3,0,0.9,0.5,0.1,1.1,0.4,0.2,0.5,0,88459.7,1
15,193,2,0,0.2,0.2,0.2,0.7,0,0.1,0.3,0.1,0.1,0.1,47677,1
15,203,24,0.9,0.6,0.6,4.9,3.7,0.6,3.5,5.5,2.3,1.1,0.3,548490.8,1
15,204,16,0.6,0.4,0.4,3.3,2.5,0.4,2.3,3.6,1.5,0.8,0.2,365660.5,1
15,205,57,7,4.5,3.5,17,5,4,6,3,3,3,1,1393925.3,0
15,211,7,0.5,0.8,0.5,1.9,1.7,0.3,0.4,0.1,0.7,0,0.1,143730.8,1
15,213,9,1.5,0.2,0,2.4,0.5,0.5,1,1.2,1,0.7,0,165842.7,1
15,219,3,0.2,0.3,0.3,0.5,0.5,0.1,0.2,0.5,0.3,0.1,0,52485.2,1
15,225,13,0.8,1.5,0.8,2.1,2.9,0.2,1.3,1.3,0.6,1.1,0.4,251791.2,1
15,226,118.5,10,15.5,8,32,19,6,4,7,16,0,1,2289717.4,0
15,227,102,9,14,5,27,17,3,7,6,11,0,3,2051268,0
15,228,19.5,0.4,3.7,0.5,3.3,6,1.3,0.7,1.6,1.6,0.2,0.2,399933.8,1
15,229,3,0.1,0.6,0.1,0.5,0.9,0.2,0.1,0.3,0.2,0,0,61528.3,1
15,235,3,0.1,0.4,0.1,0.6,0.7,0.1,0.4,0.2,0.3,0.1,0,62149.4,1
15,240,8,0.4,0.8,0.7,1.4,1.6,0,1.6,1.2,0.1,0.2,0,179407,1
15,241,2,0.1,0.2,0.2,0.4,0.4,0,0.4,0.3,0,0,0,44851.8,1
15,247,2,0.1,0.2,0.1,0.4,0.3,0.1,0.2,0.3,0.2,0.1,0,41904.2,1
15,250,7,0.4,0.6,0.4,1.3,0.9,0.3,0.8,0.9,0.8,0.5,0.1,146664.8,1
16,9,3,0.3,0.2,0.1,0.7,0.4,0.3,0.3,0.2,0.1,0.3,0.1,65193.9,1
16,10,4,0.4,0.2,0.1,1,0.6,0.4,0.4,0.3,0.1,0.4,0.1,86925.2,1
16,12,4,0.1,0.6,0.3,0.7,1.1,0.1,0.5,0.2,0.3,0.1,0,85084.7,1
16,13,9,0.3,1.4,0.7,1.6,2.4,0.3,1.1,0.4,0.7,0.1,0,191440.5,1
16,20,3,0.1,0.1,0.2,0.4,0.6,0.1,0.6,0.5,0.1,0.2,0.1,62904.6,1
16,23,1,0.1,0.1,0,0.3,0.1,0,0.2,0.1,0.1,0,0,20387.7,1
16,34,2,0,0.2,0.3,0.2,0.5,0,0.3,0.2,0.1,0.1,0.1,44396.2,1
16,57,7,0.3,1.4,0.5,0.6,2.1,0.2,0.7,0.4,0.2,0.5,0.1,139663.2,1
16,60,4,0.2,0.8,0.3,0.3,1.2,0.1,0.4,0.2,0.1,0.3,0.1,79807.6,1
16,61,7,0.3,1.4,0.5,0.6,2.1,0.2,0.7,0.4,0.2,0.5,0.1,139663.2,1
16,74,2,0.1,0.2,0.1,0.4,0.3,0,0.3,0.3,0.2,0.1,0,43761.7,1
16,81,21,0.7,0,2.1,6.3,2.1,0.7,4.2,2.1,2.1,0.7,0,478110.9,1
16,82,91.5,4,12,2,27,14,5,9,4,9.5,4,1,1861460.9,0
16,83,128,13.5,21.5,7,27,32,4,1,2,18,0,2,2401192.2,0
16,89,14,0.6,1.2,0,2.4,2.9,0.6,1.8,2.4,1.2,0.6,0.3,245985.2,1
16,94,20,0.2,2,2,2.9,2.9,0.5,6.6,1,1.4,0.2,0.3,450308.9,1
16,95,48.5,3,4,1,9,4,1,18,3,4.5,1,0,1160533.9,0
16,96,42,0,3,3,4,13,0,17,1,1,0,0,1088412.3,0
16,97,56,4,0,8,10,10,1,5,9,2,6,1,1164036.3,0
16,98,38,1,5,1,6,4,0,5,9,2,5,0,757706.3,0
16,99,31,1,0,0,2,1,0,5,19,0,3,0,709986.3,0
16,100,2,0,0.2,0.2,0.1,0.3,0,0.4,0.6,0.1,0.1,0,45579.9,1
16,103,5,0.2,0.3,0.3,0.8,1.4,0,0.8,0.5,0.6,0,0.1,118776.7,1
16,108,5,0.2,0.3,0.3,0.8,1.4,0,0.8,0.5,0.6,0,0.1,118776.7,1
16,115,1,0.1,0,0,0.4,0.1,0.1,0.1,0.1,0.1,0,0,21607.3,1
16,121,3,0,0.3,0,0.4,0.7,0,0.8,0.5,0.1,0.2,0,66104.7,1
16,126,7,0.6,0.9,0.4,1.3,1.1,0.2,0.6,0.4,1.3,0.2,0,125955.2,1
16,159,4,0.1,0.3,0.2,0.6,1.3,0.2,0.6,0,0.4,0.3,0,100364.1,1
16,182,4,0.1,0.1,0.3,0.4,1.3,0.1,0.5,0.5,0.3,0.3,0.1,87696.6,1
16,183,4,0.1,0.1,0.3,0.4,1.3,0.1,0.5,0.5,0.3,0.3,0.1,87696.6,1
16,203,4,0.1,0.1,0.1,0.8,0.6,0.1,0.6,0.9,0.4,0.2,0.1,91415.1,1
16,204,5,0.2,0.1,0.1,1,0.8,0.1,0.7,1.2,0.5,0.2,0.1,114268.9,1
16,205,8,0.3,0.2,0.2,1.6,1.2,0.2,1.2,1.8,0.8,0.4,0.1,182830.3,1
16,206,2,0.1,0,0.1,0.4,0.3,0,0.3,0.5,0.2,0.1,0,45707.6,1
16,219,5,0.3,0.6,0.5,0.8,0.8,0.1,0.4,0.8,0.5,0.2,0,87475.3,1
16,226,43,1,1,4,5,8,2,10,7,3,2,0,871277.8,0
16,227,80.5,5,8,6,12,16,2,18,7,4.5,0,2,1760448.8,0
16,228,33,2,0,1,3,3,0,1,17,2,4,0,667120,0
16,234,5,0.1,0.7,0.2,1,1.2,0.1,0.6,0.4,0.5,0.2,0,103582.4,1
16,240,21,1.1,2.2,1.9,3.8,4,0,4,3.2,0.3,0.5,0,470943.4,1
16,241,2,0.1,0.2,0.2,0.4,0.4,0,0.4,0.3,0,0,0,44851.8,1
16,252,2,0.1,0,0.1,0.4,0.3,0,0.2,0.4,0,0.3,0.2,47619,1
17,9,2,0.1,0.1,0.1,0.2,0.4,0.1,0.4,0.2,0,0.2,0.2,40613.3,1
17,11,8,0.4,0.4,0.4,0.8,1.7,0.2,1.5,0.8,0,0.9,0.9,162453.1,1
17,20,1,0,0.2,0,0.1,0.3,0,0.1,0.2,0.1,0,0,23124.4,1
17,21,4,0,0.8,0.1,0.3,1.2,0,0.4,0.9,0.2,0,0.1,92497.8,1
17,35,3,0,0.3,0.5,0.2,0.8,0,0.5,0.3,0.1,0.1,0.2,66594.3,1
17,38,5,0.1,0.5,0.8,0.4,1.2,0,0.8,0.6,0.1,0.2,0.3,110990.5,1
17,50,3,0.1,0,0,0.5,0.4,0.1,0.5,1,0.3,0,0.1,77899.4,1
17,55,6,0.3,1.2,0.4,0.5,1.8,0.1,0.6,0.4,0.2,0.4,0.1,119711.3,1
17,63,3,0.1,0.3,0.2,0.3,0.6,0.1,0.6,0.3,0.4,0.1,0,65682.4,1
17,74,5,0.2,0.4,0.2,1,0.8,0.1,0.7,0.6,0.6,0.3,0.1,109404.3,1
17,75,5.5,0.2,0.4,0.2,1.1,0.9,0.1,0.8,0.7,0.7,0.3,0.1,120344.8,1
17,81,1,0,0.1,0,0.2,0.2,0,0.2,0.1,0.1,0.1,0,21880.9,1
17,82,10,1.1,1.1,0.2,1.3,2.4,0,1.6,1.3,0.4,0.2,0.4,198639.3,1
17,83,63,3,8,2,11,18,3,7,3,4,1,3,1419387.5,0
17,86,5,0.6,0.6,0.1,0.6,1.2,0,0.8,0.6,0.2,0.1,0.2,99319.6,1
17,89,3,0.1,0.3,0,0.5,0.6,0.1,0.4,0.5,0.3,0.1,0.1,52711.1,1
17,90,1,0,0.1,0,0.2,0.2,0,0.1,0.2,0.1,0.1,0,17570.4,1
17,91,4,0.2,0.3,0,0.7,0.8,0.2,0.5,0.7,0.3,0.2,0.1,70281.5,1
17,93,4,0.4,0.4,0.5,0.7,0.8,0.1,0.1,0.8,0.1,0,0.1,98947.2,1
17,94,6,0.6,0.6,0.7,1.1,1.1,0.2,0.2,1.1,0.2,0,0.2,148420.8,1
17,95,6,0.6,0.6,0.7,1.1,1.1,0.2,0.2,1.1,0.2,0,0.2,148420.8,1
17,96,5,0.5,0.5,0.6,0.9,0.9,0.1,0.2,0.9,0.2,0,0.2,123684,1
17,97,119,3,17,16,15,41,1,12,5,5,1,3,2429570.4,0
17,98,127,6,22,4,21,33,4,6,11,13,4,3,2460243.2,0
17,99,37,2,3,1,7,6,1,3,9,4,1,0,808582.8,0
17,102,3,0.2,0.3,0.1,0.5,0.5,0.1,0.6,0.4,0.1,0.1,0.1,63355.7,1
17,113,7,0.9,0.2,0,2.6,0.9,0.5,0.7,0.5,0.5,0.2,0,151250.8,1
17,115,5,0.7,0.2,0,1.8,0.7,0.3,0.5,0.3,0.3,0.2,0,108036.3,1
17,124,7,0.7,0.4,0.2,2.4,0.7,0.3,1.1,0.4,0.4,0.4,0,153013.9,1
17,126,3,0.3,0.2,0.1,1,0.3,0.1,0.5,0.2,0.1,0.2,0,65577.4,1
17,142,5,0.1,0.9,0.1,0.6,1.1,0.2,1,0.1,0.7,0.1,0.1,88190,1
17,165,30,0.9,3.6,4.1,3.6,7.7,0,4.1,4.1,0.5,1.4,0,603248.7,1
17,177,4,0.2,0.2,0,0.7,1,0.1,0.4,0.3,0.4,0.6,0.1,81509.9,1
17,186,4,0.6,0.4,0,1.3,0.9,0.2,0.4,0,0.2,0,0,84447.6,1
17,190,1,0,0,0.1,0.1,0.3,0,0.1,0.1,0.1,0.1,0.1,21924.2,1
17,197,6,0.1,0.7,0.5,0.6,2.1,0.1,0.3,0.8,0.2,0.3,0.3,143030.9,1
17,198,2,0,0.2,0.2,0.2,0.7,0,0.1,0.3,0.1,0.1,0.1,47677,1
17,200,3,0,0.3,0.2,0.3,1,0.1,0.2,0.4,0.1,0.2,0.2,71515.5,1
17,226,50,1,8,1,5,9,1,10,6,4,4,1,982349.6,0
17,227,62.5,1,4,1,14,10,0,10,18,3.5,0,1,1603810.6,0
17,228,38.5,1,4.5,0,8,11,1,4,2,6,0,1,946072.6,0
17,229,13,0,1.4,1.6,1.6,2.7,0.3,1.9,1.4,1.1,0.5,0.5,278065.6,1
17,230,1,0,0.1,0.1,0.1,0.2,0,0.2,0.1,0.1,0,0.1,21389.7,1
17,232,3,0.5,0.2,0.1,0.9,0.3,0.1,0.3,0.1,0.4,0.1,0,58764.4,1
17,233,8,1.2,0.7,0.2,2.5,0.7,0.2,0.9,0.3,1.1,0.2,0,156705.2,1
17,240,12.5,0.2,1.8,0.6,2.5,2.9,0.2,1.6,0.9,1.4,0.4,0,258956,1
17,245,2,0.2,0.3,0.1,0.3,0.6,0,0.1,0.2,0.1,0,0.1,43090.8,1
17,247,24,1.5,2,1.2,4.7,3.2,1,2.7,2.9,2.9,1.7,0.2,502850.9,1
17,253,3,0.2,0.1,0.2,0.6,0.5,0,0.2,0.6,0,0.4,0.2,71428.5,1
17,254,10,0.8,0.3,0.8,1.8,1.6,0,0.8,1.8,0,1.3,0.8,238094.9,1
17,255,2,0.1,0,0.1,0.4,0.3,0,0.2,0.4,0,0.3,0.2,47619,1
18,4,7,0.3,0.3,0.4,0.7,1.5,0.2,1.3,0.7,0,0.8,0.8,142146.5,1
18,8,5,0.2,0.2,0.2,0.5,1.1,0.1,1,0.5,0,0.6,0.6,101533.2,1
18,11,3,0.1,0.1,0.1,0.3,0.6,0.1,0.6,0.3,0,0.4,0.4,60919.9,1
18,13,1,0,0.1,0.1,0.1,0.2,0,0.2,0.2,0,0.1,0,20968.2,1
18,18,7,0,1.4,0.2,0.5,2,0,0.7,1.6,0.4,0,0.2,161871.1,1
18,21,6,0,1.2,0.2,0.4,1.7,0,0.6,1.3,0.4,0,0.2,138746.6,1
18,24,4,0.5,0.4,0.1,1,0.6,0.1,0.6,0.3,0.3,0,0.1,81550.8,1
18,28,16,1.4,1.5,0.5,5.3,3.4,0,1,1.9,0.5,0.5,0,322726.9,1
18,31,4,0.4,0.4,0.1,1.3,0.9,0,0.2,0.5,0.1,0.1,0,80681.7,1
18,34,6,0.1,0.6,0.9,0.5,1.5,0,1,0.7,0.1,0.2,0.4,133188.6,1
18,38,2,0,0.2,0.3,0.2,0.5,0,0.3,0.2,0.1,0.1,0.1,44396.2,1
18,39,4,0.1,0.4,0.6,0.3,1,0,0.6,0.5,0.1,0.2,0.2,88792.4,1
18,52,4,0.2,0.8,0.3,0.3,1.2,0.1,0.4,0.2,0.1,0.3,0.1,79807.6,1
18,62,10,0.2,1,0.6,1.1,2.1,0.3,2,1,1.5,0.2,0,218941.2,1
18,77,1,0,0.1,0,0.2,0.2,0,0.2,0.1,0.1,0.1,0,21880.9,1
18,84,7,0.8,0.8,0.1,0.9,1.7,0,1.2,0.9,0.2,0.1,0.3,139047.5,1
18,85,2,0.2,0.2,0,0.3,0.5,0,0.3,0.3,0.1,0,0.1,39727.9,1
18,87,2,0.1,0.2,0,0.3,0.4,0.1,0.3,0.3,0.2,0.1,0,35140.7,1
18,90,1,0,0.1,0,0.2,0.2,0,0.1,0.2,0.1,0.1,0,17570.4,1
18,95,2,0.2,0.2,0.2,0.4,0.4,0,0.1,0.4,0,0,0.1,49473.6,1
18,98,121.5,4,27,2,24,33,4,3,5,19.5,0,0,2244340,0
18,99,65,3,1,6,12,10,1,6,15,3,6,2,1371188.6,0
18,100,18,0.6,1.3,0.8,3.8,3.4,1,2.3,3.1,1.3,0.4,0,407892.4,1
18,102,4.5,0.3,0.5,0.1,0.7,0.8,0.1,1,0.6,0.2,0.1,0.1,95033.5,1
18,139,3,0.1,0.4,0.2,0.4,0.6,0.1,0.4,0.7,0,0,0.1,49284.9,1
18,141,9,0.2,1.4,0.7,1.2,1.8,0.2,1.2,2.1,0,0,0.2,147854.6,1
18,165,41.5,3,7.5,1,12,6,1,7,3,1,0,0,825756.3,0
18,174,4,0,0.3,0,0.9,0.5,0.1,1.1,0.4,0.2,0.5,0,88459.7,1
18,180,1,0.1,0.1,0,0.2,0.2,0,0.1,0.1,0.1,0.1,0,20377.5,1
18,196,3,0,0.3,0.2,0.3,1,0.1,0.2,0.4,0.1,0.2,0.2,71515.5,1
18,209,6,0.4,0.7,0.4,1.7,1.4,0.3,0.3,0.1,0.6,0,0.1,123197.8,1
18,226,30.5,1,3,2,3,7,1,7,4,0.5,2,0,610115.5,0
18,227,87.5,9,14,6,19,22,5,2,2,6.5,0,2,2172472.5,0
18,228,97,5,5,10,20,24,3.5,8,8,6.5,5,2,1880171.4,0
18,229,39,2,4,3,3,10,1,11,2,0,1,2,800391.8,0
18,230,3,0,0.3,0.4,0.4,0.6,0.1,0.4,0.3,0.3,0.1,0.1,64169,1
18,232,2,0.3,0.2,0,0.6,0.2,0,0.2,0.1,0.3,0.1,0,39176.3,1
18,233,4,0.6,0.4,0.1,1.2,0.4,0.1,0.4,0.2,0.5,0.1,0,78352.6,1
18,237,3,0.1,0.4,0.1,0.6,0.7,0.1,0.4,0.2,0.3,0.1,0,62149.4,1
18,244,12,1.2,1.6,0.9,2,3.3,0.1,0.6,0.9,0.9,0.1,0.4,258545,1
18,245,21,2,2.8,1.6,3.5,5.9,0.2,1,1.6,1.6,0.2,0.6,452453.8,1
18,246,2,0.2,0.3,0.1,0.3,0.6,0,0.1,0.2,0.1,0,0.1,43090.8,1
18,247,13,0.8,1.1,0.7,2.5,1.7,0.5,1.5,1.6,1.6,0.9,0.1,272377.6,1
18,255,8,0.6,0.2,0.6,1.5,1.3,0,0.6,1.5,0,1.1,0.6,190475.9,1
19,0,14,1.4,2.3,0,1.4,3.6,0,0.4,2.7,0.9,0.9,0.4,330513.9,1
19,1,14,1.4,2.3,0,1.4,3.6,0,0.4,2.7,0.9,0.9,0.4,330513.9,1
19,5,3,0.1,0.1,0.1,0.3,0.6,0.1,0.6,0.3,0,0.4,0.4,60919.9,1
19,8,3,0.1,0.1,0.1,0.3,0.6,0.1,0.6,0.3,0,0.4,0.4,60919.9,1
19,11,5,0.2,0.2,0.2,0.5,1.1,0.1,1,0.5,0,0.6,0.6,101533.2,1
19,14,2,0,0.1,0.1,0.3,0.4,0.1,0.4,0.3,0.1,0.1,0.1,41936.4,1
19,27,8,0.7,0.7,0.2,2.7,1.7,0,0.5,1,0.2,0.3,0,161363.5,1
19,41,7,0.1,0.7,1.1,0.6,1.8,0,1.1,0.8,0.1,0.3,0.4,155386.7,1
19,42,1,0,0.1,0.1,0.2,0.3,0,0,0.1,0.1,0.1,0,18618.1,1
19,50,4,0.1,0,0,0.6,0.5,0.2,0.6,1.3,0.5,0,0.2,103865.9,1
19,59,11,0.5,2.2,0.8,0.9,3.3,0.3,1,0.7,0.4,0.8,0.1,219470.8,1
19,70,2,0,0.2,0.1,0.2,0.4,0.1,0.4,0.2,0.3,0.1,0,43788.2,1
19,71,5,0.1,0.5,0.3,0.6,1.1,0.1,1,0.5,0.7,0.1,0,109470.6,1
19,78,2,0.1,0.2,0.1,0.4,0.3,0,0.3,0.3,0.2,0.1,0,43761.7,1
19,83,3,0.3,0.3,0.1,0.4,0.7,0,0.5,0.4,0.1,0.1,0.1,59591.8,1
19,85,10,1.1,1.1,0.2,1.3,2.4,0,1.6,1.3,0.4,0.2,0.4,198639.3,1
19,86,5,0.6,0.6,0.1,0.6,1.2,0,0.8,0.6,0.2,0.1,0.2,99319.6,1
19,98,39,2,5,3,9,9,1,2,0,5,2,1,878023.4,0
19,99,76,6,6,4,24,9,5,5,4,12,1,0,1733248.2,0
19,100,23,0.8,1.6,1.1,4.8,4.3,1.3,3,4,1.6,0.5,0,521195.8,1
19,101,42,3,3,1,8,9,4,3,2,4,5,0,903674.4,0
19,102,25,1.4,3,0.7,3.8,4.2,0.7,5.2,3.5,1.1,0.7,0.7,527963.9,1
19,104,2,0.1,0.2,0.1,0.3,0.3,0,0.4,0.3,0.1,0.1,0.1,42237.1,1
19,118,29,3.1,2.3,1.6,10.2,1.6,3.9,1.6,2.3,1.6,0.8,0,531666.9,1
19,119,2,0.2,0.2,0.1,0.7,0.1,0.3,0.1,0.2,0.1,0,0,36666.7,1
19,123,8,0.9,0.4,0.2,2.7,0.9,0.4,1.3,0.4,0.4,0.4,0,174873,1
19,125,1,0.1,0.1,0,0.3,0.1,0,0.2,0.1,0,0.1,0,21859.1,1
19,135,2,0,0.3,0.2,0.3,0.4,0,0.3,0.5,0,0,0,32856.6,1
19,139,7,0.2,1.1,0.5,0.9,1.4,0.2,0.9,1.6,0,0,0.2,114998.1,1
19,141,2,0,0.3,0.2,0.3,0.4,0,0.3,0.5,0,0,0,32856.6,1
19,153,4,0,0.1,0.1,0.1,0.5,0,1.1,1.8,0.1,0,0.2,71031.3,1
19,156,7,0,0.1,0.3,0.3,0.8,0,1.8,3.2,0.2,0,0.3,124304.7,1
19,157,4,0.1,0.3,0.2,0.6,1.3,0.2,0.6,0,0.4,0.3,0,100364.1,1
19,164,10,0.3,1.2,1.4,1.2,2.6,0,1.4,1.4,0.1,0.4,0,201082.9,1
19,165,40,1,2,1,8,4,0,5,10,5,4,0,872124.5,0
19,166,45,0,6,9,6,8,1,3,7,4,1,0,723830.7,0
19,167,6,0.4,0.9,0.2,1.2,1.3,0.4,0.4,0.4,0.6,0.1,0.1,110701.8,1
19,171,1,0.1,0.1,0,0.2,0.2,0.1,0.1,0.1,0.1,0,0,18450.3,1
19,173,11,0,0.7,0,2.4,1.4,0.3,3.1,1,0.7,1.4,0,243264.1,1
19,182,4,0.6,0.4,0,1.3,0.9,0.2,0.4,0,0.2,0,0,84447.6,1
19,194,6.5,0.1,0.7,0.5,0.6,2.3,0.1,0.4,0.8,0.2,0.4,0.4,154950.2,1
19,195,4,0.1,0.4,0.3,0.4,1.4,0.1,0.2,0.5,0.2,0.2,0.2,95354,1
19,208,3,0.2,0.3,0.2,0.9,0.7,0.1,0.2,0,0.3,0,0.1,61598.9,1
19,212,2,0.1,0.2,0.2,0.3,0.3,0.1,0.2,0.3,0.2,0.1,0,34990.1,1
19,218,13,0.8,1.5,1.2,2.2,2.2,0.2,1,2.2,1.2,0.5,0,227435.8,1
19,226,39.5,6,6.5,1,10,7,1,1,4,3,0,0,883226.7,0
19,227,53,4,10,1,9,16,4,2,1,3,0,3,1156530.7,0
19,228,64.5,4,7.5,5,13,13,1,9,7,3,2,0,1433180.7,0
19,229,61,10,6,6,21,6,2,2,7,1,0,0,1227246.2,0
19,230,12,0,1.2,1.5,1.5,2.5,0.2,1.8,1.3,1,0.5,0.5,256675.9,1
19,237,4,0.1,0.6,0.2,0.8,0.9,0.1,0.5,0.3,0.4,0.1,0,82865.9,1
19,244,9,0.9,1.2,0.7,1.5,2.5,0.1,0.4,0.7,0.7,0.1,0.2,193908.8,1
19,245,17,1.6,2.3,1.3,2.8,4.7,0.2,0.8,1.3,1.3,0.2,0.5,366272.1,1
19,246,4,0.4,0.6,0.3,0.7,1.1,0,0.2,0.3,0.3,0,0.1,86181.7,1
19,250,1,0.1,0.1,0.1,0.2,0.1,0,0.1,0.1,0.1,0.1,0,20952.1,1
19,251,7,0.4,0.6,0.4,1.3,0.9,0.3,0.8,0.9,0.8,0.5,0.1,146664.8,1
20,12,5,0.1,0.3,0.3,0.7,1,0.1,1.1,0.8,0.1,0.3,0.2,104841,1
20,15,2,0,0.1,0.1,0.3,0.4,0.1,0.4,0.3,0.1,0.1,0.1,41936.4,1
20,23,3,0.3,0.3,0.1,0.8,0.4,0.1,0.5,0.2,0.2,0,0.1,61163.1,1
20,27,3,0.3,0.3,0.1,1,0.6,0,0.2,0.3,0.1,0.1,0,60511.3,1
20,28,2,0.2,0.2,0.1,0.7,0.4,0,0.1,0.2,0,0.1,0,40340.9,1
20,41,2,0,0.2,0.3,0.2,0.5,0,0.3,0.2,0.1,0.1,0.1,44396.2,1
20,50,1,0,0,0,0.2,0.1,0,0.2,0.3,0.1,0,0.1,25966.5,1
20,67,1,0,0.1,0.1,0.1,0.2,0,0.2,0.1,0.2,0,0,21894.1,1
20,68,5,0.1,0.5,0.3,0.6,1.1,0.1,1,0.5,0.7,0.1,0,109470.6,1
20,69,12,0.2,1.2,0.8,1.4,2.5,0.4,2.3,1.2,1.8,0.2,0,262729.5,1
20,70,7,0.1,0.7,0.5,0.8,1.5,0.2,1.4,0.7,1,0.1,0,153258.8,1
20,82,1,0.1,0.1,0,0.1,0.3,0,0.2,0.1,0,0,0.1,19863.9,1
20,83,4,0.4,0.4,0.1,0.5,1,0,0.7,0.5,0.1,0.1,0.2,79455.7,1
20,85,1,0.1,0.1,0,0.1,0.3,0,0.2,0.1,0,0,0.1,19863.9,1
20,89,4,0.2,0.3,0,0.7,0.8,0.2,0.5,0.7,0.3,0.2,0.1,70281.5,1
20,92,2,0.2,0.2,0.2,0.4,0.4,0,0.1,0.4,0,0,0.1,49473.6,1
20,99,108,10,12,2,29,21,10,6,0,18,0,0,2242694,0
20,100,26,0.9,1.8,1.2,5.5,4.9,1.5,3.3,4.5,1.8,0.6,0,589177.9,1
20,101,38,1,3,7,2,6,0.5,10,6,1.5,1,0,795577.5,0
20,102,43,4,4,4,10,10,0,6,0,2,2,1,883504.7,0
20,103,2,0.1,0.2,0.1,0.3,0.3,0,0.4,0.3,0.1,0.1,0.1,42237.1,1
20,104,5,0.3,0.6,0.1,0.8,0.8,0.1,1.1,0.7,0.2,0.1,0.2,105592.8,1
20,107,4,0.2,0.2,0.2,0.6,1.2,0,0.6,0.4,0.5,0,0.1,95021.4,1
20,108,4,0.2,0.2,0.2,0.6,1.2,0,0.6,0.4,0.5,0,0.1,95021.4,1
20,116,4,0.5,0.1,0,1.5,0.5,0.3,0.4,0.3,0.3,0.1,0,86429,1
20,121,4,0.5,0.3,0.2,1.4,0.2,0.6,0.2,0.3,0.2,0.1,0,73333.4,1
20,122,2,0.2,0.1,0.1,0.7,0.2,0.1,0.3,0.1,0.1,0.1,0,43718.3,1
20,127,19,1.7,2.3,1.1,3.5,2.9,0.6,1.7,1.1,3.5,0.6,0,341878.4,1
20,132,1,0,0.2,0.1,0.1,0.2,0,0.1,0.3,0,0,0,16428.3,1
20,135,4,0.1,0.6,0.3,0.5,0.8,0.1,0.5,1,0,0,0.1,65713.2,1
20,146,10,0.3,1.8,0.3,1.2,2.2,0.4,1.9,0.3,1.3,0.1,0.2,176380,1
20,147,27,0.8,4.8,0.8,3.2,5.9,1.2,5.1,0.8,3.6,0.4,0.4,476226.1,1
20,148,6,0.2,1,0.2,0.7,1.3,0.3,1.1,0.2,0.8,0.1,0.1,105828,1
20,153,6,0,0.1,0.2,0.2,0.7,0,1.6,2.7,0.2,0,0.3,106546.9,1
20,155,2,0,0,0.1,0.1,0.2,0,0.5,0.9,0.1,0,0.1,35515.6,1
20,156,7.5,0,0.1,0.3,0.3,0.8,0,2,3.4,0.3,0,0.3,133183.6,1
20,164,23,0.7,2.8,3.1,2.8,5.9,0,3.1,3.1,0.4,1.1,0,462490.7,1
20,165,64,1,4,0,8,11,4,4,18,10,4,0,1243726.9,0
20,166,45,2,5,3,5,13,1,5,2,2,7,0,1056171.3,0
20,167,2,0.1,0.3,0.1,0.4,0.4,0.1,0.1,0.1,0.2,0.1,0.1,36900.6,1
20,168,5,0.3,0.8,0.2,1,1.1,0.3,0.3,0.3,0.5,0.1,0.1,92251.5,1
20,171,3,0.2,0.5,0.1,0.6,0.6,0.2,0.2,0.2,0.3,0,0.1,55350.9,1
20,181,4,0.2,0.2,0,0.7,1,0.1,0.4,0.3,0.4,0.6,0.1,81509.9,1
20,182,34,1,2,3,6,11,2,0,4,2,2,1,725332.1,0
20,184,3,0.5,0.3,0,1,0.7,0.1,0.3,0,0.1,0,0,63335.7,1
20,187,2,0.1,0.1,0.1,0.2,0.6,0.1,0.2,0.2,0.1,0.2,0.1,43848.3,1
20,192,2,0,0.2,0.2,0.2,0.7,0,0.1,0.3,0.1,0.1,0.1,47677,1
20,195,2,0,0.2,0.2,0.2,0.7,0,0.1,0.3,0.1,0.1,0.1,47677,1
20,196,3,0,0.3,0.2,0.3,1,0.1,0.2,0.4,0.1,0.2,0.2,71515.5,1
20,198,3,0,0.3,0.2,0.3,1,0.1,0.2,0.4,0.1,0.2,0.2,71515.5,1
20,204,4,0.3,0.4,0.3,1.1,1,0.2,0.2,0,0.4,0,0.1,82131.9,1
20,212,12,0.8,1.4,1.1,2,2,0.2,0.9,2,1.1,0.5,0,209940.8,1
20,218,1,0,0.1,0.1,0.2,0.2,0,0.1,0.2,0.1,0,0,17495.1,1
20,226,41,1.5,3,3,8.2,10.4,2.2,3,3,6.7,0,0,905209.9,1
20,227,92,7,14.5,1,19,26,4,3,3,11.5,2,1,1974835.9,0
20,228,76,1,10,5,9,17,1,7,17,3,2,4,1581624.7,0
20,229,56,3,6,2,8,8,1,4,17,6,0,1,1303843.7,0
20,230,36,0,1,4,7,8,0,4,7,2,2,1,757416.8,0
20,231,37,1,2,2,8,4,1,10,7,2,0,0,759655,0
20,232,2,0.3,0.2,0,0.6,0.2,0,0.2,0.1,0.3,0.1,0,39176.3,1
20,246,2,0.2,0.3,0.1,0.3,0.6,0,0.1,0.2,0.1,0,0.1,43090.8,1
20,247,8,0.5,0.6,0.4,1.5,1.1,0.3,0.9,1,1,0.6,0.1,167617,1
21,11,5,0.2,0.2,0.2,0.5,1.1,0.1,1,0.5,0,0.6,0.6,101533.2,1
21,12,2,0,0.1,0.1,0.3,0.4,0.1,0.4,0.3,0.1,0.1,0.1,41936.4,1
21,17,6,0,1.2,0.2,0.4,1.7,0,0.6,1.3,0.4,0,0.2,138746.6,1
21,18,1,0,0.2,0,0.1,0.3,0,0.1,0.2,0.1,0,0,23124.4,1
21,20,6,0,1.2,0.2,0.4,1.7,0,0.6,1.3,0.4,0,0.2,138746.6,1
21,24,2,0.2,0.2,0.1,0.5,0.3,0.1,0.3,0.1,0.1,0,0.1,40775.4,1
21,32,1,0,0.1,0.2,0.1,0.2,0,0.2,0.1,0,0,0.1,22198.1,1
21,33,2,0,0.2,0.3,0.2,0.5,0,0.3,0.2,0.1,0.1,0.1,44396.2,1
21,34,6,0.1,0.6,0.9,0.5,1.5,0,1,0.7,0.1,0.2,0.4,133188.6,1
21,43,6,0.3,0.8,0.3,1.3,1.7,0.1,0,0.8,0.3,0.3,0.1,111708.8,1
21,48,5,0.2,0,0,0.8,0.6,0.2,0.8,1.6,0.6,0,0.2,129832.4,1
21,49,12,0.5,0,0,1.9,1.4,0.5,1.9,3.9,1.4,0,0.5,311597.8,1
21,55,3,0.1,0.6,0.2,0.3,0.9,0.1,0.3,0.2,0.1,0.2,0,59855.7,1
21,63,5,0.1,0.5,0.3,0.6,1.1,0.1,1,0.5,0.7,0.1,0,109470.6,1
21,70,1,0,0.1,0.1,0.1,0.2,0,0.2,0.1,0.2,0,0,21894.1,1
21,78,3,0.1,0.2,0.1,0.6,0.5,0,0.4,0.4,0.4,0.2,0.1,65642.6,1
21,83,6,0.7,0.7,0.1,0.8,1.4,0,1,0.8,0.2,0.1,0.2,119183.6,1
21,91,2,0.1,0.2,0,0.3,0.4,0.1,0.3,0.3,0.2,0.1,0,35140.7,1
21,92,7,0.7,0.7,0.9,1.3,1.3,0.2,0.2,1.3,0.2,0,0.2,173157.6,1
21,98,11,0.4,0.8,0.5,2.3,2,0.6,1.4,1.9,0.8,0.3,0,249267.6,1
21,99,2,0.1,0.1,0.1,0.4,0.4,0.1,0.3,0.4,0.1,0,0,45321.4,1
21,100,6,0.2,0.4,0.3,1.3,1.1,0.4,0.8,1,0.4,0.1,0,135964.1,1
21,102,1,0.1,0.1,0,0.2,0.2,0,0.2,0.1,0.1,0,0,21118.6,1
21,103,21,1.2,2.5,0.6,3.2,3.5,0.6,4.4,2.9,0.9,0.6,0.6,443489.7,1
21,104,4,0.2,0.5,0.1,0.6,0.7,0.1,0.8,0.6,0.2,0.1,0.1,84474.2,1
21,105,4,0.2,0.5,0.1,0.6,0.7,0.1,0.8,0.6,0.2,0.1,0.1,84474.2,1
21,108,2,0.1,0.1,0.1,0.3,0.6,0,0.3,0.2,0.3,0,0,47510.7,1
21,112,3,0.4,0.1,0,1.1,0.4,0.2,0.3,0.2,0.2,0.1,0,64821.8,1
21,113,4,0.5,0.1,0,1.5,0.5,0.3,0.4,0.3,0.3,0.1,0,86429,1
21,120,2,0.2,0.2,0.1,0.7,0.1,0.3,0.1,0.2,0.1,0,0,36666.7,1
21,125,3,0.3,0.2,0.1,1,0.3,0.1,0.5,0.2,0.1,0.2,0,65577.4,1
21,126,14,1.5,0.7,0.4,4.8,1.5,0.7,2.2,0.7,0.7,0.8,0,306027.8,1
21,146,11,0.3,1.9,0.3,1.3,2.4,0.5,2.1,0.3,1.5,0.2,0.2,194018,1
21,147,2,0.1,0.3,0.1,0.2,0.4,0.1,0.4,0.1,0.3,0,0,35276,1
21,148,7,0.2,1.2,0.2,0.8,1.6,0.3,1.4,0.2,0.9,0.1,0.1,123466,1
21,158,5,0.1,0.4,0.2,0.7,1.7,0.2,0.8,0,0.5,0.4,0,125455.1,1
21,161,3,0.1,0.2,0.2,0.4,1,0.1,0.5,0,0.3,0.2,0,75273.1,1
21,162,2,0.1,0.2,0.3,0.2,0.5,0,0.3,0.3,0,0.1,0,40216.6,1
21,164,1,0,0.1,0.1,0.1,0.3,0,0.1,0.2,0,0.1,0,20108.3,1
21,165,96.5,4,7,10,24,19,1,13,4,7.5,7,0,1930217.5,0
21,166,116,7,13,4,30,17,3,12,16,10,4,0,2169844.2,0
21,167,84.5,5,13.3,3.3,16.7,18.3,5.8,5,5,8.7,1.7,1.7,1559050.1,1
21,177,4,0.2,0.2,0,0.7,1,0.1,0.4,0.3,0.4,0.6,0.1,81509.9,1
21,178,5,0.3,0.3,0,0.8,1.2,0.1,0.6,0.4,0.5,0.7,0.1,101887.4,1
21,181,19,1,1,0,3.1,4.6,0.5,2.1,1.5,2.1,2.6,0.5,387172.1,1
21,182,64,4,3.5,5,14,11,1,4,11,2.5,8,0,1179714.5,0
21,183,28,1,1,1,5,7,2,5,2,2,2,0,487598.4,0
21,184,31,4.9,3.5,0,9.9,7.1,1.4,2.8,0,1.4,0,0,654468.6,1
21,185,2,0.3,0.2,0,0.6,0.5,0.1,0.2,0,0.1,0,0,42223.8,1
21,187,8,0.3,0.3,0.5,0.8,2.6,0.3,0.9,0.9,0.5,0.6,0.3,175393.3,1
21,188,2,0.1,0.1,0.1,0.2,0.6,0.1,0.2,0.2,0.1,0.2,0.1,43848.3,1
21,190,1,0,0,0.1,0.1,0.3,0,0.1,0.1,0.1,0.1,0.1,21924.2,1
21,191,3,0.1,0.1,0.2,0.3,1,0.1,0.3,0.3,0.2,0.3,0.1,65772.5,1
21,193,2,0,0.2,0.2,0.2,0.7,0,0.1,0.3,0.1,0.1,0.1,47677,1
21,205,11,0.8,1.2,0.8,3.1,2.6,0.5,0.6,0.1,1.1,0,0.2,225862.7,1
21,212,9,0.6,1,0.9,1.5,1.5,0.2,0.7,1.5,0.8,0.3,0,157455.6,1
21,222,10,0.4,0.7,0.7,2,2.6,0.6,0.7,0.7,1.6,0,0,220782.9,1
21,224,2,0.1,0.1,0.1,0.4,0.5,0.1,0.2,0.2,0.3,0,0,44156.6,1
21,226,2,0.1,0.1,0.1,0.4,0.5,0.1,0.2,0.2,0.3,0,0,44156.6,1
21,228,44,4,10,0,13,8,3,0,0,6,0,0,892096.7,0
21,229,47.5,3,7.5,1.5,9,13,3,3,0,6.5,0,1,1061247.4,0
21,230,19,0,2,2.4,2.4,3.9,0.4,2.7,2,1.6,0.8,0.8,406403.5,1
21,231,37,2,5,0,9,6,2,5,2,6,0,0,742035.5,0
21,232,26,4,2.3,0.6,8.1,2.3,0.6,2.9,1.1,3.5,0.6,0,509291.8,1
21,242,74.5,5,9,5.5,15,20,2,3,4,10,0,1,1563983.9,0
21,243,26,2.5,3.5,2,4.2,7.2,0.2,1.3,2,2,0.3,0.8,560180.9,1
21,246,9,0.9,1.2,0.7,1.5,2.5,0.1,0.4,0.7,0.7,0.1,0.2,193908.8,1
21,247,20,1.2,1.6,1,3.9,2.7,0.8,2.2,2.5,2.5,1.4,0.2,419042.4,1
21,249,1,0.1,0.1,0.1,0.2,0.1,0,0.1,0.1,0.1,0.1,0,20952.1,1
22,0,3,0.2,0.1,0.1,0.5,0.7,0.1,0.5,0.2,0.3,0.1,0.2,73965.9,1
22,1,10,0.7,0.2,0.5,1.7,2.2,0.5,1.7,0.7,1,0.3,0.5,246553,1
22,14,3,0.2,0.2,0.1,0.3,0.9,0,0.5,0.6,0.1,0,0.1,73505.5,1
22,15,8,0.5,0.5,0.3,0.8,2.4,0,1.4,1.8,0.1,0,0.2,196014.7,1
22,19,2,0.1,0.2,0.2,0.5,0.5,0.1,0.2,0.1,0.1,0,0,40224.7,1
22,20,7,0.4,0.8,0.6,1.8,1.6,0.2,0.8,0.5,0.2,0,0.1,140786.5,1
22,34,9,0,1.2,0.5,1.1,1.8,0.2,1.4,1.1,0.9,0.4,0.4,185436.3,1
22,40,2,0,0.3,0.1,0.2,0.4,0.1,0.3,0.2,0.2,0.1,0.1,41208.1,1
22,41,4,0,0.6,0.2,0.5,0.8,0.1,0.6,0.5,0.4,0.1,0.2,82416.1,1
22,43,4,0.2,0.4,0.4,0.8,0.8,0.2,0.4,0.5,0.3,0,0,87943.6,1
22,44,15,0.9,1.4,1.5,3.2,2.9,0.6,1.5,1.7,1.3,0,0,329788.7,1
22,45,32.5,1.9,3.1,3.2,6.9,6.3,1.3,3.2,3.8,2.8,0,0,714542.1,1
22,46,66,3,1,3,5,13,0,9,24,5,0,3,1332578.8,0
22,47,16,0.6,0.7,1,3.4,3.1,0.4,1.8,1.8,2.2,0.6,0.4,346719.6,1
22,48,54,2,1.5,0.5,8,7,1.5,8,19,4.5,2,0,1215433.1,0
22,49,22,0.8,1,1.4,4.7,4.3,0.6,2.4,2.4,3,0.8,0.6,476739.4,1
22,53,2,0.2,0.2,0,0.6,0.1,0.1,0.3,0.3,0.2,0,0,46459,1
22,60,5,0.5,0.4,0,1.4,0.3,0.3,0.8,0.6,0.5,0.1,0.1,116147.4,1
22,63,3,0.3,0.3,0,0.3,0.5,0.2,0.4,0.4,0.3,0.3,0,59359.7,1
22,78,4,0,0.3,0.2,0.7,0.8,0.1,0.5,1.1,0.2,0.1,0,69125.5,1
22,82,6,0,0.5,0,0.8,1.3,0.4,1.2,1,0.8,0,0,112560.8,1
22,83,10,0,0.8,0,1.4,2.2,0.6,1.9,1.7,1.4,0,0,187601.4,1
22,91,4,0.2,0.7,0.3,0.6,0.8,0.2,0.5,0.4,0.2,0,0.1,74540.5,1
22,92,2,0.1,0.3,0.3,0.5,0.4,0.1,0.1,0.1,0,0.1,0,44859.1,1
22,103,2,0,0.3,0.3,0.1,0.6,0,0.1,0.4,0.1,0.1,0,39284.4,1
22,104,7,0,1,1.3,0.3,2.1,0,0.5,1.3,0.2,0.3,0,137495.4,1
22,134,3,0.1,0.2,0.3,0.6,0.6,0.1,0.3,0.4,0.2,0.1,0.1,64266.2,1
22,137,6,0.3,0.4,0.6,1.2,1.2,0.1,0.6,0.7,0.5,0.3,0.1,128532.4,1
22,138,2,0.1,0.2,0.2,0.4,0.4,0,0.2,0.2,0.2,0.1,0,42844.1,1
22,139,14,0.6,1,1.5,2.8,2.9,0.2,1.5,1.6,1.1,0.6,0.2,299908.9,1
22,146,4,0.4,0.4,0.1,0.8,0.7,0.1,0.2,0.5,0.3,0.2,0.3,68788.5,1
22,152,4,0,0.2,0.6,0.4,1,0,0.9,0.6,0,0.3,0,100384.2,1
22,153,1,0,0.1,0.1,0.1,0.2,0,0.2,0.2,0,0.1,0,25096,1
22,156,5,0,0.3,0.8,0.5,1.2,0,1.1,0.8,0,0.3,0,125480.2,1
22,159,2,0,0.1,0.3,0.2,0.5,0,0.5,0.3,0,0.1,0,50192.1,1
22,161,7,0,0.4,1.1,0.7,1.8,0,1.5,1.1,0,0.4,0,175672.3,1
22,165,29,0,5,2,3,4,0,5,8,0,2,0,563895.5,0
22,166,30,1.6,5.4,0,5.5,6.5,0,3.3,2.2,3.3,2.2,0,603221.2,1
22,167,62,1,16,1,11,12,1,1,6,8,2,3,1073775,0
22,180,4,0.1,0.3,0.4,0.8,1.2,0.2,0.4,0.3,0.3,0,0,87858.3,1
22,181,39,0.6,3.2,4.5,7.7,11.5,2.5,3.8,2.6,2.6,0,0,856618.8,1
22,182,57,3,5,4,8,13,1,17,3,3,0,0,1323922.1,0
22,183,35,2,5.3,0,7.3,7.3,0.6,1.3,5.3,5.3,0.6,0,739581.7,1
22,192,1,0.1,0,0,0.2,0.2,0,0.2,0.1,0.1,0.1,0,21687.1,1
22,193,6,0.8,0.2,0.1,1.4,1,0.3,0.9,0.5,0.4,0.4,0,130122.8,1
22,194,10,1.3,0.3,0.2,2.4,1.7,0.4,1.5,0.9,0.6,0.7,0,216871.3,1
22,206,3,0.1,0.5,0.1,0.4,0.7,0,0.2,0.4,0.4,0.2,0,58603,1
22,209,9,0.3,1.9,0.9,0.8,2.6,0,0.8,0.3,1,0.4,0,191398.7,1
22,210,3,0.1,0.6,0.3,0.3,0.9,0,0.3,0.1,0.3,0.1,0,63799.6,1
22,211,5,0.2,1,0.5,0.4,1.5,0,0.5,0.2,0.5,0.2,0,106332.6,1
22,226,14,1.1,1.8,1.6,2.8,2.5,0.7,1.1,0.5,1.4,0,0.5,278265.5,1
22,227,3,0.3,0.3,0.1,0.7,0.5,0.2,0.3,0.3,0.2,0.1,0,61572.2,1
22,228,43,4.4,4.4,1.9,10.4,6.6,2.8,4.1,3.4,3.4,1.3,0.3,882535.5,1
22,229,26,2.6,2.6,1.1,6.3,4,1.7,2.5,2.1,2.1,0.8,0.2,533626.1,1
22,230,1,0.1,0.1,0,0.2,0.2,0.1,0.1,0.1,0.1,0,0,20524.1,1
22,233,13,0.9,1.4,0.9,1.4,3.2,0,2,2.9,0,0.3,0,279649.7,1
22,235,3,0.2,0.3,0.2,0.3,0.7,0,0.5,0.7,0,0.1,0,64534.5,1
22,239,16,0.2,3,0,2.8,3.3,0.4,1.2,1.4,2.9,0.8,0,303270.2,1
22,240,67,2,11,4,7,22,3,5,1,7,0,5,1326101.3,0
22,241,38.5,0.5,2,4,7,10,0,8,5,0,1,1,737538.4,0
22,242,74,0,6,3,6,13,2,11,29,3,1,0,1535664.2,0
22,243,69,4,7,1,9,12,1.5,19,5,5.5,2,3,1448313.7,0
22,244,10,0.4,1.1,0.6,1.2,2.6,0.1,1.4,1.1,0.8,0.7,0,230701.7,1
22,253,9,0.5,0.8,0.5,2,1.4,0.5,1.2,0.8,0.9,0.3,0.1,165907.7,1
23,2,4,0.3,0.4,0.1,0.8,0.8,0.1,0.5,0.6,0.2,0.1,0.1,81166,1
23,14,11,0.7,0.7,0.4,1.1,3.3,0,2,2.4,0.2,0,0.2,269520.2,1
23,45,122,4,15,5,21,42,1,5,4,14,1,10,2521393.9,0
23,46,84,2,7,10,7,19,0,25,7,4,3,0,1793447,0
23,47,68,3,7,3,18,11,6,2,10,5,3,0,1350880.3,0
23,48,66,3,8,6,7,21,4,3,9,3,0,2,1449723.1,0
23,49,27,1,1.2,1.7,5.7,5.2,0.7,3,3,3.7,1,0.8,585089.3,1
23,52,5,0.5,0.4,0,1.4,0.3,0.3,0.8,0.6,0.5,0.1,0.1,116147.4,1
23,53,8,0.8,0.6,0,2.3,0.4,0.4,1.3,1,0.8,0.2,0.2,185835.9,1
23,63,4,0.4,0.4,0,0.5,0.7,0.2,0.5,0.5,0.4,0.4,0,79146.3,1
23,69,2,0.2,0.2,0.1,0.4,0.2,0.1,0.3,0.2,0.1,0.1,0.1,42480.1,1
23,77,2,0,0.2,0.1,0.4,0.4,0,0.2,0.5,0.1,0.1,0,34562.7,1
23,78,2,0,0.2,0.1,0.4,0.4,0,0.2,0.5,0.1,0.1,0,34562.7,1
23,83,4,0,0.3,0,0.6,0.9,0.2,0.8,0.7,0.5,0,0,75040.6,1
23,98,2,0.1,0.3,0.3,0.5,0.4,0.1,0.1,0.1,0,0.1,0,44859.1,1
23,105,10,0,1.5,1.8,0.4,3,0,0.7,1.8,0.4,0.4,0,196422,1
23,106,2,0,0.3,0.3,0.1,0.6,0,0.1,0.4,0.1,0.1,0,39284.4,1
23,107,6,0.3,0.4,0.4,1.3,0.7,0.2,1.2,0.5,0.5,0.5,0,117287.5,1
23,108,5,0.3,0.3,0.3,1.1,0.6,0.2,1,0.4,0.4,0.4,0,97739.6,1
23,118,5,0,0.5,0.6,0.5,1.4,0,0.1,0.6,0.5,0.3,0.5,98623.6,1
23,123,13,0.7,1.8,0,3.4,2.2,1.1,0.9,0.4,2,0.5,0,244462.1,1
23,129,2,0.1,0.3,0,0.5,0.3,0.2,0.1,0.1,0.3,0.1,0,37609.6,1
23,135,5,0.2,0.4,0.5,1,1,0.1,0.5,0.6,0.4,0.2,0.1,107110.3,1
23,137,2,0.1,0.2,0.2,0.4,0.4,0,0.2,0.2,0.2,0.1,0,42844.1,1
23,138,46.5,1,2.5,5,8,9,1,5,6,5,3,1,933641.9,0
23,139,27.5,0,5.5,2,4,7,0,2,4,1,2,0,590895.7,0
23,140,2,0.1,0.2,0.2,0.4,0.4,0,0.2,0.2,0.2,0.1,0,42844.1,1
23,146,2,0.2,0.2,0,0.4,0.4,0,0.1,0.3,0.2,0.1,0.1,34394.2,1
23,155,1,0,0.1,0.1,0.1,0.2,0,0.2,0.2,0,0.1,0,25096,1
23,161,4,0,0.2,0.6,0.4,1,0,0.9,0.6,0,0.3,0,100384.2,1
23,162,6,0.3,1.1,0,1.1,1.3,0,0.7,0.4,0.7,0.4,0,120644.2,1
23,165,26,0,0,1,0,3,0,8,11,0,3,0,501390.7,0
23,166,99,10,9,4,22,23,6,4,3,11,1,6,1974903.2,0
23,167,24,1.2,1.8,0.9,7.1,3.2,2.1,2.1,2.6,2.1,0.3,0.6,468557.4,1
23,175,3,0.1,0.3,0.1,0.3,0.8,0.1,0.3,0.5,0.3,0.1,0.1,64598.1,1
23,176,3,0.1,0.3,0.1,0.3,0.8,0.1,0.3,0.5,0.3,0.1,0.1,64598.1,1
23,181,4,0.1,0.3,0.4,0.8,1.2,0.2,0.4,0.3,0.3,0,0,87858.3,1
23,182,18,1,2.7,0,3.7,3.7,0.4,0.7,2.7,2.7,0.4,0,380356.3,1
23,192,2,0.3,0.1,0,0.5,0.3,0.1,0.3,0.2,0.1,0.1,0,43374.3,1
23,210,5,0.2,1,0.5,0.4,1.5,0,0.5,0.2,0.5,0.2,0,106332.6,1
23,212,6,0.1,1.3,0.2,0.8,2,0,0.2,0.6,0.6,0,0.2,116095.4,1
23,228,2,0.2,0.2,0.1,0.5,0.3,0.1,0.2,0.2,0.2,0,0,41048.2,1
23,233,5,0.3,0.6,0.3,0.6,1.2,0,0.8,1.1,0,0.1,0,107557.6,1
23,235,7,0.5,0.8,0.5,0.8,1.7,0,1.1,1.5,0,0.1,0,150580.6,1
23,239,21,0.3,3.9,0,3.6,4.4,0.5,1.6,1.8,3.9,1,0,398042.1,1
23,240,76,4,20,4,9,24,1,3,7,3,1,0,1544485.2,0
23,241,34,0,2,2,2,9,1,12,2,3,1,0,775344,0
23,242,55.5,2,5,2,12,12,2.5,7,5,6,1,1,1113032.4,0
23,243,66,2,4,4,12,8,2,10,12,6,4,2,1311890.5,0
23,244,34.5,3,1,2.5,10,11,0,1,0,2,1,3,698556.2,0
23,245,3,0.1,0.3,0.2,0.4,0.8,0,0.4,0.3,0.3,0.2,0,69210.5,1
23,246,4,0.2,0.4,0.2,0.5,1.1,0,0.6,0.4,0.3,0.3,0,92280.7,1
23,248,8,0.2,0.9,0.5,1.1,1.8,0.2,1,0.6,0.7,0.4,0.6,185575.8,1
23,251,1,0,0.1,0.1,0.1,0.2,0,0.1,0.1,0.1,0.1,0.1,23197,1
23,252,5,0.3,0.4,0.3,1.1,0.8,0.3,0.7,0.4,0.5,0.1,0.1,92171,1
23,253,22,1.3,1.9,1.3,4.8,3.5,1.3,2.9,1.9,2.2,0.6,0.3,405552.2,1
24,6,4,0.3,0.4,0.1,0.8,0.8,0.1,0.5,0.6,0.2,0.1,0.1,81166,1
24,7,6,0.5,0.5,0.1,1.2,1.2,0.1,0.8,1,0.3,0.1,0.2,121749,1
24,14,2,0.1,0.1,0.1,0.2,0.6,0,0.4,0.5,0,0,0,49003.7,1
24,16,4,0.2,0.2,0.2,0.4,1.2,0,0.7,0.9,0.1,0,0.1,98007.4,1
24,32,2,0,0.3,0.1,0.2,0.4,0.1,0.3,0.2,0.2,0.1,0.1,41208.1,1
24,45,42,2,2,2,6,15,0,9,3,0,0,3,970847.1,0
24,46,124.5,10,6.5,6,27,15,3,33,12,7,2,3,2643386.8,0
24,47,99.5,8,11.5,6,28,17,4,8,3,12,2,0,1746658.5,0
24,48,64,5,3,7,14,13,2,8,2,3,5,2,1330970.2,0
24,49,25,0.9,1.1,1.6,5.3,4.8,0.7,2.8,2.8,3.4,0.9,0.7,541749.3,1
24,52,3,0.3,0.2,0,0.8,0.2,0.1,0.5,0.4,0.3,0.1,0.1,69688.5,1
24,53,2,0.2,0.2,0,0.6,0.1,0.1,0.3,0.3,0.2,0,0,46459,1
24,69,8,0.6,0.9,0.3,1.7,0.9,0.3,1.2,0.9,0.5,0.5,0.2,169920.4,1
24,89,6,0.2,1,0.5,0.9,1.3,0.4,0.8,0.6,0.2,0,0.1,111810.8,1
24,92,4,0.2,0.6,0.5,0.9,0.7,0.2,0.2,0.3,0.1,0.2,0.1,89718.2,1
24,101,9,0.3,1.4,1.2,2.1,1.6,0.4,0.5,0.7,0.2,0.4,0.2,201865.9,1
24,107,1,0,0.1,0.1,0.2,0.1,0,0.2,0.1,0.1,0.1,0,19547.9,1
24,115,2,0,0.2,0.2,0.2,0.6,0,0.1,0.2,0.2,0.1,0.2,39449.4,1
24,127,2,0.1,0.3,0,0.5,0.3,0.2,0.1,0.1,0.3,0.1,0,37609.6,1
24,129,2,0.1,0.3,0,0.5,0.3,0.2,0.1,0.1,0.3,0.1,0,37609.6,1
24,131,11,0.6,1.5,0,2.8,1.9,0.9,0.8,0.4,1.7,0.4,0,206852.5,1
24,134,1,0,0.1,0.1,0.2,0.2,0,0.1,0.1,0.1,0.1,0,21422.1,1
24,138,19,0.9,1.4,2,3.7,3.9,0.3,2,2.1,1.5,0.9,0.3,407019.2,1
24,139,21,1,1.5,2.2,4.1,4.3,0.3,2.2,2.4,1.7,1,0.3,449863.3,1
24,140,10,0.5,0.7,1.1,2,2,0.1,1.1,1.1,0.8,0.5,0.1,214220.6,1
24,145,4,0.4,0.4,0.1,0.8,0.7,0.1,0.2,0.5,0.3,0.2,0.3,68788.5,1
24,149,13,1.3,1.3,0.2,2.7,2.3,0.2,0.8,1.7,1.1,0.6,0.8,223562.5,1
24,156,2,0,0.1,0.3,0.2,0.5,0,0.5,0.3,0,0.1,0,50192.1,1
24,162,5,0.3,0.9,0,0.9,1.1,0,0.5,0.4,0.5,0.4,0,100536.9,1
24,166,53,2,6.5,1.5,10,11,1,5,2,11,1,2,1076404.5,0
24,167,15,0.7,1.1,0.6,4.4,2,1.3,1.3,1.7,1.3,0.2,0.4,292848.4,1
24,169,4,0.2,0.3,0.2,1.2,0.5,0.3,0.4,0.4,0.3,0.1,0.1,78092.9,1
24,171,7,0.3,0.5,0.3,2.1,0.9,0.6,0.6,0.8,0.6,0.1,0.2,136662.6,1
24,172,4,0.2,0.3,0.2,0.3,1.1,0.1,0.4,0.7,0.4,0.1,0.2,86130.8,1
24,174,3,0.1,0.3,0.1,0.3,0.8,0.1,0.3,0.5,0.3,0.1,0.1,64598.1,1
24,176,2,0.1,0.2,0.1,0.2,0.6,0,0.2,0.3,0.2,0,0.1,43065.4,1
24,180,5,0.1,0.4,0.6,1,1.5,0.3,0.5,0.3,0.3,0,0,109822.9,1
24,181,1,0,0.1,0.1,0.2,0.3,0,0.1,0.1,0.1,0,0,21964.6,1
24,190,3,0.2,0.3,0.2,0.7,0.4,0.1,0.5,0.3,0.1,0.2,0,62964.4,1
24,191,2,0.1,0.2,0.1,0.5,0.3,0.1,0.3,0.2,0.1,0.1,0,41976.3,1
24,203,7,0.3,1.1,0.3,0.8,1.7,0.1,0.5,0.8,0.9,0.4,0.1,136740.4,1
24,206,5,0.2,0.8,0.2,0.6,1.2,0.1,0.3,0.6,0.6,0.3,0.1,97671.7,1
24,209,5,0.2,1,0.5,0.4,1.5,0,0.5,0.2,0.5,0.2,0,106332.6,1
24,211,16,0.6,3.3,1.6,1.4,4.7,0,1.5,0.6,1.7,0.6,0,340264.4,1
24,212,40,1,7,6,3,13,0,2,4,3,0,1,716397,0
24,213,3,0.1,0.6,0.1,0.4,1,0,0.1,0.3,0.3,0,0.1,58047.7,1
24,228,14,1.4,1.5,0.6,3.4,2.2,0.9,1.3,1.1,1.1,0.4,0.1,287337.2,1
24,229,4,0.4,0.4,0.2,1,0.6,0.3,0.4,0.3,0.3,0.1,0,82096.3,1
24,234,3,0.2,0.3,0.2,0.3,0.7,0,0.5,0.7,0,0.1,0,64534.5,1
24,241,25,0.3,4.6,0,4.3,5.3,0.6,1.9,2.2,4.6,1.2,0,473859.6,1
24,242,89,5,1,2,24,13,6.5,10,11,11.5,5,0,1785893,0
24,243,57,5.5,3,4,8,7,1.5,9,7,4,7,1,1062159.6,0
24,244,61,5,7,4,10,9,3,4,10,4,5,0,1214622.1,0
24,245,1,0,0.1,0.1,0.1,0.3,0,0.1,0.1,0.1,0.1,0,23070.2,1
24,246,8,0.3,0.9,0.4,1,2.1,0.1,1.1,0.9,0.7,0.5,0,184561.4,1
24,247,8,0.2,0.9,0.5,1.1,1.8,0.2,1,0.6,0.7,0.4,0.6,185575.8,1
24,251,3,0.1,0.3,0.2,0.4,0.7,0.1,0.4,0.2,0.3,0.1,0.2,69590.9,1
25,0,7,0.5,0.2,0.3,1.2,1.5,0.3,1.2,0.5,0.7,0.2,0.4,172587.1,1
25,9,4,0.3,0.4,0.1,0.8,0.8,0.1,0.5,0.6,0.2,0.1,0.1,81166,1
25,14,10,0.6,0.6,0.4,1,3,0,1.8,2.2,0.2,0,0.2,245018.4,1
25,15,3,0.2,0.2,0.1,0.3,0.9,0,0.5,0.6,0.1,0,0.1,73505.5,1
25,16,6,0.4,0.4,0.2,0.6,1.8,0,1.1,1.3,0.1,0,0.1,147011,1
25,20,4,0.3,0.4,0.3,1,0.9,0.1,0.5,0.3,0.1,0,0.1,80449.4,1
25,45,44,0,1,2,6,9,2,12,6,4,1,1,1170921.7,0
25,46,82,3,5,9,16,14,0,13,11,3,8,0,1826273.1,0
25,47,100.5,4,5.5,4,15,15,1,5,16,6,29,0,1882234.7,0
25,48,27,2,3,3,3,8,0,3,3,1,1,0,548425.1,0
25,49,9,0.3,0.4,0.6,1.9,1.7,0.3,1,1,1.2,0.3,0.3,195029.8,1
25,51,2,0.1,0.1,0.1,0.4,0.4,0,0.2,0.2,0.3,0.1,0.1,43339.9,1
25,52,4,0.4,0.3,0,1.2,0.2,0.2,0.6,0.5,0.4,0.1,0.1,92917.9,1
25,64,6,0.6,0.6,0,0.7,1.1,0.4,0.7,0.7,0.6,0.6,0,118719.4,1
25,86,7,0,0.6,0,1,1.5,0.4,1.3,1.2,1,0,0,131321,1
25,87,4,0.2,0.7,0.3,0.6,0.8,0.2,0.5,0.4,0.2,0,0.1,74540.5,1
25,93,4,0.2,0.6,0.5,0.9,0.7,0.2,0.2,0.3,0.1,0.2,0.1,89718.2,1
25,99,4,0.2,0.6,0.5,0.9,0.7,0.2,0.2,0.3,0.1,0.2,0.1,89718.2,1
25,100,3,0.1,0.5,0.4,0.7,0.5,0.1,0.2,0.2,0.1,0.1,0.1,67288.6,1
25,101,2,0.1,0.3,0.3,0.5,0.4,0.1,0.1,0.1,0,0.1,0,44859.1,1
25,102,3,0,0.4,0.6,0.1,0.9,0,0.2,0.6,0.1,0.1,0,58926.6,1
25,110,5,0.3,0.3,0.3,1.1,0.6,0.2,1,0.4,0.4,0.4,0,97739.6,1
25,111,1,0,0.1,0.1,0.2,0.1,0,0.2,0.1,0.1,0.1,0,19547.9,1
25,117,4,0,0.4,0.5,0.4,1.1,0,0.1,0.5,0.4,0.2,0.4,78898.9,1
25,118,7,0,0.6,0.9,0.7,2,0,0.2,0.9,0.6,0.4,0.7,138073,1
25,120,1,0,0.1,0.1,0.1,0.3,0,0,0.1,0.1,0.1,0.1,19724.7,1
25,129,4,0.2,0.6,0,1,0.7,0.4,0.3,0.1,0.6,0.1,0,75219.1,1
25,136,5,0.2,0.4,0.5,1,1,0.1,0.5,0.6,0.4,0.2,0.1,107110.3,1
25,137,3,0.1,0.2,0.3,0.6,0.6,0.1,0.3,0.4,0.2,0.1,0.1,64266.2,1
25,138,4,0.2,0.3,0.4,0.8,0.8,0.1,0.4,0.4,0.3,0.2,0.1,85688.3,1
25,148,2,0.2,0.2,0,0.4,0.4,0,0.1,0.3,0.2,0.1,0.1,34394.2,1
25,149,4,0.4,0.4,0.1,0.8,0.7,0.1,0.2,0.5,0.3,0.2,0.3,68788.5,1
25,156,4,0,0.2,0.6,0.4,1,0,0.9,0.6,0,0.3,0,100384.2,1
25,164,2,0.1,0.4,0,0.4,0.4,0,0.2,0.1,0.2,0.2,0,40214.7,1
25,166,11,0.6,2,0,2,2.4,0,1.2,0.8,1.2,0.8,0,221181.1,1
25,167,2,0.1,0.1,0.1,0.6,0.3,0.2,0.2,0.2,0.2,0,0,39046.5,1
25,171,4,0.2,0.3,0.2,1.2,0.5,0.3,0.4,0.4,0.3,0.1,0.1,78092.9,1
25,174,2,0.1,0.2,0.1,0.2,0.6,0,0.2,0.3,0.2,0,0.1,43065.4,1
25,193,2,0.3,0.1,0,0.5,0.3,0.1,0.3,0.2,0.1,0.1,0,43374.3,1
25,200,3,0.4,0.1,0.1,0.7,0.5,0.1,0.4,0.3,0.2,0.2,0,65061.4,1
25,205,2,0.1,0.3,0.1,0.2,0.5,0,0.2,0.2,0.3,0.1,0,39068.7,1
25,208,4,0.1,0.8,0.4,0.4,1.2,0,0.4,0.1,0.4,0.2,0,85066.1,1
25,209,3,0.1,0.6,0.3,0.3,0.9,0,0.3,0.1,0.3,0.1,0,63799.6,1
25,211,55,5,4,2,15,11,5,5,2,4,1,1,1024621.2,0
25,212,62,2,9,3,15,15,2,2,2,12,0,0,1208351,0
25,213,13.5,0.3,3,0.3,1.8,4.6,0,0.3,1.4,1.4,0,0.4,261214.7,1
25,214,7,0.2,1.5,0.2,0.9,2.4,0,0.2,0.7,0.7,0,0.2,135444.7,1
25,222,9,0.7,1.2,1,1.8,1.6,0.5,0.7,0.3,0.9,0,0.3,178884.9,1
25,228,7,0.7,0.7,0.3,1.7,1.1,0.4,0.7,0.6,0.6,0.2,0,143668.6,1
25,229,23,0,0,1,2,4,1,6,3,3,3,0,448495.4,0
25,230,22,2.2,2.2,1,5.3,3.4,1.4,2.1,1.8,1.8,0.6,0.2,451529.8,1
25,237,4,0.1,0.7,0,0.7,0.8,0.1,0.3,0.4,0.7,0.2,0,75817.5,1
25,241,14,0.2,2.6,0,2.4,2.9,0.4,1,1.2,2.6,0.7,0,265361.4,1
25,242,21.5,0.9,2.4,1.2,2.7,5.6,0.1,2.9,2.4,1.8,1.5,0,496008.7,1
25,243,49,6,3,2,11,10,2,3,9,2,1,0,1078152.3,0
25,245,3,0.1,0.3,0.2,0.4,0.8,0,0.4,0.3,0.3,0.2,0,69210.5,1
25,246,3,0.1,0.3,0.2,0.4,0.8,0,0.4,0.3,0.3,0.2,0,69210.5,1
25,247,2,0.1,0.2,0.1,0.3,0.5,0.1,0.2,0.1,0.2,0.1,0.1,46393.9,1
26,6,2,0.2,0.2,0,0.4,0.4,0,0.3,0.3,0.1,0,0.1,40583,1
26,7,1,0.1,0.1,0,0.2,0.2,0,0.1,0.2,0.1,0,0,20291.5,1
26,14,3,0.2,0.2,0.1,0.3,0.9,0,0.5,0.6,0.1,0,0.1,73505.5,1
26,25,5,0.6,0.5,0.1,1.3,0.7,0.1,0.8,0.4,0.4,0,0.1,101938.5,1
26,29,4,0.5,0.4,0.1,1,0.6,0.1,0.6,0.3,0.3,0,0.1,81550.8,1
26,31,3,0.3,0.3,0.1,0.8,0.4,0.1,0.5,0.2,0.2,0,0.1,61163.1,1
26,44,41,0,8,1,7,12,1,4,0,5,2,1,904829.8,0
26,45,62,2,14,4,7,17,3,6,3,6,0,0,1213740.2,0
26,46,56,2,3.5,1,15,6,2,10,5,4.5,5,2,1245334,0
26,47,38,6,1,0,13,4,4,2,4,3,1,0,915568.5,0
26,48,7,0.2,0.3,0.4,1.5,1.3,0.2,0.8,0.8,1,0.3,0.2,151689.8,1
26,51,1,0,0.1,0.1,0.2,0.2,0,0.1,0.1,0.2,0,0,21670,1
26,52,2,0.2,0.2,0,0.6,0.1,0.1,0.3,0.3,0.2,0,0,46459,1
26,59,6,0.6,0.5,0,1.7,0.3,0.3,0.9,0.8,0.6,0.1,0.2,139376.9,1
26,62,5,0.5,0.5,0,0.6,0.9,0.3,0.6,0.6,0.5,0.5,0,98932.9,1
26,63,2,0.2,0.2,0,0.2,0.4,0.1,0.2,0.3,0.2,0.2,0,39573.1,1
26,64,12,1.1,1.1,0,1.5,2.3,0.8,1.5,1.5,1.1,1.1,0,237438.9,1
26,82,2,0,0.2,0,0.3,0.4,0.1,0.4,0.3,0.3,0,0,37520.3,1
26,84,2,0,0.2,0,0.3,0.4,0.1,0.4,0.3,0.3,0,0,37520.3,1
26,85,5,0,0.4,0,0.7,1.1,0.3,1,0.8,0.7,0,0,93800.7,1
26,90,5,0.2,0.8,0.4,0.8,1,0.3,0.7,0.5,0.2,0,0.1,93175.7,1
26,101,5,0.2,0.8,0.6,1.2,0.9,0.2,0.3,0.4,0.1,0.2,0.1,112147.7,1
26,102,1,0,0.2,0.2,0,0.3,0,0.1,0.2,0,0,0,19642.2,1
26,103,2,0,0.3,0.3,0.1,0.6,0,0.1,0.4,0.1,0.1,0,39284.4,1
26,110,1,0,0.1,0.1,0.2,0.1,0,0.2,0.1,0.1,0.1,0,19547.9,1
26,120,1,0,0.1,0.1,0.1,0.3,0,0,0.1,0.1,0.1,0.1,19724.7,1
26,123,24,1.3,3.3,0,6.2,4.1,2.1,1.7,0.8,3.7,0.8,0,451314.6,1
26,134,3,0.1,0.2,0.3,0.6,0.6,0.1,0.3,0.4,0.2,0.1,0.1,64266.2,1
26,135,2,0.1,0.2,0.2,0.4,0.4,0,0.2,0.2,0.2,0.1,0,42844.1,1
26,136,5,0.2,0.4,0.5,1,1,0.1,0.5,0.6,0.4,0.2,0.1,107110.3,1
26,137,25,1.1,1.8,2.7,4.9,5.1,0.4,2.7,2.8,2,1.1,0.4,535551.6,1
26,148,5,0.5,0.5,0.1,1.1,0.9,0.1,0.3,0.6,0.4,0.2,0.3,85985.6,1
26,153,2,0,0.1,0.3,0.2,0.5,0,0.5,0.3,0,0.1,0,50192.1,1
26,163,1,0,0.2,0,0.2,0.2,0,0.1,0.1,0.1,0.1,0,20107.4,1
26,164,29,0,2,5,2,6,0,9,4,1,0,0,600074.9,0
26,171,8,0.4,0.6,0.3,2.3,1.1,0.7,0.7,0.9,0.7,0.1,0.2,156185.8,1
26,178,8,0.1,0.7,0.9,1.6,2.4,0.5,0.8,0.5,0.5,0,0,175716.7,1
26,187,11,0.8,1.1,0.6,2.7,1.4,0.4,1.9,1,0.3,0.8,0,230869.6,1
26,191,1,0.1,0.1,0.1,0.2,0.1,0,0.2,0.1,0,0.1,0,20988.1,1
26,195,8.5,1.1,0.3,0.2,2,1.5,0.4,1.3,0.7,0.5,0.5,0,184340.6,1
26,199,5,0.6,0.2,0.1,1.2,0.9,0.2,0.8,0.4,0.3,0.3,0,108435.6,1
26,203,8,0.4,1.3,0.4,0.9,1.9,0.1,0.5,0.9,1,0.5,0.1,156274.8,1
26,204,7,0.3,1.1,0.3,0.8,1.7,0.1,0.5,0.8,0.9,0.4,0.1,136740.4,1
26,205,2,0.1,0.3,0.1,0.2,0.5,0,0.2,0.2,0.3,0.1,0,39068.7,1
26,211,5,0.2,1,0.5,0.4,1.5,0,0.5,0.2,0.5,0.2,0,106332.6,1
26,212,24,1,1,0,7,2,0,2,5,4,2,0,498648.1,0
26,213,52,2,6,5,3,14,1,7,5,5,2,2,1071250.6,0
26,214,26,1,0,0,4,2,0,3,9,2,5,0,510390,0
26,228,6,0.6,0.6,0.3,1.4,0.9,0.4,0.6,0.5,0.5,0.2,0,123144.5,1
26,229,2,0.2,0.2,0.1,0.5,0.3,0.1,0.2,0.2,0.2,0,0,41048.2,1
26,230,7,0.7,0.7,0.3,1.7,1.1,0.4,0.7,0.6,0.6,0.2,0,143668.6,1
26,232,14,0.9,1.6,0.9,1.6,3.4,0,2.2,3.1,0,0.3,0,301161.2,1
26,238,1,0,0.2,0,0.2,0.2,0,0.1,0.1,0.2,0,0,18954.4,1
26,243,7,0.3,0.8,0.4,0.9,1.8,0,0.9,0.8,0.6,0.5,0,161491.2,1
26,244,12,0.5,1.3,0.7,1.5,3.1,0.1,1.7,1.3,1,0.8,0,276842.1,1
27,1,4,0.3,0.1,0.2,0.7,0.8,0.2,0.7,0.3,0.4,0.1,0.2,98621.2,1
27,3,1,0.1,0.1,0,0.2,0.2,0,0.1,0.2,0.1,0,0,20291.5,1
27,15,1,0.1,0.1,0.1,0.3,0.2,0,0.1,0.1,0,0,0,20112.4,1
27,20,7,0.4,0.8,0.6,1.8,1.6,0.2,0.8,0.5,0.2,0,0.1,140786.5,1
27,21,8,0.5,0.9,0.6,2.1,1.8,0.3,0.9,0.5,0.3,0,0.1,160898.9,1
27,29,6,0.7,0.6,0.1,1.6,0.9,0.1,1,0.4,0.4,0,0.2,122326.1,1
27,36,1,0,0.2,0.1,0.1,0.2,0,0.2,0.1,0.1,0,0,20604,1
27,42,9,0.8,0.5,0.3,1.9,1.8,0.1,1.1,0.9,1.1,0.5,0,201644.7,1
27,43,2,0.2,0.1,0.1,0.4,0.4,0,0.3,0.2,0.2,0.1,0,44809.9,1
27,45,11,1,0.6,0.4,2.3,2.2,0.1,1.4,1.1,1.3,0.6,0,246454.6,1
27,46,102,8,2,1,37,13,6,5,12,13,5,0,2172233.7,0
27,47,37,2.7,4.8,0.7,14.4,6.8,2.1,1.4,0.7,3.4,0,0,867176.2,1
27,64,4,0.3,0.5,0.2,0.8,0.5,0.1,0.6,0.5,0.2,0.2,0.1,84960.2,1
27,72,5,0,0.4,0.3,0.9,1,0.1,0.6,1.3,0.3,0.1,0,86406.8,1
27,74,4,0,0.3,0.2,0.7,0.8,0.1,0.5,1.1,0.2,0.1,0,69125.5,1
27,75,2,0,0.2,0.1,0.4,0.4,0,0.2,0.5,0.1,0.1,0,34562.7,1
27,76,6,0,0.5,0.4,1.1,1.2,0.1,0.7,1.6,0.3,0.1,0,103688.2,1
27,84,9,0.3,1.6,0.7,1.4,1.9,0.5,1.2,0.9,0.3,0,0.2,167716.2,1
27,85,2,0.1,0.3,0.2,0.3,0.4,0.1,0.3,0.2,0.1,0,0,37270.3,1
27,88,2,0.1,0.3,0.2,0.3,0.4,0.1,0.3,0.2,0.1,0,0,37270.3,1
27,96,5,0.2,0.8,0.6,1.2,0.9,0.2,0.3,0.4,0.1,0.2,0.1,112147.7,1
27,101,6,0.2,0.9,0.8,1.4,1.1,0.2,0.3,0.5,0.2,0.2,0.2,134577.3,1
27,112,4,0.1,0.4,0.2,0.9,1,0.1,0.2,0.7,0.4,0,0,83671.7,1
27,116,9,0.3,0.8,0.5,1.9,2.2,0.3,0.6,1.6,0.8,0,0,188261.3,1
27,122,6,0,0.9,0.2,1,1.1,0.1,1.1,1,0.4,0,0.2,116374.5,1
27,123,7,0,1,0.2,1.1,1.3,0.2,1.3,1.2,0.5,0,0.2,135770.2,1
27,129,1,0.1,0.1,0.1,0.3,0.3,0,0,0,0.1,0,0,23866.5,1
27,130,2,0.2,0.2,0.1,0.6,0.5,0,0,0.1,0.2,0,0.1,47733,1
27,131,10,1.1,1.1,0.6,2.8,2.6,0.3,0,0.3,0.9,0,0.3,238664.9,1
27,133,26,1.9,3.4,1,6.2,4.8,1.4,1,3.5,0.7,1.7,0.4,515933.6,1
27,134,22,1.6,2.9,0.9,5.2,4.1,1.2,0.9,2.9,0.6,1.4,0.3,436559.2,1
27,136,13,1,1.7,0.5,3.1,2.4,0.7,0.5,1.7,0.3,0.9,0.2,257966.8,1
27,137,23,1.4,2.3,1.6,5.7,4.4,0.5,2.5,1.1,2.1,1.1,0.3,491103.7,1
27,162,7,0.4,0.5,0.5,1,1.8,0,0.1,0.9,1,0.7,0.1,144714.7,1
27,163,38,1,1,2,3,10,1,6,7,2,4,1,868647.4,0
27,164,34,1,3,0,5,9,0,9,3,2,1,1,785547.2,0
27,171,4,0.2,0.3,0.2,1.2,0.5,0.3,0.4,0.4,0.3,0.1,0.1,78092.9,1
27,172,4,0.2,0.3,0.2,0.3,1.1,0.1,0.4,0.7,0.4,0.1,0.2,86130.8,1
27,174,4,0.2,0.3,0.2,0.3,1.1,0.1,0.4,0.7,0.4,0.1,0.2,86130.8,1
27,175,12,0.5,1,0.5,1,3.3,0.3,1.3,2,1.3,0.3,0.5,258392.3,1
27,188,5,0.4,0.5,0.3,1.2,0.6,0.2,0.8,0.5,0.1,0.4,0,104940.7,1
27,195,2,0.3,0.1,0,0.5,0.3,0.1,0.3,0.2,0.1,0.1,0,43374.3,1
27,196,2,0.3,0.1,0,0.5,0.3,0.1,0.3,0.2,0.1,0.1,0,43374.3,1
27,204,7,0.3,1.1,0.3,0.8,1.7,0.1,0.5,0.8,0.9,0.4,0.1,136740.4,1
27,205,2,0.1,0.3,0.1,0.2,0.5,0,0.2,0.2,0.3,0.1,0,39068.7,1
27,211,27,1.2,4.4,1.2,3.1,6.5,0.3,1.9,3.1,3.4,1.6,0.3,527427.3,1
27,212,73.5,2,15.5,1,13,20,3,5,3,8,3,0,1402318.9,0
27,213,84,4,11.5,10,14,19,2,4,11,7.5,1,0,1377557.7,0
27,214,42.5,3,2.5,3,9,9,1.5,4,5,3.5,1,1,866890.2,0
27,228,11,0.9,1.4,1.3,2.2,2,0.5,0.9,0.3,1.1,0,0.4,218637.2,1
27,231,11,0.9,1.4,1.3,2.2,2,0.5,0.9,0.3,1.1,0,0.4,218637.2,1
27,232,5,0.4,0.9,0,1.3,0.9,0.3,0.3,0.3,0.6,0,0,101966.5,1
27,245,5,0.1,0.5,0.3,0.7,1.1,0.2,0.6,0.4,0.5,0.2,0.4,115984.9,1
27,250,4,0,0.3,0.4,0.4,1.2,0,0.2,0.3,0.6,0.2,0.4,64152.5,1
27,251,27,5,0,0,6,1,2,6,4,0,3,0,641281.3,0
27,252,20,2.3,1.8,0.9,6.2,2.9,1.2,0.6,0.9,2.3,0,0.9,433105.8,1
27,253,13,1.5,1.1,0.6,4,1.9,0.8,0.4,0.6,1.5,0,0.6,281518.8,1
28,3,6,0.5,0.5,0.1,1.2,1.2,0.1,0.8,1,0.3,0.1,0.2,121749,1
28,15,8,0.5,0.9,0.6,2.1,1.8,0.3,0.9,0.5,0.3,0,0.1,160898.9,1
28,16,3,0.2,0.3,0.2,0.8,0.7,0.1,0.3,0.2,0.1,0,0.1,60337.1,1
28,33,5,0,0.7,0.3,0.6,1,0.1,0.8,0.6,0.5,0.2,0.2,103020.2,1
28,35,2,0,0.3,0.1,0.2,0.4,0.1,0.3,0.2,0.2,0.1,0.1,41208.1,1
28,39,9,0,1.2,0.5,1.1,1.8,0.2,1.4,1.1,0.9,0.4,0.4,185436.3,1
28,42,2,0.2,0.1,0.1,0.4,0.4,0,0.3,0.2,0.2,0.1,0,44809.9,1
28,45,8,0.7,0.4,0.3,1.7,1.6,0.1,1,0.8,1,0.4,0,179239.7,1
28,46,25,2.2,1.4,0.8,5.3,5,0.3,3.1,2.5,3,1.4,0,560124,1
28,50,2,0.1,0.3,0,0.8,0.4,0.1,0.1,0,0.2,0,0,46874.4,1
28,69,10,0.8,1.1,0.4,2.1,1.1,0.4,1.5,1.2,0.6,0.6,0.2,212400.5,1
28,75,14,0,1.1,0.8,2.5,2.8,0.3,1.7,3.7,0.8,0.3,0,241939.1,1
28,81,2,0.3,0,0.1,0.8,0.3,0.3,0.1,0,0,0.1,0,47525.5,1
28,88,2,0.1,0.3,0.2,0.3,0.4,0.1,0.3,0.2,0.1,0,0,37270.3,1
28,96,6,0.2,0.9,0.8,1.4,1.1,0.2,0.3,0.5,0.2,0.2,0.2,134577.3,1
28,105,10,0.6,0.6,0.6,2.2,1.2,0.4,2,0.8,0.8,0.8,0,195479.2,1
28,111,2,0.1,0.1,0.1,0.4,0.2,0.1,0.4,0.2,0.2,0.2,0,39095.8,1
28,112,2,0,0.2,0.1,0.4,0.5,0.1,0.1,0.4,0.2,0,0,41835.9,1
28,115,1,0,0.1,0.1,0.2,0.2,0,0.1,0.2,0.1,0,0,20917.9,1
28,119,8,0,0.7,1,0.7,2.3,0,0.3,1,0.7,0.5,0.8,157797.7,1
28,123,3,0,0.4,0.1,0.5,0.5,0.1,0.6,0.5,0.2,0,0.1,58187.2,1
28,124,4,0,0.6,0.1,0.7,0.7,0.1,0.7,0.7,0.3,0,0.1,77583,1
28,126,1,0,0.1,0,0.2,0.2,0,0.2,0.2,0.1,0,0,19395.7,1
28,129,6,0.7,0.7,0.3,1.7,1.5,0.2,0,0.2,0.5,0,0.2,143198.9,1
28,130,7,0.8,0.8,0.4,2,1.8,0.2,0,0.2,0.6,0,0.2,167065.4,1
28,133,2,0.1,0.3,0.1,0.5,0.4,0.1,0.1,0.3,0,0.1,0,39687.2,1
28,134,6.5,0.5,0.9,0.2,1.5,1.2,0.3,0.3,0.9,0.2,0.4,0.1,128983.4,1
28,135,41,0,4,1,5,8,0,17,2,3,1,0,890484.1,0
28,136,84,5,4,3,10,11,1,35,7,1,3,4,1641935.2,0
28,137,53,3,2,1,16,9,5,7,1,9,0,0,1134172,0
28,138,1,0.1,0.1,0.1,0.3,0.2,0,0.1,0,0.1,0,0,21352.3,1
28,143,5,0.5,0.5,0.1,1.1,0.9,0.1,0.3,0.6,0.4,0.2,0.3,85985.6,1
28,144,4,0.4,0.4,0.1,0.8,0.7,0.1,0.2,0.5,0.3,0.2,0.3,68788.5,1
28,149,3,0.3,0.3,0.1,0.6,0.5,0.1,0.2,0.4,0.2,0.1,0.2,51591.3,1
28,152,2,0.1,0.3,0,0.5,0.3,0.1,0.3,0.2,0.1,0,0.1,42867.3,1
28,153,4,0.2,0.5,0,0.9,0.7,0.2,0.6,0.4,0.3,0.1,0.1,85734.6,1
28,155,60,3,6,0,8,18,2,9,9,4,0,1,1031397.5,0
28,156,71.5,4,6,2,10,9,0,16,16,3.5,2,3,1154119,0
28,158,2,0.1,0.1,0,0.5,0.2,0.1,0.2,0.5,0.1,0.2,0,47223.7,1
28,162,14,0.7,1,1,2,3.7,0,0.2,1.7,2,1.5,0.2,289429.4,1
28,163,31,1,2,0,2,5,0,8,9,3,0,1,545900.9,0
28,164,8,0.4,0.6,0.6,1.1,2.1,0,0.1,1,1.1,0.9,0.1,165388.2,1
28,180,2,0.1,0.2,0.1,0.2,0.6,0,0.2,0.3,0.2,0,0.1,43065.4,1
28,182,2,0.1,0.2,0.1,0.5,0.3,0.1,0.3,0.2,0.1,0.1,0,41976.3,1
28,183,9,0.7,0.9,0.5,2.2,1.2,0.3,1.5,0.8,0.2,0.7,0,188893.3,1
28,189,6,0.4,0.6,0.3,1.4,0.8,0.2,1,0.6,0.2,0.5,0,125928.9,1
28,192,2,0.3,0.1,0,0.5,0.3,0.1,0.3,0.2,0.1,0.1,0,43374.3,1
28,195,3,0.4,0.1,0.1,0.7,0.5,0.1,0.4,0.3,0.2,0.2,0,65061.4,1
28,199,3,0.2,0.2,0.2,0.5,0.5,0.1,0.5,0.5,0.2,0.1,0,66659.9,1
28,200,10,0.7,0.8,0.5,1.8,1.5,0.3,1.6,1.6,0.8,0.3,0.1,222199.7,1
28,201,5,0.3,0.4,0.3,0.9,0.8,0.2,0.8,0.8,0.4,0.1,0,111099.8,1
28,202,2,0.1,0.3,0.1,0.2,0.5,0,0.2,0.2,0.3,0.1,0,39068.7,1
28,204,2,0.1,0.3,0.1,0.2,0.5,0,0.2,0.2,0.3,0.1,0,39068.7,1
28,212,71,8,8.5,4,21,9,4,3,3,9.5,1,0,1194497.4,0
28,213,82,6,4,1,26,10,3,7,16,9,0,0,1538556.2,0
28,214,15,0,2.8,0,0.9,4.4,0.6,1.9,2.2,1.6,0.6,0,307515.5,1
28,231,7,0.6,0.9,0.8,1.4,1.3,0.3,0.6,0.2,0.7,0,0.2,139132.7,1
28,234,14,1.1,2.4,0,3.6,2.7,0.9,0.9,0.9,1.5,0,0,285506.3,1
28,239,10,0.3,1.3,0.2,1.9,1.8,0.5,2.2,0.2,1.2,0.3,0.1,230182.4,1
28,240,15,0.5,1.9,0.2,2.9,2.8,0.7,3.3,0.4,1.8,0.4,0.1,345273.6,1
28,245,4,0.1,0.4,0.2,0.6,0.9,0.1,0.5,0.3,0.4,0.2,0.3,92787.9,1
28,253,35,4.1,3.1,1.5,10.8,5.2,2.1,1,1.5,4.1,0,1.6,757935.1,1
29,3,2,0.2,0.2,0,0.4,0.4,0,0.3,0.3,0.1,0,0.1,40583,1
29,37,8,0,1.1,0.5,0.9,1.6,0.2,1.3,1,0.8,0.3,0.3,164832.3,1
29,44,26,2.3,1.4,0.9,5.5,5.2,0.3,3.2,2.6,3.2,1.4,0,582529,1
29,45,2,0.2,0.1,0.1,0.4,0.4,0,0.3,0.2,0.2,0.1,0,44809.9,1
29,49,1,0.1,0.1,0,0.4,0.2,0.1,0,0,0.1,0,0,23437.2,1
29,57,5,0.1,0.3,0.3,1.2,1,0.3,0,0.7,0.9,0.2,0,111267.2,1
29,65,2,0.2,0.2,0.1,0.4,0.2,0.1,0.3,0.2,0.1,0.1,0.1,42480.1,1
29,69,3,0.2,0.3,0.1,0.6,0.3,0.1,0.5,0.4,0.2,0.2,0.1,63720.2,1
29,70,5,0.4,0.6,0.2,1,0.6,0.2,0.7,0.6,0.3,0.3,0.1,106200.3,1
29,74,3,0,0.2,0.2,0.5,0.6,0.1,0.3,0.8,0.2,0.1,0,51844.1,1
29,93,6,0.2,0.9,0.8,1.4,1.1,0.2,0.3,0.5,0.2,0.2,0.2,134577.3,1
29,96,5,0.2,0.8,0.6,1.2,0.9,0.2,0.3,0.4,0.1,0.2,0.1,112147.7,1
29,111,2,0.1,0.1,0.1,0.4,0.2,0.1,0.4,0.2,0.2,0.2,0,39095.8,1
29,115,1,0,0.1,0.1,0.2,0.2,0,0.1,0.2,0.1,0,0,20917.9,1
29,116,5,0.1,0.5,0.3,1.1,1.2,0.1,0.3,0.9,0.5,0,0,104589.6,1
29,120,1,0,0.1,0.1,0.1,0.3,0,0,0.1,0.1,0.1,0.1,19724.7,1
29,125,3,0,0.4,0.1,0.5,0.5,0.1,0.6,0.5,0.2,0,0.1,58187.2,1
29,126,4,0,0.6,0.1,0.7,0.7,0.1,0.7,0.7,0.3,0,0.1,77583,1
29,127,4,0.5,0.5,0.2,1.1,1,0.1,0,0.1,0.4,0,0.1,95465.9,1
29,135,82,0.5,4,5,11,24,0.5,16,7,5,4,5,1515207.8,0
29,136,114,8,6,9,28,19,1.5,12,9,12.5,8,1,2108106.2,0
29,137,105,7,16,3,23,20,1,9,8,10,8,0,1930512.9,0
29,138,47,2,6,1,12,12,3,0,0,10,0,1,932761.1,0
29,149,5,0.5,0.5,0.1,1.1,0.9,0.1,0.3,0.6,0.4,0.2,0.3,85985.6,1
29,152,4,0.2,0.5,0,0.9,0.7,0.2,0.6,0.4,0.3,0.1,0.1,85734.6,1
29,153,2,0.1,0.3,0,0.5,0.3,0.1,0.3,0.2,0.1,0,0.1,42867.3,1
29,155,60.5,2,2.5,1,5,8,1,12,19,1,8,1,1218308.5,0
29,156,87,4,5,1,14,12,3,13,21,6,8,0,1709736,0
29,157,41,3,1,5,6,8,1,3,5,5,3,1,869244.3,0
29,158,5,0.2,0.3,0.1,1.2,0.6,0.1,0.5,1.2,0.3,0.5,0,118059.2,1
29,159,21,0.8,1.1,0.3,5.1,2.6,0.6,2,5.1,1.4,2,0,495848.7,1
29,162,11,0.6,0.8,0.8,1.5,2.9,0,0.2,1.3,1.5,1.2,0.2,227408.8,1
29,163,3,0.2,0.2,0.2,0.4,0.8,0,0,0.4,0.4,0.3,0.1,62020.6,1
29,174,6,0.3,0.5,0.3,0.5,1.7,0.1,0.6,1,0.6,0.1,0.3,129196.1,1
29,182,7,0.5,0.7,0.4,1.7,0.9,0.3,1.2,0.6,0.2,0.5,0,146917,1
29,189,8,0.6,0.8,0.5,1.9,1,0.3,1.3,0.8,0.2,0.6,0,167905.2,1
29,199,11,0.8,0.8,0.6,2,1.7,0.4,1.7,1.7,0.9,0.3,0.1,244419.6,1
29,200,20,1.4,1.5,1,3.6,3,0.7,3.2,3.2,1.7,0.6,0.1,444399.3,1
29,202,8,0.4,1.3,0.4,0.9,1.9,0.1,0.5,0.9,1,0.5,0.1,156274.8,1
29,212,13,0,2.4,0,0.8,3.8,0.5,1.6,1.9,1.4,0.6,0,266513.4,1
29,213,47.5,1,0.5,7,6,12,1,8,9,1,2,0,1005132.5,0
29,214,40,1,1,6,8,8,2,5,3,5,1,0,880814.3,0
29,216,1,0,0.2,0,0.1,0.3,0,0.1,0.2,0.1,0,0,20501,1
29,218,2,0,0.4,0,0.3,0.7,0,0.1,0.2,0.2,0,0.1,38698.5,1
29,229,5,0.4,0.6,0.6,1,0.9,0.2,0.4,0.2,0.5,0,0.2,99380.5,1
29,234,12,0.9,2.1,0,3,2.3,0.8,0.8,0.8,1.3,0,0,244719.7,1
29,237,6,0.2,0.8,0.1,1.2,1.1,0.3,1.3,0.1,0.7,0.2,0,138109.4,1
29,239,31,1,3.9,0.5,6,5.7,1.6,6.8,0.8,3.6,0.8,0.3,713565.4,1
29,240,3,0.1,0.4,0,0.6,0.6,0.1,0.7,0.1,0.3,0.1,0,69054.7,1
29,241,1,0.1,0.1,0,0.2,0.2,0.1,0.2,0,0.1,0,0,23018.2,1
29,242,4,0.1,0.4,0.2,0.6,0.9,0.1,0.5,0.3,0.4,0.2,0.3,92787.9,1
29,249,4,0,0.3,0.4,0.4,1.2,0,0.2,0.3,0.6,0.2,0.4,64152.5,1
30,9,2,0.2,0.2,0,0.4,0.4,0,0.3,0.3,0.1,0,0.1,40583,1
30,10,8,0.7,0.7,0.2,1.6,1.6,0.2,1.1,1.2,0.3,0.2,0.2,162332,1
30,11,5,0.4,0.5,0.1,1,1,0.1,0.7,0.8,0.2,0.1,0.1,101457.5,1
30,12,3,0.2,0.3,0.2,0.8,0.7,0.1,0.3,0.2,0.1,0,0.1,60337.1,1
30,13,4,0.3,0.4,0.3,1,0.9,0.1,0.5,0.3,0.1,0,0.1,80449.4,1
30,19,1,0.1,0.1,0.1,0.3,0.2,0,0.1,0.1,0,0,0,20112.4,1
30,21,4,0.3,0.4,0.3,1,0.9,0.1,0.5,0.3,0.1,0,0.1,80449.4,1
30,33,5,0,0.7,0.3,0.6,1,0.1,0.8,0.6,0.5,0.2,0.2,103020.2,1
30,46,4,0.4,0.2,0.1,0.9,0.8,0,0.5,0.4,0.5,0.2,0,89619.8,1
30,53,2,0.2,0.2,0,0.6,0.1,0.1,0.3,0.3,0.2,0,0,46459,1
30,57,21,0.6,1.2,1.3,5,4.3,1.2,0,3.1,3.7,0.6,0,467322.2,1
30,58,2,0.1,0.1,0.1,0.5,0.4,0.1,0,0.3,0.3,0.1,0,44506.9,1
30,61,2,0.1,0.1,0.1,0.5,0.4,0.1,0,0.3,0.3,0.1,0,44506.9,1
30,62,10,0.8,1.1,0.4,2.1,1.1,0.4,1.5,1.2,0.6,0.6,0.2,212400.5,1
30,70,4,0.3,0.5,0.2,0.8,0.5,0.1,0.6,0.5,0.2,0.2,0.1,84960.2,1
30,76,2,0,0.2,0.1,0.4,0.4,0,0.2,0.5,0.1,0.1,0,34562.7,1
30,79,7,1,0,0.2,2.7,1.3,1,0.3,0,0,0.5,0,166339.4,1
30,80,3,0.4,0,0.1,1.2,0.6,0.4,0.1,0,0,0.2,0,71288.3,1
30,83,6,0.2,1,0.5,0.9,1.3,0.4,0.8,0.6,0.2,0,0.1,111810.8,1
30,87,5,0.2,0.8,0.4,0.8,1,0.3,0.7,0.5,0.2,0,0.1,93175.7,1
30,88,7,0.3,1.2,0.5,1.1,1.5,0.4,0.9,0.7,0.3,0,0.1,130445.9,1
30,94,5,0.2,0.8,0.6,1.2,0.9,0.2,0.3,0.4,0.1,0.2,0.1,112147.7,1
30,98,2,0.1,0.3,0.3,0.5,0.4,0.1,0.1,0.1,0,0.1,0,44859.1,1
30,107,3,0.2,0.2,0.2,0.7,0.4,0.1,0.6,0.2,0.2,0.2,0,58643.8,1
30,110,5,0.3,0.3,0.3,1.1,0.6,0.2,1,0.4,0.4,0.4,0,97739.6,1
30,111,7,0.4,0.4,0.4,1.5,0.8,0.3,1.4,0.6,0.6,0.6,0,136835.5,1
30,113,2,0,0.2,0.1,0.4,0.5,0.1,0.1,0.4,0.2,0,0,41835.9,1
30,114,5,0.1,0.5,0.3,1.1,1.2,0.1,0.3,0.9,0.5,0,0,104589.6,1
30,117,3,0,0.3,0.3,0.3,0.8,0,0.1,0.4,0.3,0.2,0.3,59174.1,1
30,124,3,0,0.4,0.1,0.5,0.5,0.1,0.6,0.5,0.2,0,0.1,58187.2,1
30,135,26,0,3,1,2,7,1,3,7,0,1,1,421598.5,0
30,136,76,4,4,3,17,13,0,13,7,4,6,5,1441486.8,0
30,137,85,3,8,5,16,9,1,9,16,7,10,1,1584220.7,0
30,138,45,4,4,4,9,5,2,4,10,3,0,0,879941.9,0
30,139,17,1,1.7,1.2,4.3,3.3,0.4,1.8,0.8,1.5,0.8,0.2,362989.7,1
30,152,3,0.2,0.4,0,0.7,0.5,0.1,0.4,0.3,0.2,0.1,0.1,64301,1
30,153,20,1,2.7,0.2,4.5,3.5,0.9,3,2.1,1.2,0.4,0.5,428673.2,1
30,154,23,1.2,3.1,0.2,5.3,4,1,3.4,2.4,1.4,0.4,0.6,492974.2,1
30,155,19,1,2.6,0.2,4.3,3.3,0.8,2.8,2,1.2,0.3,0.5,407239.5,1
30,156,24,1,0,0,3,0,0,6,9,0,5,0,466768.3,0
30,157,51,2,8,0,10,13,0,2,3,2,9,2,1189592.1,0
30,158,30,5,0,6,3,4,0,2,3,3,4,0,427092,0
30,159,5,0.2,0.3,0.1,1.2,0.6,0.1,0.5,1.2,0.3,0.5,0,118059.2,1
30,160,27,3,0,0,7,0,2,5,3,2,5,0,539736.8,0
30,161,20,0.8,1.1,0.3,4.9,2.4,0.5,1.9,4.9,1.3,1.9,0,472236.9,1
30,162,7,0.4,0.5,0.5,1,1.8,0,0.1,0.9,1,0.7,0.1,144714.7,1
30,167,11,0.5,0.8,0.4,3.3,1.5,0.9,1,1.2,1,0.1,0.3,214755.5,1
30,170,2,0.1,0.1,0.1,0.6,0.3,0.2,0.2,0.2,0.2,0,0,39046.5,1
30,180,2,0.1,0.2,0.1,0.2,0.6,0,0.2,0.3,0.2,0,0.1,43065.4,1
30,197,25,1.7,1.9,1.3,4.5,3.8,0.8,4,4,2.1,0.7,0.2,555499.2,1
30,198,60,9,1,6,16,13,3,2,3,6,0,1,1238327.3,0
30,199,44.5,4.5,4,2,11,11,2,3,1,5,1,0,808767.9,0
30,200,49,2,5.5,3.5,10,13,1,4,4,5,1,0,1055248.3,0
30,201,10.5,0.7,0.8,0.5,1.9,1.6,0.3,1.7,1.7,0.9,0.3,0.1,233309.6,1
30,213,6,0,1.1,0,0.4,1.7,0.2,0.8,0.9,0.6,0.3,0,123006.2,1
30,214,7,0,1.3,0,0.4,2.1,0.3,0.9,1,0.7,0.3,0,143507.2,1
30,221,7,0.2,1.5,0.2,0.9,2.4,0,0.2,0.7,0.7,0,0.2,135444.7,1
30,231,2,0.2,0.2,0.2,0.4,0.3,0.1,0.2,0.1,0.2,0,0.1,39752.2,1
30,233,6,0.5,1,0,1.5,1.1,0.4,0.4,0.4,0.7,0,0,122359.9,1
30,234,37,4.5,3,1,12,5,1.5,3,2,2,2,1,915898.7,0
30,239,36,1.2,4.5,0.6,7,6.7,1.8,7.9,0.9,4.2,0.9,0.3,828656.6,1
30,241,2,0.1,0.3,0,0.4,0.4,0.1,0.4,0,0.2,0.1,0,46036.5,1
30,245,12,0.4,1.3,0.7,1.6,2.7,0.4,1.5,0.9,1.1,0.5,0.9,278363.6,1
30,247,3,0,0.2,0.3,0.3,0.9,0,0.1,0.2,0.5,0.1,0.4,48114.4,1
31,0,2,0.1,0.1,0.1,0.3,0.4,0.1,0.3,0.2,0.2,0.1,0.1,49310.6,1
31,13,4,0.3,0.4,0.3,1,0.9,0.1,0.5,0.3,0.1,0,0.1,80449.4,1
31,15,2,0.1,0.2,0.2,0.5,0.5,0.1,0.2,0.1,0.1,0,0,40224.7,1
31,16,4,0.3,0.4,0.3,1,0.9,0.1,0.5,0.3,0.1,0,0.1,80449.4,1
31,24,2,0.2,0.2,0.1,0.5,0.3,0.1,0.3,0.1,0.1,0,0.1,40775.4,1
31,31,3,0.3,0.3,0.1,0.8,0.4,0.1,0.5,0.2,0.2,0,0.1,61163.1,1
31,36,3,0,0.4,0.2,0.3,0.6,0.1,0.5,0.4,0.3,0.1,0.1,61812.1,1
31,45,1,0.1,0.1,0,0.2,0.2,0,0.1,0.1,0.1,0.1,0,22405,1
31,51,14,1,1.8,0.3,5.4,2.6,0.8,0.5,0.3,1.3,0,0,328120.7,1
31,61,4,0.1,0.2,0.3,1,0.8,0.2,0,0.6,0.7,0.1,0,89013.8,1
31,62,4,0.3,0.5,0.2,0.8,0.5,0.1,0.6,0.5,0.2,0.2,0.1,84960.2,1
31,75,6,0,0.5,0.4,1.1,1.2,0.1,0.7,1.6,0.3,0.1,0,103688.2,1
31,78,62,6,5,7,26,8,2,3,0,5,0,0,1174419.1,0
31,79,16,2.3,0,0.6,6.3,2.8,2.3,0.6,0,0,1.1,0,380204.3,1
31,93,7,0.3,1.1,0.9,1.6,1.3,0.3,0.3,0.5,0.2,0.3,0.2,157006.8,1
31,104,2,0.1,0.1,0.1,0.4,0.2,0.1,0.4,0.2,0.2,0.2,0,39095.8,1
31,113,4,0.1,0.4,0.2,0.9,1,0.1,0.2,0.7,0.4,0,0,83671.7,1
31,124,7,0,1,0.2,1.1,1.3,0.2,1.3,1.2,0.5,0,0.2,135770.2,1
31,125,4,0,0.6,0.1,0.7,0.7,0.1,0.7,0.7,0.3,0,0.1,77583,1
31,131,5,0.6,0.6,0.3,1.4,1.3,0.1,0,0.1,0.4,0,0.2,119332.4,1
31,135,6,0.4,0.8,0.2,1.4,1.1,0.3,0.3,0.8,0.2,0.4,0.1,119061.6,1
31,136,65,10,8,1,16,9,4,9,2,4,1,1,1258766.2,0
31,137,24,1.4,2.4,1.7,6,4.6,0.6,2.6,1.1,2.1,1.2,0.3,512456,1
31,138,10,0.6,1,0.7,2.5,1.9,0.2,1.1,0.5,0.9,0.5,0.1,213523.3,1
31,139,9,0.5,0.9,0.7,2.3,1.7,0.2,1,0.4,0.8,0.4,0.1,192171,1
31,149,7,0.7,0.7,0.1,1.5,1.2,0.1,0.4,0.9,0.6,0.3,0.5,120379.8,1
31,151,4,0.4,0.4,0.1,0.8,0.7,0.1,0.2,0.5,0.3,0.2,0.3,68788.5,1
31,152,15.5,0.8,2.1,0.1,3.5,2.7,0.7,2.3,1.6,1,0.3,0.4,332221.7,1
31,153,100,7,16,3,18,23,4,7,7,14,0,1,1984408.4,0
31,154,84,4,12,2,19,11,1,13,5,16,1,0,1570974.4,0
31,155,55,2,6,6,9,12,3,6,3,7,1,0,1009371.2,0
31,156,22,1.1,3,0.2,5,3.8,1,3.3,2.3,1.3,0.4,0.6,471540.5,1
31,157,21,0.8,1.1,0.3,5.1,2.6,0.6,2,5.1,1.4,2,0,495848.7,1
31,158,89.5,2,8.5,7,7,23,0,19,10,5,8,0,1697729.1,0
31,159,105,4,6.5,7.5,28,13,3,10,16,11,4,2,2025133,0
31,160,38,0,4,3,6,11,0,3,3,0,6,2,875765.4,0
31,163,7,0.4,0.5,0.5,1,1.8,0,0.1,0.9,1,0.7,0.1,144714.7,1
31,197,62,10,5,2,23,8,3,0,0,11,0,0,1071909.3,0
31,198,76,8,5.5,5,16,17,4,6,5,6.5,3,0,1512511,0
31,199,83,2,12,5,13,13,4,15,8,9,2,0,1423152.4,0
31,200,24,1.6,1.8,1.3,4.4,3.6,0.8,3.8,3.8,2,0.7,0.2,533279.2,1
31,201,24,1.6,1.8,1.3,4.4,3.6,0.8,3.8,3.8,2,0.7,0.2,533279.2,1
31,205,5,0.2,0.8,0.2,0.6,1.2,0.1,0.3,0.6,0.6,0.3,0.1,97671.7,1
31,213,6,0,1.1,0,0.4,1.7,0.2,0.8,0.9,0.6,0.3,0,123006.2,1
31,230,2,0.2,0.2,0.2,0.4,0.3,0.1,0.2,0.1,0.2,0,0.1,39752.2,1
31,233,1,0.1,0.2,0,0.2,0.2,0,0.1,0.1,0.1,0,0,20393.3,1
31,235,3,0.2,0.5,0,0.8,0.6,0.2,0.2,0.2,0.3,0,0,61179.9,1
31,236,22,1.8,3.8,0,5.6,4.2,1.4,1.4,1.4,2.4,0,0,448652.8,1
31,237,7,0.2,0.9,0.1,1.4,1.3,0.3,1.5,0.2,0.8,0.2,0.1,161127.7,1
31,239,8,0.3,1,0.1,1.5,1.5,0.4,1.8,0.2,0.9,0.2,0.1,184145.9,1
31,244,3,0.1,0.3,0.2,0.4,0.7,0.1,0.4,0.2,0.3,0.1,0.2,69590.9,1
31,245,16,0.5,1.7,1,2.2,3.6,0.5,1.9,1.2,1.5,0.7,1.2,371151.5,1
31,249,16,0,1.2,1.8,1.8,4.7,0,0.6,1.2,2.3,0.6,1.8,256609.9,1
32,0,2,0.1,0.2,0.2,0.4,0.4,0.1,0.1,0.1,0.1,0.1,0.2,36597.7,1
32,1,3,0.2,0.3,0.3,0.5,0.6,0.1,0.2,0.2,0.2,0.2,0.2,54896.6,1
32,11,11,0.3,1,0.3,1.3,2.8,0.6,1.6,2.5,0,0.3,0.3,254191.5,1
32,15,6,0.2,0.9,0.2,1,1.3,0.4,0.9,0.3,0.6,0,0.2,139801.8,1
32,18,13,0.6,1.2,0.9,2.1,3.1,0,1.8,1.5,0.3,0.6,0.9,262220.7,1
32,27,2,0,0.5,0.1,0.2,0.6,0,0.3,0.1,0.2,0,0,43184.4,1
32,31,8,0.2,1.8,0.3,0.8,2.4,0,1.3,0.5,0.7,0,0,172737.6,1
32,33,1,0.1,0.1,0.1,0.2,0.2,0,0.1,0.1,0,0,0.1,23920.5,1
32,35,5,0.5,0.2,0.4,1,1,0.1,0.7,0.4,0.2,0.2,0.3,119602.4,1
32,36,7,0.7,0.3,0.6,1.3,1.4,0.1,1,0.6,0.3,0.2,0.5,167443.4,1
32,39,3,0.3,0.2,0.2,0.6,0.6,0.1,0.4,0.2,0.1,0.1,0.2,71761.5,1
32,44,1,0,0.1,0,0.3,0.2,0,0.1,0.2,0,0.1,0,20730.7,1
32,47,8,0,0.8,0.2,1.4,1.5,0.4,1.5,0.4,1.2,0.4,0.2,191208.8,1
32,53,4,0.2,0,0.3,1.2,0.5,0.1,0.5,0.6,0.2,0.4,0,83113.4,1
32,60,1,0,0,0.1,0.3,0.1,0,0.1,0.2,0.1,0.1,0,20778.4,1
32,61,3,0.1,0,0.2,0.9,0.4,0.1,0.4,0.5,0.1,0.3,0,62335.1,1
32,65,4,0.3,0.7,0.3,0.7,1.2,0.1,0.1,0,0.4,0.1,0.1,86222.5,1
32,71,12.5,1,1.2,1,4.1,2.7,0.1,0.4,0.4,1.6,0,0,254330.1,1
32,76,62,2,9,0,22,9,4.5,0,2,13.5,0,0,1458947.2,0
32,77,115,7,18,3,31,17,5,2,8,22,0,2,2085268.8,0
32,78,114,18,11,0,49,12,11,2,1,10,0,0,2589258.9,0
32,79,27,1.2,3.4,0.2,4.1,6.5,1.4,2.4,4.5,2.4,0.2,0.7,718701.7,1
32,87,5,0.4,0.4,0.6,0.5,0.6,0.2,0.7,0.8,0,0.4,0.4,113835.6,1
32,96,8,0.2,0.7,0.7,0.7,1.5,0,1.6,1.2,0.7,0.7,0,171440.2,1
32,97,7,0.8,0.9,0.1,1.6,1,0.5,0.3,0.3,1.4,0,0.1,131560.5,1
32,103,10,1,0.5,0.7,1.9,1.9,0.4,1.6,1,0.7,0,0.3,190535.1,1
32,104,7,0.7,0.4,0.4,1.4,1.4,0.3,1.1,0.7,0.4,0,0.2,133374.6,1
32,108,3,0,0.8,0,0,1.1,0.1,0.1,0.1,0.4,0.3,0.1,57811.9,1
32,115,3,0.1,0.5,0.2,0.7,0.5,0.1,0.3,0.1,0.3,0.1,0.1,63620.3,1
32,121,4,0.1,0.6,0.2,0.7,1,0.1,0.2,0.5,0.3,0.1,0.2,81459.1,1
32,135,2,0.1,0.3,0,0.2,0.6,0,0.3,0.1,0.3,0.1,0,36249.1,1
32,136,23,1.3,3.2,0,2.5,6.9,0.6,3.8,0.6,3.5,0.6,0,416864.5,1
32,137,11.5,0.4,0.7,0.4,3,1.9,0.4,1.1,1.9,1.3,0.4,0,218683.5,1
32,145,9,0.2,0.7,1.2,0.9,2.6,0,1,0.7,0,1,0.7,171413.7,1
32,151,5,0.4,0.5,0.4,0.9,1,0.3,0.4,0.3,0.4,0.1,0.3,109463.2,1
32,153,2,0.2,0.1,0.1,0.6,0.2,0.1,0.3,0,0.3,0.1,0,36124.8,1
32,154,37,3.6,2.2,1.4,10.9,2.9,2.9,5.1,0,6.5,1.5,0,668309.3,1
32,155,45,0,9,2,7,11,2,3,5,5,0,1,826510.6,0
32,158,30.5,3,4.5,1,7,8,0,1,2,2,2,0,665222.4,0
32,159,36,1,0,0,13,7,0,5,6,0,4,0,766297.8,0
32,160,41.5,0,8.5,4,5,13,0,4,3,1,1,2,817951.2,0
32,168,4,0.1,0.6,0.3,0.4,0.8,0.1,0.5,0.6,0.2,0.2,0.2,87952.4,1
32,172,3,0.1,0.3,0.2,0.8,0.6,0.1,0.4,0.2,0.1,0.2,0,68789.7,1
32,178,3,0.1,0.3,0.2,0.8,0.6,0.1,0.4,0.2,0.1,0.2,0,68789.7,1
32,181,1,0,0.1,0.1,0.3,0.2,0,0.1,0.1,0,0.1,0,22929.9,1
32,186,13,0.7,1,0.3,3,3.3,0.3,1,2,1,0,0.4,255615.2,1
32,197,4,0.3,0.4,0.1,0.7,0.6,0.1,0.4,0.8,0.1,0.4,0.1,81522.6,1
32,198,31,1,2,2,4,9,1,4,5,3,0,0,671649.3,0
32,199,37,1,4,3,5,6,1,5,6,2,3,1,740101,0
32,200,57,5,2,4,13,7,2,11,8,2,3,0,1256078.9,0
32,201,24,2.1,2.3,0.8,4.2,3.6,0.6,2.3,4.8,0.8,2.1,0.4,489135.9,1
32,202,7,0.6,0.7,0.1,1,0.9,0.4,0.8,0.9,1.3,0,0.3,121330.3,1
32,204,2,0.2,0.2,0,0.3,0.2,0.1,0.2,0.3,0.4,0,0.1,34665.8,1
32,205,16,1.5,1.5,0.3,2.3,2.1,0.9,1.8,2.1,2.9,0,0.6,277326.5,1
32,213,4,0.4,0.2,0,1.2,0.6,0.1,0.3,0.4,0.6,0.2,0,78160.8,1
32,214,2,0.2,0.1,0,0.6,0.3,0,0.2,0.2,0.3,0.1,0,39080.4,1
32,221,23,2.1,1.2,0.3,6.8,3.3,0.6,1.8,2.4,3.3,1.2,0,449424.9,1
32,231,7,0.6,0.3,0.4,1.3,1.2,0,1.1,1.2,0.6,0.1,0.2,145628,1
32,234,7,0.4,0.6,0.4,1.3,1.3,0.2,1.2,0.7,0.4,0.3,0.2,149418.6,1
32,235,10,0.6,0.9,0.6,1.8,1.8,0.3,1.7,0.9,0.6,0.5,0.3,213455.2,1
32,236,8.5,0.5,0.8,0.5,1.5,1.6,0.3,1.4,0.8,0.4,0.4,0.3,181436.9,1
32,237,5,0.6,0.3,0.1,1.6,1.4,0,0.1,0.3,0,0.3,0.3,138451.8,1
32,238,6,0.7,0.3,0.2,1.9,1.7,0,0.2,0.3,0,0.3,0.4,166142.1,1
32,243,1,0.1,0.1,0,0.3,0.1,0,0,0.2,0.1,0.1,0,19930.2,1
32,245,10,0.9,0.6,0.1,3.2,1.2,0.3,0.3,2,0.8,0.6,0,199301.6,1
32,249,1.5,0.1,0.2,0,0.3,0.3,0,0.1,0.2,0.2,0.1,0,33209.5,1
33,36,3,0.3,0.2,0.2,0.6,0.6,0.1,0.4,0.2,0.1,0.1,0.2,71761.5,1
33,45,2,0,0.2,0.1,0.5,0.3,0,0.3,0.4,0.1,0.1,0,41461.4,1
33,60,3,0.1,0,0.2,0.9,0.4,0.1,0.4,0.5,0.1,0.3,0,62335.1,1
33,64,4,0.3,0.7,0.3,0.7,1.2,0.1,0.1,0,0.4,0.1,0.1,86222.5,1
33,65,6,0.5,1,0.5,1,1.8,0.1,0.2,0.1,0.6,0.1,0.1,129333.7,1
33,66,2,0.2,0.3,0.2,0.4,0.6,0,0.1,0,0.2,0,0,43111.2,1
33,71,6,0.5,0.6,0.5,2,1.3,0,0.2,0.2,0.7,0,0,122078.4,1
33,76,117,11,14,4,36,23,6,1,0,20,1,1,2844305,0
33,77,128,10,21,5,36,24,8,1,6,16,0,1,2552427.6,0
33,78,82.5,3,6,2,22,11,4.5,11,11,11,1,0,2167442.9,0
33,79,16,0.7,2,0.1,2.4,3.8,0.9,1.4,2.7,1.4,0.2,0.4,425897.3,1
33,80,5,0.2,0.6,0.1,0.8,1.2,0.3,0.4,0.8,0.4,0.1,0.1,133092.9,1
33,81,2,0.1,0.2,0,0.3,0.5,0.1,0.2,0.3,0.2,0,0.1,53237.2,1
33,82,2,0.2,0.2,0,0.4,0.3,0.1,0.3,0.3,0.1,0,0.1,46063,1
33,84,2,0.2,0.2,0,0.4,0.3,0.1,0.3,0.3,0.1,0,0.1,46063,1
33,86,17,2,1.6,0,3.6,2.6,0.6,2.3,2.3,1.3,0,0.7,391535.1,1
33,87,2,0.1,0.2,0.2,0.2,0.2,0.1,0.3,0.3,0,0.2,0.2,45534.2,1
33,95,34,0.7,3,3,3,6.6,0,6.6,5.2,2.9,3,0,728620.7,1
33,96,86,13,0,2,36,2,1,9,7,12,4,0,1747308.3,0
33,97,43.5,2,2.5,2,10,10,4,4,3,4,1,1,851850.2,0
33,98,19,2.1,2.4,0.3,4.5,2.8,1.4,0.7,0.7,3.8,0,0.3,357092.8,1
33,99,7,0.8,0.9,0.1,1.6,1,0.5,0.3,0.3,1.4,0,0.1,131560.5,1
33,100,9,1,1.1,0.2,2.1,1.3,0.7,0.3,0.3,1.8,0,0.2,169149.2,1
33,102,6,0.6,0.3,0.4,1.2,1.2,0.2,0.9,0.6,0.4,0,0.2,114321.1,1
33,107,3,0,0.8,0,0,1.1,0.1,0.1,0.1,0.4,0.3,0.1,57811.9,1
33,109,6,0,1.5,0,0,2.3,0.1,0.2,0.3,0.8,0.6,0.2,115623.8,1
33,112,8,0.2,1.2,0.5,2,1.5,0.3,0.8,0.3,0.8,0.2,0.2,169654.2,1
33,113,53.5,3,6,2,7,7,1.5,13,11,3,0,0,968561.8,0
33,114,25,0,3,0,2,5,0,11,3,0,1,0,653335.6,0
33,115,37,1,5.7,2.1,9.3,6.7,1.5,3.6,1.5,3.6,1,1,784650.9,1
33,117,6,0.1,0.9,0.2,1.1,1.5,0.1,0.4,0.7,0.5,0.2,0.3,122188.7,1
33,121,5,0.1,0.8,0.2,0.9,1.2,0.1,0.3,0.6,0.4,0.1,0.3,101823.9,1
33,158,39,2,5,3,4,13,1,3,2,4,0,2,807226.1,0
33,159,46.5,4,3,0,12,6,0,5,10,4.5,2,0,907244.2,0
33,160,24,0,2,2,5,1,1,4,5,1,3,0,589172.5,0
33,161,10,0.5,1.3,0.8,1.1,2.4,0,1.1,1.1,0.7,0.7,0.3,215935.6,1
33,167,3,0.1,0.4,0.2,0.3,0.6,0.1,0.4,0.4,0.2,0.1,0.2,65964.3,1
33,178,3,0.1,0.3,0.2,0.8,0.6,0.1,0.4,0.2,0.1,0.2,0,68789.7,1
33,183,2,0.1,0.2,0,0.5,0.5,0,0.2,0.3,0.2,0,0,39325.4,1
33,188,6,0.3,0.5,0.1,1.4,1.5,0.1,0.5,0.9,0.5,0,0.2,117976.3,1
33,191,6,0.3,0.5,0.1,1.4,1.5,0.1,0.5,0.9,0.5,0,0.2,117976.3,1
33,192,8,0.4,1.3,1,1.2,1.9,0,1,0.7,0.5,0,0,159640.6,1
33,194,5,0.3,0.8,0.6,0.7,1.2,0,0.6,0.5,0.3,0,0,99775.4,1
33,196,11,0.6,1.8,1.4,1.6,2.6,0,1.4,1,0.6,0,0,219505.8,1
33,197,15,1.3,1.4,0.5,2.6,2.2,0.4,1.5,3,0.5,1.3,0.3,305709.9,1
33,198,105,4,5,2,24,17,4,8,16,14,10,1,1788699.7,0
33,199,101.5,4,7.5,10,21,17,6,6,16,5,8,1,1940328.4,0
33,200,20,1.7,1.9,0.7,3.5,3,0.5,1.9,4,0.7,1.7,0.4,407613.2,1
33,201,13,1.1,1.2,0.5,2.3,1.9,0.3,1.3,2.6,0.5,1.1,0.2,264948.6,1
33,202,43,2,8,1,5,13,1,3,1,6,2,1,795919.3,0
33,203,20,1.8,1.9,0.4,3,2.6,1.1,2.2,2.6,3.7,0,0.7,346658.1,1
33,211,7,0.3,1,0.3,1,1.1,0.1,0.9,1.2,0.5,0.5,0.1,132449.8,1
33,212,9,0.8,0.5,0.1,2.7,1.3,0.2,0.7,0.9,1.3,0.5,0,175861.9,1
33,222,2,0.2,0.1,0.1,0.4,0.3,0,0.3,0.3,0.2,0,0.1,41608,1
33,234,3,0.2,0.3,0.2,0.5,0.5,0.1,0.5,0.3,0.2,0.1,0.1,64036.6,1
33,235,3,0.2,0.3,0.2,0.5,0.5,0.1,0.5,0.3,0.2,0.1,0.1,64036.6,1
33,236,6,0.4,0.5,0.4,1.1,1.1,0.2,1,0.5,0.3,0.3,0.2,128073.1,1
33,237,3,0.3,0.2,0.1,0.9,0.8,0,0.1,0.2,0,0.2,0.2,83071.1,1
33,243,3,0.3,0.2,0,0.9,0.4,0.1,0.1,0.6,0.2,0.2,0,59790.5,1
33,244,15,1.4,0.9,0.2,4.8,1.8,0.4,0.5,3,1.1,0.9,0,298952.3,1
33,245,20,1.8,1.2,0.3,6.4,2.4,0.6,0.6,4,1.5,1.2,0,398603.1,1
33,252,7,0.2,1.3,0,1.1,1.5,0.2,1.1,0.7,0.5,0.3,0.1,138598.4,1
34,1,10,0.7,1,0.9,1.7,2,0.4,0.7,0.6,0.7,0.6,0.7,182988.7,1
34,2,2,0.2,0.1,0,0.5,0.3,0.1,0.2,0.4,0.1,0.1,0,41339,1
34,7,6,0.2,0.5,0.2,0.7,1.5,0.3,0.8,1.4,0,0.2,0.2,138649.9,1
34,10,1,0,0.1,0,0.1,0.3,0.1,0.2,0.2,0,0,0,23108.3,1
34,12,1,0,0.1,0,0.2,0.2,0.1,0.2,0.1,0.1,0,0,23300.3,1
34,13,2,0.1,0.3,0.1,0.3,0.4,0.1,0.3,0.1,0.2,0,0.1,46600.6,1
34,20,3,0.1,0.3,0.2,0.5,0.7,0,0.4,0.4,0.1,0.1,0.2,60512.5,1
34,21,4,0.2,0.4,0.3,0.6,0.9,0,0.5,0.5,0.1,0.2,0.3,80683.3,1
34,24,4,0.1,0.9,0.2,0.4,1.2,0,0.6,0.2,0.4,0,0,86368.8,1
34,32,5,0.5,0.2,0.4,1,1,0.1,0.7,0.4,0.2,0.2,0.3,119602.4,1
34,33,2,0.2,0.1,0.1,0.4,0.4,0,0.3,0.2,0.1,0.1,0.1,47841,1
34,34,9,0.9,0.4,0.7,1.7,1.9,0.1,1.3,0.7,0.4,0.3,0.6,215284.4,1
34,62,10,0.8,1.7,0.8,1.7,3,0.2,0.4,0.1,0.9,0.2,0.2,215556.2,1
34,66,32.5,2.5,5.7,2.5,5.7,9.7,0.6,1.3,0.3,3,0.6,0.6,700557.7,1
34,67,10,0.8,0.9,0.8,3.3,2.2,0.1,0.3,0.3,1.3,0,0,203464.1,1
34,75,6,0.4,0.6,0.2,0.7,1.4,0,0.5,0.4,1.2,0.4,0.2,163043.2,1
34,77,24,1.1,3,0.2,3.6,5.7,1.3,2.1,4,2.1,0.2,0.7,638846,1
34,78,103,2,17.5,7.5,8,33,1,16,7,5,0,6,2449139.1,0
34,79,66,1,3,4,4,15,0,6,26,2,3,2,1540519.3,0
34,80,23,1,2.9,0.2,3.5,5.5,1.2,2,3.9,2,0.2,0.6,612227.4,1
34,81,38,5,4,1,10,6,2,2,3,3,0,2,671114,0
34,82,20,2.3,1.9,0,4.2,3.1,0.8,2.7,2.7,1.5,0,0.8,460629.6,1
34,89,8,0.6,0.6,1,0.8,1,0.4,1.2,1.2,0,0.6,0.6,182137,1
34,91,1,0.1,0.1,0.1,0.1,0.1,0,0.1,0.2,0,0.1,0.1,22767.1,1
34,94,4,0.1,0.3,0.3,0.4,0.8,0,0.8,0.6,0.3,0.4,0,85720.1,1
34,95,27,0,4,2,0,6,0,8,5,0,0,2,560007.6,0
34,96,39,2,6,1,9,10,0,3,0,5,2,1,803812.9,0
34,97,13,1.4,1.7,0.2,3.1,1.9,0.9,0.5,0.5,2.6,0,0.2,244326.7,1
34,102,2,0.2,0.1,0.1,0.4,0.4,0.1,0.3,0.2,0.1,0,0.1,38107,1
34,111,17,0,4.4,0,0,6.5,0.4,0.4,0.9,2.2,1.8,0.4,327600.7,1
34,112,92.5,8,17.5,8,15,26,3,4,0,10,0,1,1922567.5,0
34,113,137,6,12,6,24,21,6,13,20,21,7,1,2512461.1,0
34,114,77,9,4,2,21,11,4,5,9,9,3,0,1456324.4,0
34,115,4,0.1,0.6,0.2,1,0.7,0.2,0.4,0.2,0.4,0.1,0.1,84827.1,1
34,116,4,0.1,0.6,0.2,1,0.7,0.2,0.4,0.2,0.4,0.1,0.1,84827.1,1
34,117,2,0,0.3,0.1,0.4,0.5,0,0.1,0.2,0.2,0.1,0.1,40729.6,1
34,118,3,0.1,0.5,0.1,0.5,0.7,0.1,0.2,0.3,0.2,0.1,0.2,61094.4,1
34,125,6,0.7,0.3,0.3,1.8,0.7,0.6,0.5,0.5,0.4,0.2,0,127690.3,1
34,127,7,0.8,0.3,0.4,2.1,0.8,0.6,0.6,0.6,0.5,0.3,0,148972,1
34,139,4,0.1,0.3,0.1,1,0.7,0.1,0.4,0.7,0.5,0.1,0,76063.8,1
34,140,4,0.1,0.3,0.1,1,0.7,0.1,0.4,0.7,0.5,0.1,0,76063.8,1
34,142,5,0.1,0.4,0.7,0.5,1.5,0,0.5,0.4,0,0.5,0.4,95229.8,1
34,152,6,0.6,0.3,0.2,1.8,0.5,0.5,0.8,0,1.1,0.2,0,108374.5,1
34,158,12,0.6,1.5,1,1.3,2.9,0,1.3,1.4,0.8,0.8,0.4,259122.7,1
34,159,30,1.4,3.9,2.4,3.4,7.3,0,3.4,3.4,1.9,1.9,1,647806.7,1
34,160,62,2,7.5,1,5,17,0,4,9,7.5,8,1,1259304.1,0
34,161,73,1,13,0,6,14,2,7,19,5,6,0,1441240.2,0
34,162,5,0.4,0.6,0.2,1.4,0.7,0,0.3,0.7,0.3,0.2,0.2,108753.5,1
34,168,2,0.1,0.3,0.1,0.2,0.4,0,0.3,0.3,0.1,0.1,0.1,43976.2,1
34,173,5,0.2,0.5,0.4,1.3,1,0.1,0.7,0.3,0.2,0.3,0,114649.5,1
34,174,3,0.1,0.3,0.2,0.8,0.6,0.1,0.4,0.2,0.1,0.2,0,68789.7,1
34,180,10,0.5,1,0.7,2.7,1.9,0.2,1.5,0.5,0.5,0.5,0,229299.1,1
34,194,6,0.3,1,0.8,0.9,1.4,0,0.8,0.5,0.3,0,0,119730.4,1
34,197,13,1.1,1.2,0.5,2.3,1.9,0.3,1.3,2.6,0.5,1.1,0.2,264948.6,1
34,198,34,3,3,0,13,5,2,4,2,1,1,0,653716.5,0
34,199,80,1,0,2,3,9,0,10,18,4,33,0,1476119.5,0
34,200,4,0.3,0.4,0.1,0.7,0.6,0.1,0.4,0.8,0.1,0.4,0.1,81522.6,1
34,211,16,0.7,2.2,0.7,2.4,2.6,0.2,2,2.7,1.1,1.2,0.2,302742.4,1
34,212,3,0.3,0.2,0,0.9,0.4,0.1,0.2,0.3,0.4,0.2,0,58620.6,1
34,214,3,0.3,0.2,0,0.9,0.4,0.1,0.2,0.3,0.4,0.2,0,58620.6,1
34,217,4,0.4,0.2,0,1.2,0.6,0.1,0.3,0.4,0.6,0.2,0,78160.8,1
35,0,14,1,1.4,1.2,2.4,2.8,0.6,1,0.8,1,0.8,1,256184.1,1
35,5,3,0.2,0.2,0,0.8,0.4,0.1,0.2,0.7,0.2,0.2,0,62008.5,1
35,7,6,0.2,0.5,0.2,0.7,1.5,0.3,0.8,1.4,0,0.2,0.2,138649.9,1
35,9,7,0.2,0.6,0.2,0.8,1.8,0.4,1,1.6,0,0.2,0.2,161758.2,1
35,13,4,0.1,0.6,0.1,0.7,0.9,0.2,0.6,0.2,0.4,0,0.2,93201.2,1
35,15,3,0.1,0.4,0.1,0.5,0.7,0.2,0.5,0.1,0.3,0,0.1,69900.9,1
35,16,6,0.2,0.9,0.2,1,1.3,0.4,0.9,0.3,0.6,0,0.2,139801.8,1
35,17,1,0,0.1,0.1,0.2,0.2,0,0.1,0.1,0,0.1,0.1,20170.8,1
35,18,2,0.1,0.2,0.1,0.3,0.5,0,0.3,0.2,0.1,0.1,0.1,40341.7,1
35,19,2,0.1,0.2,0.1,0.3,0.5,0,0.3,0.2,0.1,0.1,0.1,40341.7,1
35,23,4,0.1,0.9,0.2,0.4,1.2,0,0.6,0.2,0.4,0,0,86368.8,1
35,24,4,0.1,0.9,0.2,0.4,1.2,0,0.6,0.2,0.4,0,0,86368.8,1
35,34,2,0.2,0.1,0.1,0.4,0.4,0,0.3,0.2,0.1,0.1,0.1,47841,1
35,35,2,0.2,0.1,0.1,0.4,0.4,0,0.3,0.2,0.1,0.1,0.1,47841,1
35,44,8,0,0.7,0.4,2.2,1.4,0,1.1,1.4,0.4,0.4,0,165845.7,1
35,65,34,2.6,5.9,2.6,5.9,10.2,0.7,1.3,0.3,3.1,0.7,0.7,732891.1,1
35,66,131,11,15,5,31,26,3,3,11,22,4,0,2938902.3,0
35,67,96.5,2,5.5,10,17,33,1,13,2,7,1,5,2274649.8,0
35,68,40,1,5,4,7,11,0,9,0,2,1,0,989636.1,0
35,69,35,2.7,3.3,2.8,11.6,7.7,0.3,1.1,1.1,4.4,0,0,712124.2,1
35,76,4,0.2,0.4,0.1,0.5,1,0,0.4,0.2,0.8,0.3,0.1,108695.5,1
35,77,78,5,5,2,19,13,5,9,11,7,0,2,1920635.2,0
35,78,121,5,10,8.5,21,24,5,4,23,16.5,0,4,2341686.6,0
35,79,80,0,5,0,7,6,2,9,45,3,3,0,1650551.7,0
35,80,91.5,5,7,2.5,21,27,3,7,6,12,1,0,2033440.6,0
35,81,52,2,10,3,13,12,3,1,1,7,0,0,1216209.1,0
35,85,4,0.5,0.4,0,0.8,0.6,0.2,0.5,0.5,0.3,0,0.2,92125.9,1
35,89,1,0.1,0.1,0.1,0.1,0.1,0,0.1,0.2,0,0.1,0.1,22767.1,1
35,90,2,0.1,0.2,0.2,0.2,0.2,0.1,0.3,0.3,0,0.2,0.2,45534.2,1
35,102,4,0.4,0.2,0.3,0.8,0.8,0.1,0.6,0.4,0.3,0,0.1,76214,1
35,103,2,0.2,0.1,0.1,0.4,0.4,0.1,0.3,0.2,0.1,0,0.1,38107,1
35,109,3,0,0.8,0,0,1.1,0.1,0.1,0.1,0.4,0.3,0.1,57811.9,1
35,112,96,3,18,9,14,33,2,5,1,10,0,1,1944273.1,0
35,113,119.5,7,15.5,10,22,28,2,3,15,10,2,5,2303653.7,0
35,114,77,2,8,8,15,13,4,7,8,7,5,0,1398757.9,0
35,117,6,0.1,0.9,0.2,1.1,1.5,0.1,0.4,0.7,0.5,0.2,0.3,122188.7,1
35,118,4,0.1,0.6,0.2,0.7,1,0.1,0.2,0.5,0.3,0.1,0.2,81459.1,1
35,125,3,0.3,0.2,0.2,0.9,0.4,0.3,0.2,0.2,0.2,0.1,0,63845.1,1
35,126,3.5,0.4,0.2,0.2,1.1,0.4,0.3,0.3,0.3,0.2,0.1,0,74486,1
35,140,9,0.3,0.6,0.3,2.3,1.5,0.3,0.9,1.5,1,0.3,0,171143.6,1
35,142,19,0.5,1.5,2.5,2,5.5,0,2,1.5,0,2,1.5,361873.3,1
35,144,1,0,0.1,0.1,0.1,0.3,0,0.1,0.1,0,0.1,0.1,19046,1
35,147,5,0.4,0.5,0.4,0.9,1,0.3,0.4,0.3,0.4,0.1,0.3,109463.2,1
35,153,4,0.4,0.2,0.2,1.2,0.3,0.3,0.5,0,0.7,0.2,0,72249.7,1
35,158,10,0.5,1.3,0.8,1.1,2.4,0,1.1,1.1,0.7,0.7,0.3,215935.6,1
35,159,50,1,5,0,6,11,4,7,8,6,2,0,1113844.6,0
35,160,100.5,4,17,10.5,13,35,2,8,4,6,1,0,1926655.5,0
35,161,138,6,27,14,10,43,0,9,10,9,6,4,2734206.1,0
35,162,18,1.4,2.1,0.7,5.2,2.8,0,1,2.4,1,0.7,0.7,391512.6,1
35,166,5,0.4,0.6,0.2,1.4,0.7,0,0.3,0.7,0.3,0.2,0.2,108753.5,1
35,171,2,0.1,0.3,0.1,0.2,0.4,0,0.3,0.3,0.1,0.1,0.1,43976.2,1
35,198,20,1.7,1.9,0.7,3.5,3,0.5,1.9,4,0.7,1.7,0.4,407613.2,1
35,204,2,0.2,0.2,0,0.3,0.2,0.1,0.2,0.3,0.4,0,0.1,34665.8,1
35,208,5,0.2,0.7,0.2,0.7,0.8,0.1,0.6,0.8,0.4,0.4,0.1,94607,1
35,210,9,0.4,1.2,0.4,1.3,1.5,0.1,1.1,1.5,0.6,0.7,0.2,170292.6,1
35,211,18,0.8,2.4,0.8,2.6,2.9,0.3,2.3,3,1.3,1.3,0.3,340585.2,1
35,220,6,0.5,0.3,0.1,1.8,0.9,0.1,0.5,0.6,0.9,0.3,0,117241.3,1
35,221,4,0.4,0.2,0,1.2,0.6,0.1,0.3,0.4,0.6,0.2,0,78160.8,1
35,233,9,0.6,0.8,0.6,1.6,1.6,0.3,1.5,0.8,0.5,0.4,0.3,192109.7,1
35,234,7,0.4,0.6,0.4,1.3,1.3,0.2,1.2,0.7,0.4,0.3,0.2,149418.6,1
35,237,9,1,0.5,0.3,2.8,2.6,0,0.3,0.5,0,0.5,0.5,249213.2,1
35,244,3,0.3,0.2,0,0.9,0.4,0.1,0.1,0.6,0.2,0.2,0,59790.5,1
35,245,5,0.5,0.3,0.1,1.6,0.6,0.1,0.1,1,0.4,0.3,0,99650.8,1
35,253,6,0.1,1.1,0,0.9,1.3,0.2,1,0.6,0.4,0.3,0.1,118798.6,1
36,0,9,0.6,0.9,0.8,1.5,1.8,0.4,0.7,0.5,0.6,0.5,0.7,164689.8,1
36,8,1,0,0.1,0,0.1,0.3,0.1,0.2,0.2,0,0,0,23108.3,1
36,9,3,0.1,0.2,0.1,0.3,0.8,0.2,0.4,0.7,0,0.1,0.1,69325,1
36,10,70,1,14,2,8,20,3,14,1,5,1,1,1644784.1,0
36,11,79.5,2,8.5,4,8,18,1,7,15,4,6,6,1687224.2,0
36,12,49.5,4.5,2,0,10,5,2,7,15,2,1,1,1029915.9,0
36,13,28,1.1,3.9,0.8,4.6,6.3,1.6,4.3,1.4,2.9,0,1.1,652408.5,1
36,15,13,0.5,1.8,0.4,2.2,2.9,0.8,2,0.6,1.3,0,0.5,302904,1
36,16,40,1.6,5.6,1.2,6.6,8.9,2.3,6.2,1.9,4.1,0,1.6,932012.2,1
36,17,4,0.2,0.4,0.3,0.6,0.9,0,0.5,0.5,0.1,0.2,0.3,80683.3,1
36,29,2,0,0.5,0.1,0.2,0.6,0,0.3,0.1,0.2,0,0,43184.4,1
36,31,5,0.1,1.1,0.2,0.5,1.5,0,0.8,0.3,0.5,0,0,107961,1
36,33,2,0.2,0.1,0.1,0.4,0.4,0,0.3,0.2,0.1,0.1,0.1,47841,1
36,40,2,0.2,0.1,0.1,0.4,0.4,0,0.3,0.2,0.1,0.1,0.1,47841,1
36,44,7,0,0.6,0.3,1.9,1.3,0,1,1.3,0.3,0.3,0,145115,1
36,45,4,0,0.4,0.2,1.1,0.7,0,0.5,0.7,0.2,0.2,0,82922.8,1
36,53,5,0.2,0,0.4,1.5,0.6,0.1,0.6,0.8,0.3,0.5,0,103891.8,1
36,54,6,0.3,0,0.4,1.8,0.8,0.1,0.8,0.9,0.3,0.6,0,124670.1,1
36,64,11,0.9,1.9,0.9,1.9,3.3,0.2,0.4,0.1,1,0.2,0.2,237111.8,1
36,65,116.5,3,15,16,18,34,2,8,6,12.5,0,2,2866894.1,0
36,66,86,7,10.5,5,18,11,1,13,9,4.5,3,4,1885642.5,0
36,67,116.5,6,17,4,24.5,24,4,15,6,14,1,1,2617709.3,0
36,68,72,3,1,5,18,8,4,11,13,3,4,2,1800794.3,0
36,69,95,11,7,5,31,16,0,12,6,4,2,1,1940518.6,0
36,70,38,2,3,3,9,9,0,11,0,1,0,0,887101.2,0
36,76,23.5,1.4,2.5,0.7,2.8,5.6,0,2.1,1.4,4.9,1.4,0.7,638586,1
36,77,124,5,17.5,4,26,29,4,10,3,24.5,0,1,2668910.4,0
36,78,101,9,8,9,14,21,3,9,18,3,4,3,1800483,0
36,79,98,4,7.5,13,21,22,1,13,9,2.5,1,4,2076921,0
36,80,56.5,5.5,5.5,3,16,6,3.5,3,8,5,0,1,1085307.1,0
36,81,16,0.7,2,0.1,2.4,3.8,0.9,1.4,2.7,1.4,0.2,0.4,425897.3,1
36,85,7,0.8,0.7,0,1.5,1.1,0.3,0.9,0.9,0.5,0,0.3,161220.3,1
36,87,4,0.3,0.3,0.5,0.4,0.5,0.2,0.6,0.6,0,0.3,0.3,91068.5,1
36,90,5,0.4,0.4,0.6,0.5,0.6,0.2,0.7,0.8,0,0.4,0.4,113835.6,1
36,108,5,0,1.3,0,0,1.9,0.1,0.1,0.3,0.7,0.5,0.1,96353.2,1
36,109,2,0,0.5,0,0,0.8,0,0,0.1,0.3,0.2,0.1,38541.3,1
36,112,25,1,0,1,1,4,0,16,1,0,0,1,615139.7,0
36,113,53,0,0,3,5,10,1,22,9,2,1,0,1272036,0
36,114,108,2,16,5,11,29,3,3,15,15,9,0,2242376.9,0
36,115,16,0.4,2.4,0.9,4,2.9,0.7,1.6,0.7,1.6,0.4,0.4,339308.5,1
36,129,2,0.2,0.1,0.1,0.6,0.2,0.2,0.2,0.2,0.1,0.1,0,42563.4,1
36,139,2,0.1,0.1,0.1,0.5,0.3,0.1,0.2,0.3,0.2,0.1,0,38031.9,1
36,142,4,0.1,0.3,0.6,0.4,1.2,0,0.4,0.3,0,0.4,0.3,76183.9,1
36,150,8,0.7,0.9,0.6,1.4,1.6,0.4,0.7,0.4,0.7,0.2,0.4,175141.2,1
36,159,47,0,4.5,3,4,15,1,9,6,3.5,0,1,1032761.3,0
36,160,125,4,22,10,15,35,3,14,9,4,4,5,2432682.7,0
36,161,107,3,9,9,9,21,1,7,24,3,18,3,2044075.6,0
36,162,44,1,2,3,1,10,1,8,6,3,6,3,869078.1,0
36,163,19,1.5,2.2,0.7,5.5,2.9,0,1.1,2.6,1.1,0.7,0.7,413263.3,1
36,164,5,0.4,0.6,0.2,1.4,0.7,0,0.3,0.7,0.3,0.2,0.2,108753.5,1
36,170,9,0.3,1.3,0.6,0.9,1.8,0.2,1.2,1.3,0.6,0.4,0.4,197892.8,1
36,175,2,0.1,0.2,0.1,0.5,0.4,0.1,0.3,0.1,0.1,0.1,0,45859.8,1
36,184,2,0.1,0.2,0,0.5,0.5,0,0.2,0.3,0.2,0,0,39325.4,1
36,192,2,0.1,0.3,0.2,0.3,0.5,0,0.3,0.2,0.1,0,0,39910.1,1
36,193,1,0.1,0.2,0.1,0.1,0.2,0,0.1,0.1,0.1,0,0,19955.1,1
36,198,2,0.2,0.2,0.1,0.3,0.3,0,0.2,0.4,0.1,0.2,0,40761.3,1
36,202,7,0.6,0.7,0.1,1,0.9,0.4,0.8,0.9,1.3,0,0.3,121330.3,1
36,208,10,0.4,1.4,0.4,1.5,1.6,0.1,1.3,1.7,0.7,0.7,0.2,189214,1
36,209,21,0.9,2.9,0.9,3.1,3.4,0.3,2.6,3.6,1.5,1.5,0.3,397349.4,1
36,210,27,1.2,3.7,1.2,4,4.3,0.4,3.4,4.5,1.9,2,0.4,510877.8,1
36,211,23,1,3.1,1,3.4,3.7,0.3,2.9,3.9,1.6,1.7,0.4,435192.2,1
36,220,13,1.2,0.7,0.2,3.9,1.9,0.3,1,1.3,1.8,0.7,0,254022.8,1
36,232,2,0.1,0.2,0.1,0.4,0.4,0,0.3,0.2,0.1,0.1,0.1,42691,1
36,233,2,0.1,0.2,0.1,0.4,0.4,0,0.3,0.2,0.1,0.1,0.1,42691,1
36,234,8,0.5,0.7,0.5,1.5,1.5,0.2,1.3,0.7,0.4,0.4,0.3,170764.1,1
36,242,4,0.4,0.2,0.1,1.3,0.5,0.1,0.1,0.8,0.3,0.2,0,79720.6,1
36,243,1,0.1,0.1,0,0.3,0.1,0,0,0.2,0.1,0.1,0,19930.2,1
36,244,4,0.4,0.2,0.1,1.3,0.5,0.1,0.1,0.8,0.3,0.2,0,79720.6,1
36,249,2,0.1,0.3,0,0.4,0.4,0.1,0.1,0.2,0.3,0.1,0,44279.3,1
36,250,5,0.4,0.7,0.1,1,1,0.1,0.1,0.6,0.7,0.2,0.1,110698.2,1
36,254,3,0.1,0.6,0,0.4,0.7,0.1,0.5,0.3,0.2,0.1,0,59399.3,1
37,1,7,0.1,0.4,1.3,1,0.7,0.2,1.3,1.1,0.7,0,0.2,148745.8,1
37,8,9,0.5,0.6,0.7,1.3,2.1,0.1,1.3,0.9,0.8,0.4,0.3,210981.4,1
37,9,8,0.4,0.5,0.7,1.2,1.8,0.1,1.2,0.8,0.7,0.3,0.3,187539,1
37,10,91,1,15,14,0,40,0,7,4,0,3,7,2074834.4,0
37,11,88,4,9,4,14,16,4,9,17,7,2,2,1828751.4,0
37,12,114,6,12,4,29,16,10,13,13,8,2,1,2272202.8,0
37,13,144.5,24,10,2,60,17,10,2,0,18.5,0,1,2632258.7,0
37,15,22,0,0,4,3,3,1,3,4,3,1,0,489158.8,0
37,16,3,0,0.2,0.4,0.4,0.3,0.1,1.2,0.2,0.2,0,0,71007.4,1
37,23,2,0,0.2,0,0.4,0.4,0,0.5,0.4,0.1,0,0,37008.6,1
37,27,5,0.1,1.1,0.2,0.5,1.5,0,0.8,0.3,0.5,0,0,107961,1
37,28,1,0,0.2,0,0.1,0.3,0,0.2,0.1,0.1,0,0,21592.2,1
37,29,10.5,0.2,2.3,0.4,1.1,3.2,0,1.7,0.6,1,0,0,226718.1,1
37,40,1,0.1,0.1,0.1,0.2,0.2,0,0.1,0.1,0,0,0.1,23920.5,1
37,44,6,0,0.6,0.1,1,1.2,0.3,1.2,0.3,0.9,0.3,0.1,143406.6,1
37,48,11,0,1.1,0.3,1.9,2.1,0.5,2.2,0.5,1.6,0.5,0.3,262912,1
37,49,7,0,0.7,0.2,1.2,1.4,0.3,1.4,0.3,1,0.3,0.2,167307.7,1
37,54,4,0.2,0,0.3,1.2,0.5,0.1,0.5,0.6,0.2,0.4,0,83113.4,1
37,62,7,0.1,0.8,0.7,1.3,1,0.1,0.9,1.3,0.6,0.2,0,143456.3,1
37,64,17,0.3,1.9,1.7,3,2.5,0.3,2.2,3,1.5,0.6,0,348393.9,1
37,65,92.5,2,11.5,6,7,23,2,19,10,8,2,2,2032631,0
37,66,106,3,7,9,16,17,5,24,15,4,5,1,1978535.1,0
37,67,131,7,19,12,23,27,6,12,7,8,9,1,2682254.9,0
37,68,21,1.3,2.1,1,3.7,5.4,1.1,2.9,1.7,1,0.8,0,487331,1
37,69,19,1.2,1.9,0.9,3.3,4.9,1,2.6,1.6,0.9,0.7,0,440918.5,1
37,70,75,4,8.5,5,15,19,2,12,2,4.5,0,3,1885254.5,0
37,71,67,2,11,6,9,22,1,7,0,2,0,7,1484126.6,0
37,76,16,0.2,2.8,1.6,0.4,4.1,0.4,3.1,2,1,0,0.4,407453.2,1
37,77,73,0,18,2,3,23,0,4,9,9,3,2,1926449.9,0
37,78,56,5,0,2,11,11,2,4,15,1,4,1,1331584.1,0
37,79,73,4,2,1,12,11,3,8,16,4,9,3,1867401.3,0
37,80,52.5,3.5,3,1,12,10,1,4,10,4,3,1,1089595.3,0
37,81,5,0.2,0,0.1,1.2,0.4,0.2,0.7,1.5,0.5,0.1,0.1,115215.5,1
37,83,3,0.1,0.4,0.1,0.4,0.7,0,0.5,0.2,0.3,0.2,0.1,65275,1
37,85,2,0.1,0.3,0.1,0.2,0.4,0,0.3,0.2,0.2,0.1,0.1,43516.7,1
37,86,6,0.2,0.8,0.2,0.7,1.3,0.1,0.9,0.5,0.7,0.4,0.2,130550,1
37,95,2,0.1,0.2,0,0.1,0.5,0,0.5,0.2,0.1,0.1,0.2,34223.8,1
37,105,3,0.3,0.1,0.2,0.6,0.6,0.1,0.5,0.3,0.2,0,0.1,57160.5,1
37,106,6,0.6,0.3,0.4,1.2,1.2,0.2,0.9,0.6,0.4,0,0.2,114321.1,1
37,108,2,0.2,0.1,0.1,0.4,0.4,0.1,0.3,0.2,0.1,0,0.1,38107,1
37,113,22,0.4,3.4,0.9,3.9,5.4,0.5,1.4,2.5,1.8,0.7,1.1,448025.2,1
37,114,24,0.5,3.7,1,4.2,5.9,0.5,1.5,2.7,2,0.8,1.2,488754.8,1
37,125,2,0.1,0.1,0,0.6,0.3,0,0.3,0.4,0.1,0.1,0,47550.5,1
37,131,5,0.6,0.2,0.2,1.5,0.6,0.5,0.4,0.4,0.4,0.2,0,106408.6,1
37,134,9,1.2,0.6,0,3.9,0.3,1.2,1.5,0,0.3,0,0,150505.7,1
37,136,2,0.2,0.1,0,0.9,0.1,0.3,0.3,0,0.1,0,0,33445.7,1
37,150,8,0.7,0.9,0.6,1.4,1.6,0.4,0.7,0.4,0.7,0.2,0.4,175141.2,1
37,155,2,0.2,0.1,0.1,0.6,0.2,0.1,0.3,0,0.3,0.1,0,36124.8,1
37,158,4,0.1,0.5,0.2,0.6,1.1,0.1,0.5,0.3,0.2,0.2,0.2,80737.2,1
37,159,14,0.2,1.9,0.6,2,3.9,0.2,1.8,1.2,0.8,0.8,0.6,282580.3,1
37,160,53,1,5,1,5,9,1,9,15,2,4,1,977350.6,0
37,161,86,2,9,7,7,19,1,12,20,2,6,1,1678231.5,0
37,162,54,3,5,2,11,8,2,9,10,3,1,0,1103677,0
37,163,94,8,11,7,25,20,5,5,1,9,1,2,1960396.4,0
37,164,4,0.2,0.5,0.2,0.4,1.4,0.2,0.4,0.1,0.3,0.1,0.2,75157,1
37,165,19,1,1,0,3,9,0,1,3,1,0,0,280706.7,0
37,167,7,0.2,1,0.5,0.7,1.4,0.1,0.9,1,0.5,0.3,0.4,153916.7,1
37,202,2,0.2,0.1,0.2,0.4,0.5,0,0.2,0.2,0.1,0,0.1,38337.5,1
37,203,3,0.2,0.2,0.3,0.5,0.8,0.1,0.3,0.3,0.2,0,0.1,57506.3,1
37,209,16,1.3,1.2,1.4,2.9,4,0.4,1.7,1.5,1.2,0,0.4,306700,1
37,210,25,2.1,1.8,2.1,4.5,6.4,0.6,2.7,2.4,1.8,0,0.6,479218.8,1
37,211,6,0.5,0.4,0.5,1.1,1.5,0.1,0.7,0.6,0.4,0,0.2,115012.5,1
37,232,7,0.3,0.7,0.3,1.1,1.6,0.2,1.1,0.9,0.5,0.2,0.1,132123.5,1
37,233,23,1,2.4,1,3.4,5.2,0.7,3.4,3.1,1.7,0.7,0.4,434120.2,1
37,242,13,0.9,1.9,0.3,2.6,2.6,0.4,0.4,1.5,1.7,0.5,0.2,287815.4,1
37,243,4,0.3,0.6,0.1,0.8,0.8,0.1,0.1,0.5,0.5,0.2,0,88558.6,1
37,248,2,0.1,0.3,0,0.4,0.4,0.1,0.1,0.2,0.3,0.1,0,44279.3,1
37,255,6,0.1,1.1,0,0.9,1.3,0.2,1,0.6,0.4,0.3,0.1,118798.6,1
38,8,3,0.2,0.2,0.3,0.4,0.7,0,0.4,0.3,0.3,0.1,0.1,70327.1,1
38,9,9,0.5,0.6,0.7,1.3,2.1,0.1,1.3,0.9,0.8,0.4,0.3,210981.4,1
38,10,123,8.5,8,4,23,19,4,17,20,9.5,6,4,2433674.9,0
38,11,31,1.5,2,2.6,4.6,7.2,0.3,4.6,3.1,2.8,1.3,1,726713.7,1
38,12,12,0,0.8,1.6,1.7,1.2,0.2,4.9,0.8,0.8,0,0,284029.7,1
38,14,6,0,0.4,0.8,0.8,0.6,0.1,2.5,0.4,0.4,0,0,142014.9,1
38,15,3,0,0.2,0.4,0.4,0.3,0.1,1.2,0.2,0.2,0,0,71007.4,1
38,23,5,0,0.4,0,1.1,0.9,0.1,1.3,1.1,0.1,0,0,92521.4,1
38,27,4,0.1,0.9,0.2,0.4,1.2,0,0.6,0.2,0.4,0,0,86368.8,1
38,46,3,0,0.3,0.1,0.5,0.6,0.1,0.6,0.1,0.4,0.2,0.1,71703.3,1
38,48,2,0,0.2,0,0.3,0.4,0.1,0.4,0.1,0.3,0.1,0.1,47802.2,1
38,55,2,0.1,0,0.2,0.6,0.2,0,0.3,0.3,0.1,0.2,0,41556.7,1
38,56,3,0.1,0,0.2,0.9,0.4,0.1,0.4,0.5,0.1,0.3,0,62335.1,1
38,64,19,0.3,2.2,1.8,3.4,2.8,0.3,2.5,3.4,1.7,0.6,0,389381.5,1
38,65,60,1,5,3,9,12,0,9,13,2,5,1,1257882.7,0
38,66,91,12,2,1,29,8,6.5,15,2,6.5,7,2,1920704.7,0
38,67,74,7,7,7,15,10,2,7,9,4,4,2,1631889.4,0
38,68,13,0.8,1.3,0.6,2.3,3.3,0.7,1.8,1.1,0.6,0.5,0,301681.1,1
38,69,18,1.2,1.8,0.8,3.1,4.6,1,2.5,1.5,0.8,0.7,0,417712.3,1
38,70,115,7,19,7,14,38,0,8,4,8,1,9,2650508.2,0
38,71,96.5,2,16,7,11,35,1.5,7,0,14,2,1,2194252.8,0
38,72,9,0.1,1.6,0.9,0.2,2.3,0.2,1.7,1.2,0.6,0,0.2,229192.4,1
38,76,18,0.2,3.1,1.8,0.5,4.6,0.5,3.4,2.3,1.1,0,0.5,458384.8,1
38,77,60,0,9,0,4,12,2,5,17,8,2,1,1515476.7,0
38,78,78,3,9,3,15,15,1,3,8,10,8,3,1698658.7,0
38,79,53.5,6,2,1,10,10,1,2,10,5.5,6,0,1035455.1,0
38,80,91.5,1,12,6,20,23,0,6,9,6.5,4,4,1836609.8,0
38,81,56,1,9,5,8,17,3,1,5,1,4,2,1236333.5,0
38,82,102,4,10,4,11,14,1,2,10,4,40,2,2045578.5,0
38,83,22,0.6,3.1,0.6,2.8,4.9,0.3,3.4,1.8,2.4,1.5,0.6,478683.2,1
38,84,1,0,0.2,0,0.1,0.2,0,0.2,0.1,0.1,0.1,0,21758.3,1
38,93,5,0.2,0.6,0,0.4,1.3,0,1.1,0.6,0.2,0.2,0.4,85559.5,1
38,94,4,0.1,0.5,0,0.3,1.1,0,0.9,0.5,0.1,0.2,0.3,68447.6,1
38,105,11,1.1,0.6,0.7,2.1,2.2,0.4,1.7,1.2,0.7,0,0.3,209588.6,1
38,106,2,0.2,0.1,0.1,0.4,0.4,0.1,0.3,0.2,0.1,0,0.1,38107,1
38,107,2,0.2,0.1,0.1,0.4,0.4,0.1,0.3,0.2,0.1,0,0.1,38107,1
38,111,2,0.2,0.1,0.1,0.4,0.4,0.1,0.3,0.2,0.1,0,0.1,38107,1
38,114,11,0.2,1.7,0.5,1.9,2.7,0.2,0.7,1.3,0.9,0.3,0.6,224012.6,1
38,115,2,0,0.3,0.1,0.4,0.5,0,0.1,0.2,0.2,0.1,0.1,40729.6,1
38,117,2,0,0.3,0.1,0.3,0.4,0,0.5,0.2,0,0,0.2,56371.9,1
38,118,3,0,0.5,0.2,0.4,0.6,0,0.8,0.3,0,0,0.2,84557.9,1
38,119,13,0,2,0.9,1.8,2.5,0,3.4,1.1,0.2,0.2,0.9,366417.5,1
38,122,17,1,1,0,4.8,2.4,0.5,2.4,3.4,1,0.5,0,404179.4,1
38,125,4,0.2,0.2,0,1.2,0.6,0.1,0.6,0.8,0.2,0.1,0,95101,1
38,131,2,0.2,0.1,0.1,0.6,0.2,0.2,0.2,0.2,0.1,0.1,0,42563.4,1
38,146,12,1.1,1.3,0.9,2.1,2.4,0.6,1.1,0.6,1.1,0.2,0.6,262711.8,1
38,149,10,0.9,1.1,0.7,1.8,2,0.5,0.9,0.5,0.9,0.2,0.5,218926.5,1
38,158,9,0.1,1.2,0.4,1.3,2.5,0.1,1.2,0.8,0.5,0.5,0.4,181658.8,1
38,159,35.5,2,4.5,2,5,12,1,0,3,4,0,2,718517.5,0
38,160,51,4,10,2,13,10,2,0,3,2,5,0,1072724.5,0
38,161,74.5,1,5.5,0,14,12,2,10,14,6,10,0,1166467.6,0
38,162,76.5,2,5,5,11,17,0,6,15,3.5,9,3,1506926.3,0
38,163,98,6,7,8,17,17,1,10,11,3,16,2,1877689.2,0
38,164,94,0,4,7,9,11,2,12,35,3,11,0,1911272.1,0
38,165,92.5,4,4.5,1,10,18,3,11,24,4,12,1,1730900.3,0
38,166,85,8,11,5,17,22,5,2,7,8,0,0,1596962.9,0
38,167,16,0.5,2.4,1,1.6,3.1,0.3,2.1,2.4,1,0.8,0.8,351809.5,1
38,169,1,0,0.1,0.1,0.1,0.2,0,0.1,0.1,0.1,0.1,0.1,21988.1,1
38,170,1,0,0.1,0.1,0.1,0.2,0,0.1,0.1,0.1,0.1,0.1,21988.1,1
38,176,4,0.2,0.4,0.3,1,0.8,0.1,0.6,0.2,0.2,0.2,0,91719.6,1
38,181,2,0.1,0.2,0.1,0.5,0.4,0.1,0.3,0.1,0.1,0.1,0,45859.8,1
38,189,4,0.2,0.5,0,1.3,0.8,0.4,0,0.2,0.5,0,0.1,80959,1
38,205,5,0.4,0.4,0.4,0.9,1.3,0.1,0.5,0.5,0.4,0,0.1,95843.8,1
38,231,7,0.6,0.3,0.4,1.3,1.2,0,1.1,1.2,0.6,0.1,0.2,145628,1
38,232,5,0.2,0.5,0.2,0.7,1.1,0.2,0.7,0.7,0.4,0.2,0.1,94374,1
38,234,10,0.5,1,0.5,1.5,2.2,0.3,1.5,1.3,0.7,0.3,0.2,188747.9,1
38,241,7,0.8,0.4,0.2,2.2,2,0,0.2,0.4,0,0.4,0.4,193832.5,1
38,242,8,0.6,1.2,0.2,1.6,1.6,0.2,0.2,0.9,1,0.4,0.1,177117.2,1
38,248,9,0.6,1.3,0.2,1.8,1.8,0.3,0.3,1,1.2,0.4,0.1,199256.8,1
38,255,3,0.1,0.6,0,0.4,0.7,0.1,0.5,0.3,0.2,0.1,0,59399.3,1
39,2,2,0.2,0.1,0,0.5,0.3,0.1,0.2,0.4,0.1,0.1,0,41339,1
39,9,4,0.2,0.3,0.3,0.6,0.9,0,0.6,0.4,0.4,0.2,0.1,93769.5,1
39,10,7,0.4,0.5,0.6,1,1.6,0.1,1,0.7,0.6,0.3,0.2,164096.6,1
39,12,1,0,0.1,0.1,0.1,0.1,0,0.4,0.1,0.1,0,0,23669.1,1
39,22,2,0,0.2,0,0.4,0.4,0,0.5,0.4,0.1,0,0,37008.6,1
39,23,12,0,1,0,2.5,2.2,0.3,3.2,2.5,0.3,0,0,222051.4,1
39,24,6,0,0.5,0,1.3,1.1,0.1,1.6,1.3,0.1,0,0,111025.7,1
39,25,5,0,0.4,0,1.1,0.9,0.1,1.3,1.1,0.1,0,0,92521.4,1
39,36,4,0.4,0.2,0.3,0.8,0.8,0.1,0.6,0.3,0.2,0.1,0.2,95681.9,1
39,40,7,0.7,0.3,0.6,1.3,1.4,0.1,1,0.6,0.3,0.2,0.5,167443.4,1
39,41,4,0.4,0.2,0.3,0.8,0.8,0.1,0.6,0.3,0.2,0.1,0.2,95681.9,1
39,58,6,0.3,0,0.4,1.8,0.8,0.1,0.8,0.9,0.3,0.6,0,124670.1,1
39,63,5,0.1,0.6,0.5,0.9,0.7,0.1,0.6,0.9,0.4,0.2,0,102468.8,1
39,65,52,2,5,3,10,7,1,10,6,5,1,2,1225980.6,0
39,66,106,9,3,6,25,9,5,33,6,4,3,3,2430125.4,0
39,67,89,8,5,1,24,11,2,9,16,5,7,1,2142947.4,0
39,68,104,11,6,5,23,17,3,17,6,9,5,2,2115770.9,0
39,69,72,3,7,5,12,13,1,15,11,2,0,3,1642220.2,0
39,70,126,5,16,18,15,38,3,14,2,7,1,7,2706189.4,0
39,71,84,7,11,5,15,24,5,6,1,7,0,3,1875428.4,0
39,72,5,0.1,0.9,0.5,0.1,1.3,0.1,1,0.6,0.3,0,0.1,127329.1,1
39,73,2,0,0.3,0.2,0.1,0.5,0,0.4,0.3,0.1,0,0.1,50931.6,1
39,75,20,0.3,3.4,2,0.5,5.1,0.5,3.8,2.6,1.3,0,0.5,509316.5,1
39,76,48,2,8,5,6,12,1,4,6,2,1,1,1039944,0
39,77,45,1.8,0,0.9,10.8,3.6,1.8,6.3,13.5,4.5,0.9,0.9,1036939.6,1
39,78,99.5,3,7,3,15,16,2,12,20,9.5,9,3,2025785.5,0
39,79,76.5,3,6,6,20,10,2.5,10,7,6,6,0,1594252.9,0
39,80,107,4,7.5,9,19,23,5,9,11,9.5,8,2,2214256.5,0
39,81,74.5,4.5,9,2,10,16,3,6,6,8,4,6,1272866,0
39,82,85.5,6,2.5,4,10,14,3,7,24,4,10,1,1867197.4,0
39,83,19,0.5,2.7,0.5,2.4,4.2,0.3,2.9,1.6,2.1,1.3,0.5,413408.2,1
39,85,2,0.1,0.3,0.1,0.2,0.4,0,0.3,0.2,0.2,0.1,0.1,43516.7,1
39,90,7,0.5,0.5,0.9,0.7,0.9,0.4,1,1.1,0,0.5,0.5,159369.9,1
39,99,4,0.1,0.5,0,0.3,1.1,0,0.9,0.5,0.1,0.2,0.3,68447.6,1
39,105,4,0.4,0.2,0.3,0.8,0.8,0.1,0.6,0.4,0.3,0,0.1,76214,1
39,111,3,0.3,0.1,0.2,0.6,0.6,0.1,0.5,0.3,0.2,0,0.1,57160.5,1
39,117,4,0,0.6,0.3,0.5,0.8,0,1,0.3,0.1,0.1,0.3,112743.9,1
39,121,6,0,0.9,0.4,0.8,1.2,0,1.6,0.5,0.1,0.1,0.4,169115.8,1
39,122,1,0.1,0.1,0,0.3,0.1,0,0.1,0.2,0.1,0,0,23775.3,1
39,123,2,0.1,0.1,0,0.6,0.3,0,0.3,0.4,0.1,0.1,0,47550.5,1
39,139,4,0.2,0.6,0,0.4,1.2,0.1,0.7,0.1,0.6,0.1,0,72498.2,1
39,150,2,0.2,0.2,0.1,0.4,0.4,0.1,0.2,0.1,0.2,0,0.1,43785.3,1
39,158,8,0.1,1.1,0.3,1.2,2.2,0.1,1,0.7,0.5,0.5,0.3,161474.4,1
39,159,27,0,2,2,3,6,1,4,4,3,2,0,565070.6,0
39,160,40,0,5,0,2,12,1,9,5,0,6,0,896730.7,0
39,161,6,0.1,0.8,0.3,0.9,1.6,0.1,0.8,0.5,0.3,0.3,0.3,121105.8,1
39,162,37,2,1,2,8,3,3,0,6,3,9,0,656318.2,0
39,163,121,8,7.5,11,23,24,5,18,9,5.5,9,1,2285309.9,0
39,164,46,2,3,3,7,8,1,11,3,3,5,0,961261.7,0
39,165,93,3,3.5,4,8,12,1,27,24,2.5,7,1,1976833.6,0
39,166,90,8,8,4,25,23,4,4,2,8,1,3,1827808.9,0
39,167,28,1,5,0,4,6,2,2,4,2,2,0,529467.3,0
39,168,4,0.1,0.6,0.3,0.4,0.8,0.1,0.5,0.6,0.2,0.2,0.2,87952.4,1
39,171,2,0.1,0.3,0.1,0.2,0.4,0,0.3,0.3,0.1,0.1,0.1,43976.2,1
39,172,2,0.1,0.2,0.1,0.5,0.4,0.1,0.3,0.1,0.1,0.1,0,45859.8,1
39,173,1,0,0.1,0.1,0.3,0.2,0,0.1,0.1,0,0.1,0,22929.9,1
39,174,2,0.1,0.2,0.1,0.5,0.4,0.1,0.3,0.1,0.1,0.1,0,45859.8,1
39,182,5,0.3,0.4,0.1,1.1,1.3,0.1,0.4,0.8,0.4,0,0.1,98313.5,1
39,185,4,0.2,0.3,0.1,0.9,1.1,0.1,0.3,0.6,0.3,0,0.1,78650.8,1
39,191,9,0.5,1,0,2.8,1.8,0.9,0,0.5,1.2,0,0.3,182157.7,1
39,192,6,0.3,1,0.8,0.9,1.4,0,0.8,0.5,0.3,0,0,119730.4,1
39,201,4,0.2,0.7,0.5,0.6,0.9,0,0.5,0.4,0.2,0,0,79820.3,1
39,202,11,0.9,0.8,0.9,2,2.8,0.3,1.2,1,0.8,0,0.3,210856.3,1
39,212,4,0.4,0.2,0,1.2,0.6,0.1,0.3,0.4,0.6,0.2,0,78160.8,1
39,230,1,0.1,0,0,0.2,0.2,0,0.2,0.2,0.1,0,0,20804,1
39,231,3,0.2,0.1,0.2,0.6,0.5,0,0.5,0.5,0.3,0,0.1,62412,1
39,236,13,0.6,1.4,0.6,1.9,2.9,0.4,1.9,1.7,1,0.4,0.2,245372.3,1
39,241,1,0.1,0,0,0.3,0.3,0,0,0.1,0,0.1,0.1,27690.4,1
39,242,9,0.6,1.3,0.2,1.8,1.8,0.3,0.3,1,1.2,0.4,0.1,199256.8,1
39,252,3,0.1,0.6,0,0.4,0.7,0.1,0.5,0.3,0.2,0.1,0,59399.3,1
39,253,3,0.1,0.6,0,0.4,0.7,0.1,0.5,0.3,0.2,0.1,0,59399.3,1
39,255,2,0.1,0.4,0,0.3,0.4,0.1,0.3,0.2,0.1,0.1,0,39599.5,1
40,2,4,0.4,0.2,0,1,0.6,0.1,0.4,0.9,0.2,0.2,0,82678.1,1
40,3,2,0.2,0.1,0,0.5,0.3,0.1,0.2,0.4,0.1,0.1,0,41339,1
40,4,4,0.4,0.2,0,1,0.6,0.1,0.4,0.9,0.2,0.2,0,82678.1,1
40,8,19,0.9,1.3,1.6,2.8,4.4,0.2,2.8,1.9,1.7,0.8,0.6,445405.1,1
40,9,12,0.6,0.8,1,1.8,2.7,0.1,1.8,1.2,1.1,0.5,0.4,281308.5,1
40,11,10,0.5,0.7,0.8,1.5,2.3,0.1,1.5,1,0.9,0.4,0.3,234423.8,1
40,14,1.5,0,0.1,0.2,0.2,0.2,0,0.6,0.1,0.1,0,0,35503.7,1
40,23,5,0,0.4,0,1.1,0.9,0.1,1.3,1.1,0.1,0,0,92521.4,1
40,36,4,0.4,0.2,0.3,0.8,0.8,0.1,0.6,0.3,0.2,0.1,0.2,95681.9,1
40,58,3,0.1,0,0.2,0.9,0.4,0.1,0.4,0.5,0.1,0.3,0,62335.1,1
40,63,5,0.1,0.6,0.5,0.9,0.7,0.1,0.6,0.9,0.4,0.2,0,102468.8,1
40,66,5,0.1,0.6,0.5,0.9,0.7,0.1,0.6,0.9,0.4,0.2,0,102468.8,1
40,68,91,1,11,3,14,18,4,16,12,8,2,2,2070869.4,0
40,69,51.5,6,7.5,0,11,12,4.5,1,0,7.5,2,0,1174283.5,0
40,70,50,3,2.5,2,17,7,3,2,0,13.5,0,0,1131890.8,0
40,71,22,1.4,2.2,1,3.9,5.7,1.2,3,1.8,1,0.8,0,510537.2,1
40,75,82,3,18,1,5,32,3,2,2,13,1,2,1769474.8,0
40,76,86,3,13,7,14,28,1,3,4,10,3,0,1833439.4,0
40,77,283.5,16.5,41,23,53,75,10.5,17,18,17.5,8,4,4249158.1,0
40,78,101.5,3,4,6,17,9,4,11,29,5.5,11,2,2315455.4,0
40,79,139,4.5,14.5,7.5,31,35,4,11,8,16.5,5,2,2527029.6,0
40,80,95.5,7,9.5,10,29,18,2.5,7,4,5.5,3,0,1792608.3,0
40,81,56,2,7,8,5,12,1,3,14,1,2,1,1249243.8,0
40,82,86,5,6.5,2,13,13,1.5,2,38,2,3,0,1785938.9,0
40,83,9,0.2,1.2,0.3,1.1,2,0.1,1.4,0.8,1,0.6,0.3,195824.9,1
40,84,2,0.1,0.3,0.1,0.2,0.4,0,0.3,0.2,0.2,0.1,0.1,43516.7,1
40,87,4,0.3,0.3,0.5,0.4,0.5,0.2,0.6,0.6,0,0.3,0.3,91068.5,1
40,90,1,0.1,0.1,0.1,0.1,0.1,0,0.1,0.2,0,0.1,0.1,22767.1,1
40,100,2,0.1,0.2,0,0.1,0.5,0,0.5,0.2,0.1,0.1,0.2,34223.8,1
40,101,7,0.3,0.8,0,0.5,1.9,0,1.6,0.8,0.3,0.3,0.5,119783.3,1
40,110,4,0.4,0.2,0.3,0.8,0.8,0.1,0.6,0.4,0.3,0,0.1,76214,1
40,115,3,0.1,0.5,0.1,0.5,0.7,0.1,0.2,0.3,0.2,0.1,0.2,61094.4,1
40,118,5,0,0.8,0.3,0.7,1,0,1.3,0.4,0.1,0.1,0.3,140929.8,1
40,120,2,0,0.3,0.1,0.3,0.4,0,0.5,0.2,0,0,0.2,56371.9,1
40,121,16,0,2.5,1.1,2.2,3.1,0,4.2,1.4,0.2,0.2,1.1,450975.4,1
40,123,5,0.3,0.3,0,1.4,0.7,0.1,0.7,1,0.3,0.2,0,118876.3,1
40,131,7,0.8,0.3,0.4,2.1,0.8,0.6,0.6,0.6,0.5,0.3,0,148972,1
40,135,19,2.5,1.3,0,8.2,0.7,2.5,3.2,0,0.6,0,0,317734.2,1
40,140,2,0.1,0.3,0,0.2,0.6,0,0.3,0.1,0.3,0.1,0,36249.1,1
40,141,3.5,0.2,0.5,0,0.4,1,0.1,0.6,0.1,0.5,0.1,0,63435.9,1
40,159,15.5,0.2,2.1,0.7,2.2,4.2,0.2,2,1.4,0.9,0.9,0.7,312856.7,1
40,160,55,2,7,1,8,16,1,7,7,5,0,1,1126284.1,0
40,161,38,1,1,2,7,9,1,4,7,1,3,2,793123.4,0
40,162,62,3,10,6,6,15,0,7,7,4,3,1,1279457.3,0
40,163,15,0.7,1.9,0.9,1.6,5.2,0.7,1.3,0.4,1.2,0.2,0.9,281838.9,1
40,164,76,5,7,4,12,16,3,14,5,2,4,4,1695963.8,0
40,165,78,5,10,4,13,11,3,6,11,8,5,2,1443931.4,0
40,166,92,13,4,1,32,15,9,4,1,13,0,0,1866123,0
40,191,12,0.7,1.4,0,3.8,2.4,1.2,0,0.7,1.5,0,0.3,242876.9,1
40,196,4,0.2,0.7,0.5,0.6,0.9,0,0.5,0.4,0.2,0,0,79820.3,1
40,198,4,0.2,0.7,0.5,0.6,0.9,0,0.5,0.4,0.2,0,0,79820.3,1
40,201,4,0.2,0.7,0.5,0.6,0.9,0,0.5,0.4,0.2,0,0,79820.3,1
40,202,3,0.2,0.2,0.3,0.5,0.8,0.1,0.3,0.3,0.2,0,0.1,57506.3,1
40,204,2,0.2,0.1,0.2,0.4,0.5,0,0.2,0.2,0.1,0,0.1,38337.5,1
40,208,5,0.4,0.4,0.4,0.9,1.3,0.1,0.5,0.5,0.4,0,0.1,95843.8,1
40,209,4,0.3,0.3,0.4,0.7,1,0.1,0.4,0.4,0.3,0,0.1,76675,1
40,220,2,0.2,0.1,0,0.6,0.3,0,0.2,0.2,0.3,0.1,0,39080.4,1
40,228,3,0.2,0.1,0.2,0.6,0.5,0,0.5,0.5,0.3,0,0.1,62412,1
40,229,10,0.8,0.4,0.5,1.9,1.8,0,1.6,1.7,0.9,0.1,0.3,208040,1
40,230,5,0.4,0.2,0.3,0.9,0.9,0,0.8,0.8,0.4,0.1,0.2,104020,1
40,231,16,1.3,0.7,0.8,3,2.9,0,2.5,2.7,1.4,0.2,0.5,332864,1
40,232,4,0.2,0.4,0.2,0.6,0.9,0.1,0.6,0.5,0.3,0.1,0.1,75499.2,1
40,236,5,0.2,0.5,0.2,0.7,1.1,0.2,0.7,0.7,0.4,0.2,0.1,94374,1
40,237,4,0.5,0.2,0.1,1.3,1.2,0,0.1,0.2,0,0.2,0.2,110761.4,1
40,242,4,0.3,0.6,0.1,0.8,0.8,0.1,0.1,0.5,0.5,0.2,0,88558.6,1
40,255,4.5,0.1,0.8,0,0.7,1,0.2,0.7,0.5,0.3,0.2,0,89099,1
41,2,6,0.5,0.3,0,1.5,0.9,0.2,0.5,1.4,0.3,0.4,0,124017.1,1
41,3,12,1,0.7,0,3.1,1.7,0.3,1,2.8,0.7,0.7,0,248034.2,1
41,7,9,0.5,0.6,0.7,1.3,2.1,0.1,1.3,0.9,0.8,0.4,0.3,210981.4,1
41,16,3,0,0.2,0.4,0.4,0.3,0.1,1.2,0.2,0.2,0,0,71007.4,1
41,18,7,0.3,0.7,0.5,1.1,1.6,0,1,0.8,0.2,0.3,0.5,141195.8,1
41,19,7,0.3,0.7,0.5,1.1,1.6,0,1,0.8,0.2,0.3,0.5,141195.8,1
41,24,1,0,0.1,0,0.2,0.2,0,0.3,0.2,0,0,0,18504.3,1
41,47,4,0,0.4,0.1,0.7,0.7,0.2,0.8,0.2,0.6,0.2,0.1,95604.4,1
41,66,3.5,0.1,0.4,0.3,0.6,0.5,0.1,0.5,0.6,0.3,0.1,0,71728.2,1
41,67,6,0.4,0.6,0.3,1.1,1.5,0.3,0.8,0.5,0.3,0.2,0,139237.4,1
41,68,10,0.6,1,0.5,1.7,2.6,0.5,1.4,0.8,0.5,0.4,0,232062.4,1
41,75,8.5,0.1,1.5,0.9,0.2,2.2,0.2,1.6,1.1,0.5,0,0.2,216459.5,1
41,76,66,1,13,5,13,18,2,6,2,4,0,2,1290421.3,0
41,77,114,1,9.5,12,18,26,1.5,22,14,3,3,4,2032899.5,0
41,78,108.5,9,3.5,1,31,8,7,9,17,9,13,1,2299613.3,0
41,79,166.5,8.5,10.5,17,38,30,2.5,13,20,11,14,2,3426738.7,0
41,80,120.5,4,15.5,14,21,23,4,18,7,9,1,4,2462211.2,0
41,81,90.5,11,9,5,14,20,0,3,11,6.5,10,1,1845304.3,0
41,82,99,2,7,3,10,14,4,14,33,4,7,1,2056714.3,0
41,83,47,1,6,5,1,11,0,7,11,5,0,0,948804.3,0
41,84,1,0,0.2,0,0.1,0.2,0,0.2,0.1,0.1,0.1,0,21758.3,1
41,86,5,0.1,0.7,0.1,0.6,1.1,0.1,0.8,0.4,0.6,0.4,0.1,108791.6,1
41,101,2,0.1,0.2,0,0.1,0.5,0,0.5,0.2,0.1,0.1,0.2,34223.8,1
41,108,7,0.7,0.4,0.4,1.4,1.4,0.3,1.1,0.7,0.4,0,0.2,133374.6,1
41,115,1,0,0.2,0,0.2,0.2,0,0.1,0.1,0.1,0,0.1,20364.8,1
41,116,4,0.1,0.6,0.2,0.7,1,0.1,0.2,0.5,0.3,0.1,0.2,81459.1,1
41,120,3,0,0.5,0.2,0.4,0.6,0,0.8,0.3,0,0,0.2,84557.9,1
41,121,18,0,2.7,1.2,2.5,3.5,0,4.8,1.5,0.2,0.3,1.3,507347.4,1
41,125,2,0.1,0.1,0,0.6,0.3,0,0.3,0.4,0.1,0.1,0,47550.5,1
41,126,2,0.1,0.1,0,0.6,0.3,0,0.3,0.4,0.1,0.1,0,47550.5,1
41,129,14,1.6,0.7,0.7,4.2,1.7,1.3,1.1,1.1,1,0.6,0,297944,1
41,140,2,0.1,0.3,0,0.2,0.6,0,0.3,0.1,0.3,0.1,0,36249.1,1
41,144,6,0.5,0.7,0.4,1.1,1.2,0.3,0.6,0.3,0.5,0.1,0.3,131355.9,1
41,159,7,0.1,1,0.3,1,1.9,0.1,0.9,0.6,0.4,0.4,0.3,141290.1,1
41,160,6,0.1,0.8,0.3,0.9,1.6,0.1,0.8,0.5,0.3,0.3,0.3,121105.8,1
41,161,85,5,4,5,17,14,0,3,17,7,13,0,1706112.9,0
41,162,36,1,5,2,3,14,0,0,5,2,3,1,733550.5,0
41,163,6,0.3,0.8,0.3,0.6,2.1,0.3,0.5,0.2,0.5,0.1,0.3,112735.5,1
41,164,12,0.5,1.5,0.7,1.3,4.1,0.5,1.1,0.4,1,0.2,0.7,225471.1,1
41,165,10,0.4,1.3,0.6,1,3.4,0.5,0.9,0.3,0.8,0.2,0.6,187892.6,1
41,166,20,0.9,2.5,1.2,2.1,6.9,0.9,1.8,0.6,1.6,0.3,1.2,375785.2,1
41,167,10,0.3,1.5,0.6,1,2,0.2,1.3,1.5,0.6,0.5,0.5,219880.9,1
41,182,1,0,0.1,0,0.2,0.3,0,0.1,0.2,0.1,0,0,19662.7,1
41,187,10,0.6,1.1,0,3.1,2,1,0,0.6,1.3,0,0.3,202397.5,1
41,209,1,0.1,0.1,0.1,0.2,0.2,0,0.1,0.1,0.1,0,0,19168.8,1
41,227,20,1.7,0.8,1,3.8,3.6,0,3.2,3.4,1.7,0.2,0.6,416080,1
41,228,12,1,0.5,0.6,2.3,2.2,0,1.9,2,1,0.1,0.4,249648,1
41,229,7,0.6,0.3,0.4,1.3,1.2,0,1.1,1.2,0.6,0.1,0.2,145628,1
41,231,2,0.2,0.1,0.1,0.4,0.3,0,0.3,0.3,0.2,0,0.1,41608,1
41,242,2,0.1,0.3,0,0.4,0.4,0.1,0.1,0.2,0.3,0.1,0,44279.3,1
41,251,10,0.7,1.4,0.2,2,2,0.3,0.3,1.2,1.3,0.4,0.2,221396.5,1
41,252,19,0.4,3.6,0,2.8,4.1,0.7,3,2,1.3,0.9,0.2,376195.6,1
41,253,2,0.1,0.4,0,0.3,0.4,0.1,0.3,0.2,0.1,0.1,0,39599.5,1
42,2,27,3,2,2,4,5,1,4,4,0,1,1,523522.2,0
42,3,19,0.4,3,0.9,2.1,5.9,0.4,2.5,1.7,0.8,0.4,0.9,418353,1
42,6,17,0.4,2.6,0.7,1.9,5.3,0.4,2.3,1.5,0.7,0.4,0.8,374315.8,1
42,7,18,0.3,1.6,0.5,2.1,3.5,0,2.8,4.1,0.3,0.7,2.1,381853.7,1
42,8,4,0.1,0.3,0.1,0.5,0.8,0,0.6,0.9,0.1,0.1,0.5,84856.4,1
42,10,8,0.2,0.7,0.2,0.9,1.5,0,1.2,1.9,0.2,0.3,0.9,169712.8,1
42,16,5,0.3,0.2,0.2,1.3,1.1,0,0.7,0.6,0.1,0,0.5,117277.5,1
42,21,2,0.1,0.1,0.1,0.5,0.5,0,0.3,0.2,0,0,0.2,46911,1
42,30,3,0.3,0.2,0.1,0.6,0.4,0.1,0.3,0.4,0.2,0.1,0.3,65427.2,1
42,32,8,0,0.2,1.2,1.2,2.1,0,0.7,1.9,0.2,0.2,0.3,163620.8,1
42,35,1,0,0,0.2,0.2,0.3,0,0.1,0.2,0,0,0,20452.6,1
42,43,7,0.2,0.7,0.3,1,1.1,0,1.5,0.9,0.4,0.5,0.4,172315.9,1
42,47,4,0.1,0.4,0.1,0.6,0.7,0,0.9,0.5,0.2,0.3,0.2,98466.2,1
42,55,2,0,0.2,0.1,0.4,0.3,0.1,0.4,0.3,0.2,0,0,42140.6,1
42,60,13,1.4,0.7,0,3.4,1.4,0.3,1.4,4.1,0.3,0,0,302087.8,1
42,68,5,0.2,0.5,0.3,0.9,1.1,0,0.9,0.5,0.4,0,0.2,118822.7,1
42,69,4,0.2,0.4,0.3,0.7,0.8,0,0.7,0.4,0.3,0,0.2,95058.1,1
42,71,1,0,0.1,0.1,0.2,0.2,0,0.2,0.1,0.1,0,0,23764.5,1
42,75,31,0,7.4,2.2,0.7,13.3,0,1.5,0.8,0.7,2.2,2.2,664824.8,1
42,76,146.5,5,27,15,20,43,2,17,8,6.5,2,1,2726025.5,0
42,77,88,6,6,10,15,25,1,8,9,2,3,3,1936967.5,0
42,78,99,3,7.5,3.5,14,24,2,8,22,3,5,7,1880330.9,0
42,79,80.5,4,3,5,12,18,1,12,12,2.5,7,4,2210250.7,0
42,80,111,5,13,5,19,27,4,11,9,7,9,2,2257945.4,0
42,81,55,8,2.5,6.5,15,10,2,4,0,1,3,3,1252298.5,0
42,82,41,1,5,2,7,5,2,10,5,4,0,0,970783.6,0
42,83,108,14,11,1,34,8,10,5,11,13,1,0,1999970.1,0
42,84,57,8,8,2,22,2,4,0,2,7,2,0,1228666.9,0
42,85,14,0.2,2.8,2.5,0.8,4,0,2,0.5,0.8,0,0.4,273227.7,1
42,86,16,0.2,3.2,2.9,0.9,4.6,0,2.3,0.6,0.9,0,0.4,312260.3,1
42,87,27.5,2,3.2,2.6,3.8,6.1,0.8,2,2.6,3.1,0.5,0.8,556824.5,1
42,88,31,2.3,3.6,2.9,4.3,6.9,0.9,2.3,2.9,3.4,0.6,0.9,627693.1,1
42,89,17,1.2,2,1.6,2.4,3.8,0.5,1.2,1.6,1.9,0.3,0.5,344218.8,1
42,90,12,0.9,1.4,1.1,1.7,2.7,0.3,0.9,1.1,1.4,0.2,0.3,242978,1
42,91,7,0.5,0.8,0.6,1,1.6,0.2,0.5,0.7,0.8,0.1,0.2,141737.2,1
42,101,9,1,0.8,0.2,2.4,1.4,0,1.1,1.5,0.6,0,0,181487.8,1
42,113,3,0.1,0.1,0.1,0.2,0.6,0.1,0.4,0.9,0.1,0.4,0,68143,1
42,115,6,0.1,0.2,0.3,0.4,1.3,0.1,0.7,1.9,0.3,0.7,0,136286,1
42,116,1,0,0,0.1,0.1,0.2,0,0.1,0.3,0.1,0.1,0,22714.3,1
42,117,4,0.1,0.8,0.2,0.3,1.2,0.2,0.3,0.3,0.2,0.1,0.3,86669.9,1
42,119,3,0.1,0.6,0.2,0.2,0.9,0.2,0.2,0.2,0.2,0,0.2,65002.4,1
42,121,35,1,4,1,8,3,1,6,7,3,1,0,976684.9,0
42,122,22,0,2.8,1,0.3,5,0,7,3.6,1,0.3,1,552543.6,1
42,123,18,0,2.3,0.8,0.3,4,0,5.7,3,0.8,0.3,0.8,452081.2,1
42,124,68,1,8,12,3,24,0,4,1,2,1,12,1422845.6,0
42,125,63,1,13,6,8,16,1,3,7,6,2,0,1378051.5,0
42,126,20.5,0,2.6,0.9,0.3,4.6,0,6.5,3.4,0.9,0.3,1,514870.2,1
42,128,3,0.3,0.2,0.2,0.7,0.5,0.1,0.5,0.1,0.3,0,0.1,67945.8,1
42,129,4,0.4,0.3,0.2,1,0.6,0.2,0.6,0.1,0.4,0,0.2,90594.3,1
42,158,4,0.1,0.5,0.1,0.6,0.6,0.1,0.7,0.7,0.5,0.1,0,69935.6,1
42,160,7,0.3,0.9,0.3,1,1,0.1,1.2,1.2,0.9,0.1,0,122387.3,1
42,161,10,0.4,1.3,0.4,1.5,1.5,0.2,1.6,1.6,1.3,0.2,0,174839,1
42,162,18,0.8,1.6,0.8,3.7,2.9,0.4,4.5,2.1,0.4,0.8,0,369136.5,1
42,167,4,0,0.5,0.2,0.4,0.9,0.1,0.6,0.6,0.3,0.3,0.1,84099.9,1
42,171,1.5,0,0.2,0.1,0.2,0.3,0,0.2,0.2,0.1,0.1,0.1,31537.5,1
42,172,11,0.5,1.4,0.5,2.4,2.7,0,2.4,0.3,0.5,0,0.3,229910.7,1
42,176,3,0.1,0.4,0.1,0.7,0.7,0,0.7,0.1,0.1,0,0.1,62702.9,1
42,182,5,0.4,0,0,1,0.3,0.1,1.1,1.3,0.4,0.4,0,89802.3,1
42,186,3,0.2,0,0,0.6,0.2,0.1,0.7,0.7,0.2,0.3,0,53881.4,1
42,192,4,0.6,0,0.5,0.9,0.7,0.1,0.5,0.4,0.1,0.2,0,90929.5,1
42,194,3,0.5,0,0.4,0.6,0.5,0.1,0.4,0.3,0.1,0.1,0,68197.1,1
42,220,4,0.3,0.4,0.3,0.3,0.8,0,1,0.6,0,0.2,0.1,85098.2,1
42,226,1,0.1,0.1,0,0.1,0.1,0,0.1,0.3,0,0.2,0,21975.1,1
42,227,37.5,2,5,2,5,10,0,6,4,3.5,0,0,858339.6,0
42,228,33,1,5,0,4,10,2,3,4,1,0,3,682885.2,0
42,229,22,0.2,3.8,1,2.3,6,0.5,2,3,2.1,0.3,0.8,485512.4,1
42,242,7,0.5,0.4,1,1.3,1.5,0.1,1.1,0.3,0.3,0.3,0.2,130743.7,1
42,243,5,0.4,0.3,0.7,0.9,1.1,0.1,0.8,0.2,0.2,0.2,0.1,93388.4,1
42,246,6,0.5,0.4,0.9,1.1,1.3,0.1,0.9,0.2,0.2,0.2,0.2,112066,1
42,252,5,0.4,0.4,0.4,1.4,0.9,0.2,0.3,0.4,0.3,0.2,0.1,105023.3,1
42,255,9,0.8,0.7,0.6,2.6,1.6,0.4,0.5,0.7,0.6,0.3,0.2,189042,1
43,1,28,0.5,4.6,2.7,3.2,7.8,0.5,4.1,0.5,1.9,0.8,1.4,636363.8,1
43,2,59.5,2,7.5,1.5,9,16,0,7,9,3.5,0,4,1624968.3,0
43,3,89,3,5,9,13,19,2,21,8,0,4,5,2090991.6,0
43,4,7,0.1,1.1,0.3,0.8,2.2,0.2,0.9,0.6,0.3,0.2,0.3,154130,1
43,5,28.5,0,6.5,0,2,11,0,1,5,2,0,1,698762.7,0
43,6,67.5,2,1,4,14,10,1,9,16,4.5,4,2,1533767.9,0
43,7,56,0,6,3,6,9,1,10,7,6,7,1,1181012.1,0
43,8,3,0,0.3,0.1,0.3,0.6,0,0.5,0.7,0.1,0.1,0.3,63642.3,1
43,10,2,0,0.2,0.1,0.2,0.4,0,0.3,0.5,0,0.1,0.2,42428.2,1
43,30,2,0.2,0.1,0.1,0.4,0.3,0,0.2,0.3,0.1,0.1,0.2,43618.1,1
43,31,2,0.2,0.1,0.1,0.4,0.3,0,0.2,0.3,0.1,0.1,0.2,43618.1,1
43,32,1,0,0,0.2,0.2,0.3,0,0.1,0.2,0,0,0,20452.6,1
43,45,2,0.1,0.2,0.1,0.3,0.3,0,0.4,0.3,0.1,0.1,0.1,49233.1,1
43,60,4,0.4,0.2,0,1.1,0.4,0.1,0.4,1.3,0.1,0,0,92950.1,1
43,62,1,0,0.1,0.1,0.2,0.2,0,0.2,0.1,0.1,0,0,23764.5,1
43,66,4,0.2,0.4,0.3,0.7,0.8,0,0.7,0.4,0.3,0,0.2,95058.1,1
43,67,1,0,0.1,0.1,0.2,0.2,0,0.2,0.1,0.1,0,0,23764.5,1
43,70,2,0.1,0.2,0.1,0.3,0.4,0,0.4,0.2,0.2,0,0.1,47529.1,1
43,71,3,0.1,0.3,0.2,0.5,0.7,0,0.5,0.3,0.3,0,0.1,71293.6,1
43,76,108,8,20,14,15,32,2,2,6,6,2,1,2082832.6,0
43,77,12,0.3,1.2,0.9,2,4.1,0.3,2,0,0.6,0.6,0,301379,1
43,78,40,1,8,2,8,12,2,0,3,1,3,0,672630.2,0
43,79,110,2,9,3,17,14,4,31,19,4,7,0,2356776.3,0
43,80,102,2,11,4,12,24,3,12,11,11,10,2,2117103.8,0
43,81,41,0,8,1,9,6,1,1,4,6,4,1,769482.7,0
43,82,4,0.1,0.8,0.7,0.2,1.1,0,0.6,0.2,0.2,0,0.1,78065.1,1
43,83,3,0,0.6,0.5,0.2,0.9,0,0.4,0.1,0.2,0,0.1,58548.8,1
43,92,2,0.2,0.2,0,0.5,0.3,0,0.3,0.3,0.2,0,0,40330.6,1
43,93,8,0.9,0.7,0.1,2.1,1.3,0,1,1.3,0.6,0,0,161322.5,1
43,100,5,0.5,0.5,0.1,1.3,0.8,0,0.6,0.8,0.4,0,0,100826.6,1
43,113,10,0.2,0.2,0.5,0.7,2.2,0.2,1.2,3.1,0.5,1.2,0,227143.3,1
43,116,2,0.1,0.1,0.1,0.1,0.4,0.1,0.2,0.6,0.1,0.2,0,45428.7,1
43,117,10,0.2,2.1,0.5,0.8,3.1,0.5,0.8,0.6,0.5,0.1,0.8,216674.7,1
43,121,24,1,0,2,3,1,0,5,3,0,9,0,465521.1,0
43,122,47.5,0,0.5,0,5,1,0,23,7,3,6,2,1135836.8,0
43,123,102,2,6,12,10,25,0,23,11,2,3,8,2421938.6,0
43,124,91,4,8,9,16,24,4,5,10,9,2,0,1911292.6,0
43,125,60,3,7,7,9,14,3,4,0,7,3,3,907635,0
43,126,6,0,0.7,0.3,0.1,1.3,0,1.9,1,0.3,0.1,0.3,150693.7,1
43,132,3,0.2,0.2,0.1,0.7,0.3,0.1,0.5,0.4,0.2,0.2,0.1,59943.9,1
43,151,4,0.1,0.2,0.1,1.2,0.7,0.2,0.5,0.4,0.4,0.2,0,98689.6,1
43,155,2,0.1,0,0,0.5,0.3,0.1,0.4,0.3,0.2,0.1,0,45383.6,1
43,179,7,0.4,1,0.6,1.2,1.5,0.3,0.2,0.6,0.7,0.5,0,146071.3,1
43,181,13,0.8,1.9,1.1,2.2,2.8,0.6,0.3,1.1,1.4,0.8,0,271275.3,1
43,186,2,0.2,0,0,0.4,0.1,0,0.4,0.5,0.2,0.2,0,35920.9,1
43,197,1,0.2,0,0.1,0.2,0.2,0,0.1,0.1,0,0.1,0,22732.4,1
43,198,2,0.3,0,0.3,0.4,0.4,0,0.3,0.2,0,0.1,0,45464.7,1
43,199,6,1,0,0.8,1.3,1.1,0.1,0.8,0.5,0.1,0.3,0,136394.2,1
43,211,4,0,0.9,0.4,0.2,0.7,0,0.9,0.5,0.2,0.2,0,76064.4,1
43,213,17,1.2,1.7,1.2,1.2,3.5,0.3,4.2,2.7,0,0.7,0.3,361667.6,1
43,219,3,0.2,0.3,0.2,0.2,0.6,0.1,0.7,0.5,0,0.1,0.1,63823.7,1
43,220,10,0.7,1,0.7,0.7,2,0.2,2.5,1.6,0,0.4,0.2,212745.6,1
43,221,3,0.2,0.3,0.2,0.2,0.6,0.1,0.7,0.5,0,0.1,0.1,63823.7,1
43,224,1,0.1,0.1,0,0.1,0.1,0,0.1,0.3,0,0.2,0,21975.1,1
43,226,27,4,0,1,11,3,0,2,4,1,1,0,691600.7,0
43,227,43,1,3,3,3,13,0,7,3,5,2,3,1061489.5,0
43,228,29,0,5,0,0,7,0,4,4,2,6,1,694088.5,0
43,229,86.5,5,8.5,1,22,14,5,9,3,17,2,0,1613947.5,0
43,230,2,0,0.3,0.1,0.2,0.6,0,0.2,0.3,0.2,0,0.1,44137.5,1
43,237,9,0.8,0.3,1,1.5,2.3,0.4,1.5,0.6,0,0.4,0.2,186075.3,1
43,238,3.5,0.3,0.1,0.4,0.6,0.9,0.1,0.6,0.2,0,0.2,0.1,72362.6,1
43,244,20,1.6,1.3,2.8,3.6,4.4,0.3,3.1,0.8,0.8,0.8,0.5,373553.4,1
43,245,17,1.3,1.1,2.4,3.1,3.8,0.2,2.6,0.7,0.7,0.7,0.4,317520.4,1
43,246,12,0.9,0.8,1.7,2.2,2.6,0.1,1.9,0.5,0.5,0.5,0.3,224132.1,1
43,251,15,0.9,1.8,1.4,1.8,3.2,1.2,0.9,1.3,1.6,0.2,0.7,323591.9,1
44,0,21,0.4,3.5,2,2.4,5.9,0.4,3,0.4,1.4,0.6,1,477272.9,1
44,1,83.5,2,15.5,7.5,7,27,2,10,3,3.5,2,4,1884792.5,0
44,2,96,2,15,2,7,30,0,25,9,3,0,3,2421118,0
44,3,86,1,9,6,6,19,0,32,7,0,2,4,2282426.4,0
44,4,122.5,4,7,7.5,24,29,3,17,8,5,11,7,2602517.9,0
44,5,200,12,15.5,17,32,47,5,17,14,10.5,18,12,4272909.1,0
44,6,58.5,3,6.5,3,10,14,1,7,5,5,4,0,1324854.3,0
44,7,99,3,9,8,18,21,1,21,10,3,4,1,2137740.2,0
44,8,31,1,1.5,1,4,2,0,7,12,0.5,2,0,816784.7,0
44,9,44,2,2,2,9,6,4,3,10,5,1,0,872753.3,0
44,12,3,0.2,0.1,0.1,0.7,0.7,0,0.4,0.4,0.1,0,0.3,70366.5,1
44,15,3,0.2,0.1,0.1,0.7,0.7,0,0.4,0.4,0.1,0,0.3,70366.5,1
44,38,1,0,0,0.2,0.2,0.3,0,0.1,0.2,0,0,0,20452.6,1
44,42,8,0.3,0.8,0.3,1.2,1.3,0,1.7,1,0.4,0.6,0.4,196932.5,1
44,47,2,0.1,0.2,0.1,0.3,0.3,0,0.4,0.3,0.1,0.1,0.1,49233.1,1
44,62,4,0.2,0.4,0.3,0.7,0.8,0,0.7,0.4,0.3,0,0.2,95058.1,1
44,75,11,0,2.6,0.8,0.3,4.7,0,0.5,0.3,0.2,0.8,0.8,235905.6,1
44,78,50,2,4,2,6,6,0,16,10,1,1,2,1006375.2,0
44,79,116,4,12,9,8,31,2,24,16,7,3,0,2323788.1,0
44,80,93,2,6,6,13,29,1,20,5,7,3,1,1898610,0
44,81,51,2,4,5,7,17,0,11,1,3,0,1,1152145.4,0
44,82,6,0.1,1.2,1.1,0.4,1.7,0,0.9,0.2,0.3,0,0.1,117097.6,1
44,83,4,0.1,0.8,0.7,0.2,1.1,0,0.6,0.2,0.2,0,0.1,78065.1,1
44,85,19,0.2,3.9,3.4,1.1,5.4,0,2.7,0.7,1.1,0,0.5,370809.1,1
44,97,5,0.5,0.5,0.1,1.3,0.8,0,0.6,0.8,0.4,0,0,100826.6,1
44,102,6,0.5,0.6,0.2,1,0.9,0.2,1,0.7,0.3,0.3,0.3,134670.3,1
44,118,25,0.6,5.3,1.3,1.9,7.8,1.2,1.9,1.6,1.2,0.3,1.9,541686.8,1
44,121,65,5,5,8,17,14,2,3,3,0,7,1,1143439.5,0
44,122,80,5,5.5,1,15,7,3,12,10,4.5,14,3,1837864.6,0
44,123,61,6.5,3,1,12,8,2.5,12,3,4,4,5,1406802.9,0
44,124,69.5,1,7,6,9,16,2,3,17,2.5,4,2,1435950.6,0
44,125,178,11.5,33.5,8,33,34,10,10,15,20,1,2,2735077.6,0
44,126,61,6,11,1,7,19,1,2,3,3,6,2,1122390.5,0
44,127,9,0.8,0.6,0.5,2.2,1.4,0.4,1.4,0.3,0.9,0.1,0.4,203837.3,1
44,128,12,1.1,0.8,0.7,3,1.8,0.5,1.9,0.4,1.2,0.1,0.5,271783,1
44,129,2,0.2,0.1,0.1,0.5,0.3,0.1,0.3,0.1,0.2,0,0.1,45297.2,1
44,136,2,0.1,0.2,0.1,0.5,0.2,0.1,0.3,0.3,0.1,0.1,0,39962.6,1
44,137,4,0.2,0.3,0.2,0.9,0.4,0.2,0.7,0.5,0.3,0.2,0.1,79925.2,1
44,143,3,0.1,0.1,0.1,1,0.5,0.1,0.4,0.3,0.3,0.1,0,74017.2,1
44,155,5,0.2,0.1,0,1.2,0.8,0.3,0.9,0.7,0.6,0.2,0,113459.1,1
44,156,2,0.1,0,0,0.5,0.3,0.1,0.4,0.3,0.2,0.1,0,45383.6,1
44,161,9,0.3,1.2,0.3,1.3,1.3,0.2,1.5,1.5,1.2,0.2,0,157355.1,1
44,162,1,0,0.1,0,0.2,0.2,0,0.3,0.1,0,0.1,0,20507.6,1
44,163,6,0.3,0.5,0.3,1.2,1,0.1,1.5,0.7,0.1,0.3,0,123045.5,1
44,171,1,0,0.1,0,0.1,0.2,0,0.2,0.2,0.1,0.1,0,21025,1
44,177,16,1,2.4,1.4,2.7,3.4,0.7,0.3,1.4,1.7,1,0,333877.3,1
44,179,3,0.2,0.4,0.3,0.5,0.6,0.1,0.1,0.3,0.3,0.2,0,62602,1
44,181,8,0.5,1.2,0.7,1.4,1.7,0.3,0.2,0.7,0.8,0.5,0,166938.6,1
44,198,5,0.8,0,0.7,1.1,0.9,0.1,0.7,0.4,0.1,0.2,0,113661.8,1
44,213,1,0.1,0.1,0.1,0.1,0.2,0,0.2,0.2,0,0,0,21274.6,1
44,223,2,0.2,0.1,0,0.2,0.1,0,0.3,0.6,0.1,0.4,0,43950.2,1
44,225,7,0.6,0.4,0,0.8,0.4,0,1,2.3,0.2,1.3,0,153825.5,1
44,226,72,4,10,5,11,15,4,5,8,5,5,0,1251578.2,0
44,227,23,0.3,3.9,1,2.4,6.3,0.5,2.1,3.2,2.2,0.3,0.8,507581.2,1
44,228,66.5,3,6,8,8,17,2,9,4,4.5,4,1,1311463.5,0
44,229,11.5,0.1,2,0.5,1.2,3.2,0.3,1,1.6,1.1,0.1,0.4,253790.6,1
44,236,4,0.3,0.1,0.4,0.7,1,0.2,0.7,0.3,0,0.2,0.1,82700.2,1
44,237,3,0.3,0.1,0.3,0.5,0.8,0.1,0.5,0.2,0,0.1,0.1,62025.1,1
44,245,1,0.1,0.1,0.2,0.2,0.2,0,0.2,0,0,0,0,18677.7,1
44,246,3,0.2,0.2,0.4,0.6,0.7,0,0.5,0.1,0.1,0.1,0.1,56033,1
44,250,3,0.2,0.4,0.3,0.4,0.6,0.2,0.2,0.3,0.3,0,0.1,64718.4,1
44,251,15,0.9,1.8,1.4,1.8,3.2,1.2,0.9,1.3,1.6,0.2,0.7,323591.9,1
45,0,14,0.3,2.3,1.3,1.6,3.9,0.3,2,0.3,0.9,0.4,0.7,318181.9,1
45,1,103,0,13,11,5,41,0,19,0,0,2,12,2377617.5,0
45,2,111.5,5,5,15,15,32,2,19,7,0.5,4,7,2547101.5,0
45,3,113,4,10,6,15,20,1,34,12,5,2,4,2414708.2,0
45,4,2,0,0.3,0.1,0.2,0.6,0,0.3,0.2,0.1,0.1,0.1,44037.2,1
45,5,103,3,8,6,17,22,6,9,3,7,15,7,2091242.8,0
45,6,63,1,7,6,12,16,1,8,6,3,1,2,1302061.3,0
45,7,65.5,3,4.5,5,10,8,0,14,14,2,5,0,1386766,0
45,8,108,4,7,3,10,16,1,15,36,7,7,2,2460745.2,0
45,9,139,6,30,6,11,44,1,5,13,18,3,2,2889443.1,0
45,10,72,2,14,3,12,24,2,1,3,10,0,1,1613706,0
45,11,4,0.1,0.3,0.1,0.5,0.8,0,0.6,0.9,0.1,0.1,0.5,84856.4,1
45,37,2,0,0,0.3,0.3,0.5,0,0.2,0.5,0,0.1,0.1,40905.2,1
45,45,14,0.5,1.4,0.5,2,2.3,0,3,1.8,0.7,1,0.8,344631.9,1
45,46,10.5,0.4,1,0.4,1.5,1.7,0,2.3,1.3,0.6,0.7,0.6,258473.9,1
45,63,8,0.3,0.8,0.5,1.4,1.7,0,1.4,0.9,0.7,0,0.3,190116.3,1
45,77,9,0.2,0.9,0.7,1.5,3.1,0.2,1.5,0,0.4,0.5,0,226034.3,1
45,78,75,3,5,1,12,6,1,37,7,0,0,3,1699414.7,0
45,79,101,3,6,6,14,21,3,31,11,3,1,2,2252441.3,0
45,80,79,0,13,4,10,28,0,13,6,2,0,3,1698811.5,0
45,81,17,0.4,1.7,1.3,2.9,5.8,0.4,2.9,0,0.8,0.8,0,426953.6,1
45,84,4,0.1,0.8,0.7,0.2,1.1,0,0.6,0.2,0.2,0,0.1,78065.1,1
45,85,4,0.1,0.8,0.7,0.2,1.1,0,0.6,0.2,0.2,0,0.1,78065.1,1
45,87,8,0.6,0.9,0.7,1.1,1.8,0.2,0.6,0.8,0.9,0.2,0.2,161985.3,1
45,97,8,0.9,0.7,0.1,2.1,1.3,0,1,1.3,0.6,0,0,161322.5,1
45,102,2,0.2,0.2,0.1,0.3,0.3,0.1,0.3,0.2,0.1,0.1,0.1,44890.1,1
45,108,2,0.2,0.2,0.1,0.3,0.3,0.1,0.3,0.2,0.1,0.1,0.1,44890.1,1
45,118,28,0.7,5.9,1.4,2.1,8.7,1.4,2.1,1.8,1.4,0.4,2.1,606689.2,1
45,120,3,0.1,0.6,0.2,0.2,0.9,0.2,0.2,0.2,0.2,0,0.2,65002.4,1
45,121,93,5,2,13,31,14,3.5,8,6,2.5,7,1,1728920.7,0
45,122,142,11,13,12,36,18,4,14,14,10,6,4,2876772.9,0
45,123,149.5,10,18.5,9,35,31,8,12,6,12,7,1,2986343.2,0
45,124,66,0,2.5,8,10,10,1,12,15,2.5,5,0,1344325.5,0
45,125,123.5,6,9,10,26,19,2.5,16,15,8,11,1,2332201.8,0
45,126,69,4,3,7,11,19,0,3,10,2,3,7,1458205.3,0
45,127,47,0,5,4,10,8,0,13,5,2,0,0,979399.5,0
45,128,15,1.3,1,0.8,3.8,2.3,0.6,2.3,0.5,1.5,0.2,0.7,339728.8,1
45,129,15,1.3,1,0.8,3.8,2.3,0.6,2.3,0.5,1.5,0.2,0.7,339728.8,1
45,130,2,0.2,0.1,0.1,0.5,0.3,0.1,0.3,0.1,0.2,0,0.1,45297.2,1
45,131,7,0.6,0.4,0.4,1.8,1.1,0.3,1.1,0.2,0.7,0.1,0.3,158540.1,1
45,132,8,0.5,0.6,0.3,1.8,0.8,0.3,1.4,1.1,0.6,0.5,0.1,159850.5,1
45,133,3,0.2,0.2,0.1,0.7,0.3,0.1,0.5,0.4,0.2,0.2,0.1,59943.9,1
45,135,6,0.3,0.5,0.2,1.4,0.6,0.2,1,0.8,0.5,0.4,0.1,119887.8,1
45,137,2,0.1,0.2,0.1,0.5,0.2,0.1,0.3,0.3,0.1,0.1,0,39962.6,1
45,145,5,0.1,0.2,0.1,1.6,0.9,0.2,0.7,0.6,0.4,0.2,0,123362.1,1
45,146,1,0,0.1,0,0.3,0.2,0,0.1,0.1,0.1,0.1,0,24672.4,1
45,152,6,0.2,0.1,0,1.5,1,0.4,1.1,0.8,0.7,0.2,0,136150.9,1
45,160,28,1,1,2,4,4,2,4,4,2,4,0,564503.1,0
45,161,1,0,0.1,0,0.2,0.2,0,0.2,0.2,0.1,0,0,17483.9,1
45,182,2,0.2,0,0,0.4,0.1,0,0.4,0.5,0.2,0.2,0,35920.9,1
45,184,9,0.7,0,0,1.8,0.5,0.2,2,2.3,0.7,0.8,0,161644.1,1
45,186,2,0.2,0,0,0.4,0.1,0,0.4,0.5,0.2,0.2,0,35920.9,1
45,187,10,0.8,0,0,2,0.6,0.3,2.2,2.5,0.8,0.8,0,179604.5,1
45,205,1,0,0.2,0.1,0.1,0.2,0,0.2,0.1,0,0.1,0,19016.1,1
45,207,2,0,0.4,0.2,0.1,0.4,0,0.4,0.3,0.1,0.1,0,38032.2,1
45,208,2,0,0.4,0.2,0.1,0.4,0,0.4,0.3,0.1,0.1,0,38032.2,1
45,209,2,0,0.4,0.2,0.1,0.4,0,0.4,0.3,0.1,0.1,0,38032.2,1
45,210,1,0,0.2,0.1,0.1,0.2,0,0.2,0.1,0,0.1,0,19016.1,1
45,212,9,0.7,0.9,0.7,0.7,1.8,0.1,2.2,1.4,0,0.4,0.1,191471.1,1
45,213,28,0,3,0,5,6,0,9,3,2,0,0,755695.4,0
45,224,1,0.1,0.1,0,0.1,0.1,0,0.1,0.3,0,0.2,0,21975.1,1
45,225,19,1.7,1.1,0,2.2,1.1,0,2.8,6.1,0.6,3.4,0,417526.5,1
45,226,69.5,4,9,5.5,9,19,3,5,4,4,2,5,1528015.6,0
45,227,67,4,4,3,12,10,0,6,14,6,5,3,1431709.3,0
45,228,89,3,9,4,8,27,1,12,6,10,9,0,1765887.3,0
45,229,19,0.2,3.3,0.9,2,5.2,0.4,1.7,2.6,1.8,0.2,0.7,419306.2,1
45,231,47,0,13,0,2,18,0,4,1,6,1,2,885856.7,0
45,234,4,0.3,0.1,0.4,0.7,1,0.2,0.7,0.3,0,0.2,0.1,82700.2,1
45,236,5,0.4,0.2,0.5,0.9,1.3,0.2,0.9,0.3,0,0.2,0.1,103375.2,1
45,243,6,0.5,0.4,0.9,1.1,1.3,0.1,0.9,0.2,0.2,0.2,0.2,112066,1
46,0,11,0.2,1.8,1.1,1.3,3.1,0.2,1.6,0.2,0.7,0.3,0.5,250000.1,1
46,1,71,2,6,12,4,27,0,10,2,2,0,6,1626761.4,0
46,2,91,1,8,7,7,23,1,15,9,7,9,4,1974100.9,0
46,3,221.5,8,18,15,27,53,4,29,30,15.5,17,5,3675527,0
46,4,53,2,1,2,13,6,2,8,7,5,4,3,1118125.9,0
46,5,59,0,11.5,1,5,16,1,7,4,10.5,2,1,1308544.7,0
46,6,77.5,6,6.5,4,18,16,5,3,5,7,2,5,1651643.2,0
46,7,106.5,7,4,5,16,14,1,13,15,8.5,19,4,2427781.4,0
46,8,161.5,14,19.5,8,28,26,5,20,16,15,9,1,2663443.9,0
46,9,64.5,5,4.5,1,12,8,2,5,18,7,2,0,1221365.7,0
46,10,35,1,6,3,4,13,1,0,5,0,0,2,678306.6,0
46,11,13,0.2,1.1,0.4,1.5,2.5,0,2,3,0.3,0.5,1.5,275783.2,1
46,12,4,0.2,0.1,0.2,1,0.9,0,0.6,0.5,0.1,0,0.4,93822,1
46,15,2,0.1,0.1,0.1,0.5,0.5,0,0.3,0.2,0,0,0.2,46911,1
46,19,3,0.2,0.1,0.1,0.7,0.7,0,0.4,0.4,0.1,0,0.3,70366.5,1
46,24,7,0.6,0.5,0.1,1.4,1.1,0.1,0.8,1.1,0.4,0.3,0.6,152663.5,1
46,37,4,0,0.1,0.6,0.6,1.1,0,0.4,0.9,0.1,0.1,0.1,81810.4,1
46,45,1,0,0.1,0,0.1,0.2,0,0.2,0.1,0.1,0.1,0.1,24616.6,1
46,47,7,0.2,0.7,0.3,1,1.1,0,1.5,0.9,0.4,0.5,0.4,172315.9,1
46,57,1,0.1,0.1,0,0.3,0.1,0,0.1,0.3,0,0,0,23237.5,1
46,58,16,1.7,0.8,0,4.2,1.7,0.4,1.7,5.1,0.4,0,0,371800.4,1
46,59,4,0.4,0.2,0,1.1,0.4,0.1,0.4,1.3,0.1,0,0,92950.1,1
46,62,5,0.2,0.5,0.3,0.9,1.1,0,0.9,0.5,0.4,0,0.2,118822.7,1
46,81,3,0.1,0.3,0.2,0.5,1,0.1,0.5,0,0.1,0.2,0,75344.8,1
46,84,7,0.1,1.4,1.2,0.4,2,0,1,0.3,0.4,0,0.2,136613.9,1
46,85,3,0,0.6,0.5,0.2,0.9,0,0.4,0.1,0.2,0,0.1,58548.8,1
46,88,5,0.4,0.6,0.5,0.7,1.1,0.1,0.4,0.5,0.5,0.1,0.1,101240.8,1
46,102,7,0.6,0.7,0.2,1.3,1,0.2,1.3,0.8,0.3,0.3,0.3,157115.3,1
46,103,6,0.5,0.6,0.2,1,0.9,0.2,1,0.7,0.3,0.3,0.3,134670.3,1
46,108,16,1.4,1.6,0.5,2.8,2.4,0.5,2.8,1.9,0.7,0.7,0.7,359120.8,1
46,109,5,0.4,0.5,0.2,0.9,0.7,0.2,0.9,0.6,0.2,0.2,0.2,112225.2,1
46,113,3,0.1,0.1,0.1,0.2,0.6,0.1,0.4,0.9,0.1,0.4,0,68143,1
46,117,2,0,0.4,0.1,0.2,0.6,0.1,0.2,0.1,0.1,0,0.2,43334.9,1
46,118,5,0.1,1.1,0.2,0.4,1.6,0.2,0.4,0.3,0.2,0.1,0.4,108337.4,1
46,121,68.5,2,2,15,18,14,0,11,4,0.5,1,1,1467168.9,0
46,122,199.5,7,13.5,28,57,41,7,18,6,14,5,3,4024240.6,0
46,123,81,1,10,8,14,14,2,12,9,2,6,3,1558964.2,0
46,124,82,6,8,4,21,11,1,10,10,5,6,0,1702095.3,0
46,125,86,3,7,0,10,18,1,21,13,4,5,4,1922727.6,0
46,126,183.5,8,12.5,24,57,25,3,32,8,5,8,1,3456260.9,0
46,127,99,3,15,7,8,31,0,23,5,1,2,4,2201517.7,0
46,128,95.5,9,13,2,31,16,5,1,2,16.5,0,0,1968401.7,0
46,129,137.5,14,8.5,2,48,18,11,5,4,25,2,0,2851631.3,0
46,130,130,21,12.5,1,43,16,11.5,3,8,14,0,0,3042113,0
46,131,22,1.9,1.4,1.2,5.6,3.4,1,3.4,0.7,2.2,0.2,1,498268.9,1
46,133,2,0.1,0.2,0.1,0.5,0.2,0.1,0.3,0.3,0.1,0.1,0,39962.6,1
46,139,5,0.3,0.4,0.2,1.1,0.5,0.2,0.8,0.7,0.4,0.3,0.1,99906.5,1
46,151,5,0.1,0.2,0.1,1.6,0.9,0.2,0.7,0.6,0.4,0.2,0,123362.1,1
46,157,3,0.1,0.4,0.1,0.4,0.4,0.1,0.5,0.5,0.4,0.1,0,52451.7,1
46,159,4,0.1,0.5,0.1,0.6,0.6,0.1,0.7,0.7,0.5,0.1,0,69935.6,1
46,160,16,0.6,2.1,0.6,2.4,2.4,0.3,2.6,2.6,2.1,0.3,0,279742.3,1
46,162,5,0.2,0.5,0.2,1,0.8,0.1,1.3,0.6,0.1,0.2,0,102537.9,1
46,163,11,0.5,1,0.5,2.2,1.8,0.2,2.8,1.3,0.2,0.5,0,225583.4,1
46,165,3,0.1,0.3,0.1,0.6,0.5,0.1,0.8,0.3,0.1,0.1,0,61522.7,1
46,170,4,0,0.5,0.2,0.4,0.9,0.1,0.6,0.6,0.3,0.3,0.1,84099.9,1
46,176,3,0.1,0.4,0.1,0.7,0.7,0,0.7,0.1,0.1,0,0.1,62702.9,1
46,196,3,0.5,0,0.4,0.6,0.5,0.1,0.4,0.3,0.1,0.1,0,68197.1,1
46,201,12,1.9,0,1.6,2.6,2.1,0.3,1.6,1.1,0.3,0.5,0,272788.4,1
46,211,7,0,1.5,0.6,0.4,1.3,0,1.5,0.9,0.4,0.4,0,133112.7,1
46,212,36,2,4,4,3,7,0,7,3,1,4,1,674719.8,0
46,213,22,1.6,2.2,1.6,1.6,4.5,0.3,5.4,3.5,0,1,0.3,468040.4,1
46,223,3,0.3,0.2,0,0.3,0.2,0,0.4,1,0.1,0.5,0,65925.2,1
46,224,62,3,6,0,14,6,1.5,8,13,3.5,7,0,994294.9,0
46,225,70,5,5,1,19,10,1,11,11,3,3,1,1405721.7,0
46,226,75,3.5,5.5,7,15,15,2,10,6,5,6,0,1413090.2,0
46,227,68,6,9,5,18,9,4,3,5,8,1,0,1339414.4,0
46,228,26.5,0,3,0,2,10,1,6,2,2.5,0,0,455327.7,0
46,229,10,0.1,1.7,0.5,1,2.8,0.2,0.9,1.4,1,0.1,0.3,220687.5,1
46,235,4,0.3,0.1,0.4,0.7,1,0.2,0.7,0.3,0,0.2,0.1,82700.2,1
46,252,2,0.2,0.2,0.1,0.6,0.4,0.1,0.1,0.1,0.1,0.1,0,42009.3,1
47,1,34.5,0.3,3.4,2.7,2.4,12.6,0.3,5.1,2.7,0.4,0.7,3.9,802042.3,1
47,2,8,0.2,0.6,0.4,0.8,1.8,0,0.6,2,0.8,0.6,0.2,165183.4,1
47,3,55,2,4,6,10,8,2,6,7,7,2,1,1139294.8,0
47,4,76,0,3,3,2,13,1,15,20,2,15,2,1663389.3,0
47,5,66,3,2,1,7,5,2,7,22,2,15,0,1507140.5,0
47,6,106.5,7,10.5,4,15,19,1,10,10,8,17,5,2193358.5,0
47,7,72,2,10.5,4.5,8,18,1,9,7,3,4,5,1658027.1,0
47,8,58,0,5,10,6,14,1,9,8,0,4,1,832790.6,0
47,9,9,0.1,0.6,0.7,1.5,1.7,0.5,1,1,0.7,0.7,0.5,210765.5,1
47,10,4.5,0.1,0.3,0.3,0.8,0.8,0.3,0.5,0.5,0.3,0.3,0.3,105382.8,1
47,11,5,0.1,0.3,0.4,0.8,0.9,0.3,0.5,0.6,0.4,0.4,0.3,117092,1
47,12,4,0.2,0.1,0.2,1,0.9,0,0.6,0.5,0.1,0,0.4,93822,1
47,21,4,0.2,0.1,0.2,1,0.9,0,0.6,0.5,0.1,0,0.4,93822,1
47,24,1,0.1,0,0,0.2,0.1,0,0.2,0.2,0,0.1,0.1,19230.8,1
47,25,16.5,1.5,0.4,0.7,3.3,2.2,0.4,2.6,3,0.6,1.1,0.7,317307.7,1
47,26,33.5,3,4.5,0,4,11,2,3,4,2,0,0,751196.5,0
47,27,11,1,0.7,0.2,2.1,1.7,0.2,1.2,1.7,0.7,0.5,1,239899.8,1
47,35,4,0.1,0.5,0,0.4,0.9,0.1,0.8,0.6,0.3,0.3,0,87755.4,1
47,38,5,0,0.2,0.7,0.7,1.3,0,0.4,1.2,0.1,0.2,0.2,102263,1
47,54,1,0,0.1,0,0.2,0.2,0,0.2,0.2,0.1,0,0,21070.3,1
47,55,1,0,0.1,0,0.2,0.2,0,0.2,0.2,0.1,0,0,21070.3,1
47,56,3,0.1,0.3,0.1,0.6,0.5,0.1,0.6,0.4,0.3,0,0,63210.9,1
47,57,2,0,0.2,0.1,0.4,0.3,0.1,0.4,0.3,0.2,0,0,42140.6,1
47,58,6,0.2,0.5,0.2,1.2,1,0.2,1.2,0.9,0.6,0,0,126421.7,1
47,59,7,0.2,0.6,0.3,1.4,1.1,0.2,1.4,1,0.8,0,0,147492,1
47,61,3,0.1,0.3,0.1,0.6,0.5,0.1,0.6,0.4,0.3,0,0,63210.9,1
47,76,5,0.2,0.5,0.2,1.1,1.1,0,0.5,0.7,0,0.7,0,117968.3,1
47,82,4,0.2,0.3,0.3,0.4,0.7,0.1,0.5,1.1,0.2,0.1,0.1,71241.3,1
47,90,8,0.3,0.6,0.5,0.8,1.5,0.1,1,2.3,0.5,0.2,0.2,142482.6,1
47,94,11,1.2,1,0.2,2.9,1.7,0,1.4,1.8,0.8,0,0,221818.4,1
47,97,3,0.3,0.3,0,0.8,0.5,0,0.4,0.5,0.2,0,0,60495.9,1
47,108,10,0,1.4,0.7,0.7,3.3,0.2,1.9,0.9,0.2,0.5,0.2,244861.6,1
47,109,6,0,0.8,0.4,0.4,2,0.1,1.1,0.6,0.1,0.3,0.2,146916.9,1
47,113,1,0,0,0.1,0.1,0.2,0,0.1,0.3,0.1,0.1,0,22714.3,1
47,116,2,0.1,0.1,0.1,0.1,0.4,0.1,0.2,0.6,0.1,0.2,0,45428.7,1
47,117,28,1,3,0.5,6,5.5,0,5.5,3,3,0,0.5,817974.8,1
47,122,23.5,2,0,1,3,1,0,4,3,1.5,7,1,627375.4,0
47,123,89.5,4,9,3,23,16,1,8,11,4.5,7,3,1761047,0
47,124,109,4,7,7,17,27,0,22,14,3,5,3,2372183.8,0
47,125,125.5,8,4,5,23,13,4,18,37,8.5,5,0,2379966,0
47,126,88,5,5,7,11,10,2,25,16,2,0,5,2024937.2,0
47,127,51.5,0,10,7,2,18,0,5,3,0.5,1,5,980320.9,0
47,128,106.5,12,9,6,24,21,2,7,19,4.5,0,2,2172134.1,0
47,129,146,14,13,4,40,27,9,7,10,17,0,5,3008320,0
47,130,67,10,3,0,20,7,9,7,2,7,2,0,1326320.4,0
47,131,3,0.2,0.3,0.2,1,0.2,0.2,0.2,0.3,0.3,0.1,0,70180.5,1
47,137,4,0.2,0.3,0.2,0.9,0.4,0.2,0.7,0.5,0.3,0.2,0.1,79925.2,1
47,157,2,0.2,0,0.3,0.4,0.3,0.1,0.3,0.1,0.1,0.1,0.1,33750.8,1
47,163,16,0,2.2,0.7,1.5,3.5,0.3,2.5,2.5,1.1,1.2,0.5,336399.6,1
47,164,10,0,1.4,0.5,0.9,2.2,0.2,1.5,1.5,0.7,0.8,0.3,210249.8,1
47,165,3,0,0.4,0.1,0.3,0.7,0,0.5,0.5,0.2,0.2,0.1,63074.9,1
47,174,8,0.4,1,0.4,1.7,1.9,0,1.8,0.2,0.4,0,0.2,167207.8,1
47,175,8,0.4,1,0.4,1.7,1.9,0,1.8,0.2,0.4,0,0.2,167207.8,1
47,180,16,0.5,2.5,0.5,2.3,4.1,0.5,1,1.5,1.3,1.3,0.5,338972.8,1
47,181,1,0,0.2,0,0.1,0.3,0,0.1,0.1,0.1,0.1,0,21185.8,1
47,196,3,0,0.1,0.1,0.5,0.5,0,0.6,1,0,0.1,0.1,55761.4,1
47,201,5,0.8,0,0.7,1.1,0.9,0.1,0.7,0.4,0.1,0.2,0,113661.8,1
47,208,4,0.2,0.3,0.3,0.9,0.7,0.1,0.5,0.6,0.1,0,0.3,78802.8,1
47,210,13,0.8,1,1,2.9,2.2,0.3,1.7,1.9,0.3,0,0.9,256109,1
47,211,46.5,3,4.5,2,11,8,0,8,6,4,0,0,929499.2,0
47,212,61,1,12,5,3,20,1,5,8,3,1,2,1458910.2,0
47,213,6,0.3,0.6,0.3,0.6,0.3,0,0.6,1.6,0.2,1.3,0.2,107724.3,1
47,218,7,0.2,0.9,0.1,1,1.8,0.1,0.5,1.1,0.6,0.5,0.2,144573.9,1
47,222,3,0,0.2,0.1,0.3,0.5,0,0.6,0.9,0.1,0.3,0,56364.9,1
47,224,31,1,2,1,6,11,1,4,2,0,3,0,440293.5,0
47,225,85.5,4,5,3,29,14,1.5,10,6,9,4,0,1516737.9,0
47,226,60.5,5,1,5,12,10,2,6,4,4.5,9,2,1027984.5,0
47,227,77,5,13,8,16,14,2,2,5,8,4,0,1205808.9,0
47,234,1,0.1,0,0.1,0.2,0.3,0,0.2,0.1,0,0,0,20675,1
47,235,2,0.2,0.1,0.2,0.3,0.5,0.1,0.4,0.1,0,0.1,0,41350.1,1
47,250,5,0.3,1,0.3,0.8,1.1,0.2,0.7,0.2,0.2,0,0.2,98940.6,1
47,252,8,0.7,0.7,0.6,2.3,1.4,0.4,0.4,0.6,0.5,0.3,0.1,168037.3,1
48,2,20,0,1,0,1,3,0,2,8,1,4,0,397581.3,0
48,3,98,4,8,8,14,26,5,8,11,9,3,2,2238565.5,0
48,4,71,0,5,6,6,16,1,7,21,2,3,4,1778635.9,0
48,5,37,1,2,0,2,3,0,4,21,3,1,0,829786.7,0
48,6,15,0,0,2,5,3,0,1,3,0,1,0,271154.8,0
48,7,6,0.1,0.4,0.5,1,1.1,0.3,0.7,0.7,0.4,0.5,0.3,140510.3,1
48,23,36,3,4,1,10,5,1,2,4,6,0,0,713484.5,0
48,25,99.5,6,16.5,9,17,25,2,2,10,10,0,2,2201643.6,0
48,26,139.5,6,27.5,9,22,34,3,13,6,16,1,2,3064098.4,0
48,27,110,4,18,4,18,29,2,6,9,15,0,5,2277514.8,0
48,31,7,0.6,0.5,0.1,1.4,1.1,0.1,0.8,1.1,0.4,0.3,0.6,152663.5,1
48,32,13.5,0.2,1.8,0,1.3,3.1,0.4,2.7,2.2,0.9,0.9,0,296174.6,1
48,34,7,0.1,0.9,0,0.7,1.6,0.2,1.4,1.1,0.5,0.5,0,153572,1
48,35,2,0,0.3,0,0.2,0.5,0.1,0.4,0.3,0.1,0.1,0,43877.7,1
48,36,4,0.1,0.5,0,0.4,0.9,0.1,0.8,0.6,0.3,0.3,0,87755.4,1
48,41,2,0,0,0.3,0.3,0.5,0,0.2,0.5,0,0.1,0.1,40905.2,1
48,43,1,0,0,0,0.1,0.1,0,0.2,0.4,0,0.1,0.1,29012.1,1
48,51,13,1.2,1.5,0.7,3.4,2.5,1.2,0.2,0,2,0,0.3,253504,1
48,52,15,0.5,1.3,0.5,3,2.4,0.5,3,2.2,1.6,0,0,316054.3,1
48,58,5,0.2,0.4,0.2,1,0.8,0.2,1,0.7,0.5,0,0,105351.4,1
48,69,8,0.3,0.8,0.5,1.4,1.7,0,1.4,0.9,0.7,0,0.3,190116.3,1
48,73,5,0.2,0.5,0.2,1.1,1.1,0,0.5,0.7,0,0.7,0,117968.3,1
48,82,8,0.3,0.6,0.5,0.8,1.5,0.1,1,2.3,0.5,0.2,0.2,142482.6,1
48,87,2,0.1,0.2,0.1,0.2,0.4,0,0.3,0.6,0.1,0,0,35620.6,1
48,90,1,0,0.1,0.1,0.1,0.2,0,0.1,0.3,0.1,0,0,17810.3,1
48,95,5,0.5,0.5,0.1,1.3,0.8,0,0.6,0.8,0.4,0,0,100826.6,1
48,102,3,0.3,0.3,0.1,0.5,0.5,0.1,0.5,0.4,0.1,0.1,0.1,67335.1,1
48,108,4,0,0.5,0.3,0.3,1.3,0.1,0.7,0.4,0.1,0.2,0.1,97944.6,1
48,111,5,0,0.7,0.4,0.4,1.6,0.1,0.9,0.5,0.1,0.2,0.1,122430.8,1
48,115,1,0,0,0.1,0.1,0.2,0,0.1,0.3,0.1,0.1,0,22714.3,1
48,117,2,0.1,0.2,0,0.4,0.4,0,0.4,0.2,0.2,0,0.1,58426.8,1
48,122,25,0,2,1,1,6,0,5,6,0,2,2,581198.3,0
48,123,61,4,6,0,14,10,4,2,7,7,4,3,1274221.1,0
48,124,34,0,3,2,3,5,0,7,9,0,4,1,745839.2,0
48,125,71,2,2,2,8,12,2,13,23,2,5,0,1712587.6,0
48,126,60,1,6,4,8,15,0,4,11,7,1,3,1303218.6,0
48,127,114,2,26,3,15,30,2,8,6,20,0,2,2581399,0
48,128,146,8,17,9,38,29,5,5,7,23,3,2,3078324.2,0
48,129,70,6,4,0,23,8,4,7,6,11,1,0,1416466.7,0
48,130,2,0.1,0.2,0.1,0.7,0.2,0.1,0.1,0.2,0.2,0.1,0,46787,1
48,131,9,0.6,1,0.7,2.9,0.7,0.5,0.5,1,0.8,0.3,0,210541.6,1
48,141,4,0.2,0.3,0.2,0.9,0.4,0.2,0.7,0.5,0.3,0.2,0.1,79925.2,1
48,142,7,0.7,0.3,0.5,1.3,0.8,0.2,1,0.8,0.3,0.7,0.4,141556.4,1
48,164,2,0,0.3,0.1,0.2,0.4,0,0.3,0.3,0.1,0.2,0.1,42050,1
48,165,4,0,0.5,0.2,0.4,0.9,0.1,0.6,0.6,0.3,0.3,0.1,84099.9,1
48,169,8,0,1.1,0.4,0.8,1.7,0.1,1.2,1.2,0.6,0.6,0.3,168199.8,1
48,176,4,0.2,0.5,0.2,0.9,0.9,0,0.9,0.1,0.2,0,0.1,83603.9,1
48,180,11,0.3,1.7,0.4,1.6,2.8,0.3,0.7,1,0.9,0.9,0.4,233043.8,1
48,181,7,0.2,1.1,0.2,1,1.8,0.2,0.4,0.7,0.6,0.6,0.2,148300.6,1
48,182,14,1,2,0.2,2.4,2.5,1.2,1,1.7,2,0,0,268613.5,1
48,192,6,0,0.2,0.2,0.9,0.9,0,1.2,2.1,0,0.2,0.3,111522.8,1
48,207,4,0.2,0.3,0.3,0.9,0.7,0.1,0.5,0.6,0.1,0,0.3,78802.8,1
48,208,4,0.2,0.3,0.3,0.9,0.7,0.1,0.5,0.6,0.1,0,0.3,78802.8,1
48,210,86,8,7,6,17,20,7,7,2,7,1,4,1847685.6,0
48,211,103,6,17,5,20,22,4,7,9,6,7,0,2145311.1,0
48,212,83,4,3,6,7,14,0,16,18,2,12,1,1677427.3,0
48,213,2,0.1,0.2,0.1,0.2,0.1,0,0.2,0.5,0.1,0.4,0.1,35908.1,1
48,216,7,0.4,0.6,0.4,0.7,0.4,0,0.7,1.8,0.3,1.4,0.3,125678.4,1
48,217,3,0.1,0.4,0,0.4,0.8,0,0.2,0.5,0.3,0.2,0.1,61960.3,1
48,218,33,0,8,4,1,8,0,2,4,1,1,4,536002.1,0
48,219,14,0.4,1.8,0.1,1.9,3.6,0.3,1,2.2,1.3,1,0.4,289147.9,1
48,220,10,0.3,1.3,0.1,1.4,2.6,0.2,0.7,1.5,0.9,0.7,0.3,206534.2,1
48,221,1,0,0.1,0,0.1,0.3,0,0.1,0.2,0.1,0.1,0,20653.4,1
48,223,37,1,2,3,8,6,0,5,8,2,2,0,701518.2,0
48,224,32,1,1,1,4,3,0,5,9,1,6,1,622314.1,0
48,225,80.5,5,11.5,7,13,18,1,5,9,9,2,0,1707972.3,0
48,226,62,2,9,7,5,17,0,7,8,3,3,1,1256566,0
48,227,48,2,1.5,3,8,6,2,8,8,2.5,3,4,1123832.7,0
48,228,58,3,2,3,11,5,1,14,13,2,3,1,1156971.3,0
48,229,33,2,3,4,6,3,0,2,8,4,1,0,660072.8,0
48,236,3,0.3,0.1,0.3,0.5,0.8,0.1,0.5,0.2,0,0.1,0.1,62025.1,1
48,243,8,0.5,0.9,0.8,0.9,1.7,0.7,0.5,0.7,0.8,0.1,0.4,172582.3,1
48,244,1,0.1,0.1,0.1,0.1,0.2,0.1,0.1,0.1,0.1,0,0,21572.8,1
48,245,2,0.1,0.2,0.2,0.3,0.4,0.2,0.1,0.2,0.2,0,0.1,43145.6,1
48,247,6,0.4,1.2,0.4,1,1.3,0.2,0.8,0.3,0.2,0,0.2,118728.7,1
48,252,6,0.6,0.5,0.4,1.7,1.1,0.3,0.3,0.4,0.4,0.2,0.1,126028,1
48,255,2.5,0.2,0.2,0.2,0.7,0.5,0.1,0.1,0.2,0.2,0.1,0,52511.7,1
49,2,20,0.5,1.5,1,2,4.5,0,1.5,5,2,1.5,0.5,412958.4,1
49,6,1,0,0.1,0,0.1,0.2,0,0.1,0.3,0.1,0.1,0,20647.9,1
49,7,6,0.1,0.4,0.5,1,1.1,0.3,0.7,0.7,0.4,0.5,0.3,140510.3,1
49,8,8,0.2,0.5,0.6,1.3,1.5,0.4,0.9,0.9,0.6,0.6,0.5,187347.1,1
49,11,5,0.1,0.3,0.4,0.8,0.9,0.3,0.5,0.6,0.4,0.4,0.3,117092,1
49,16,4,0.2,0.1,0.2,1,0.9,0,0.6,0.5,0.1,0,0.4,93822,1
49,17,9,0.5,0.4,0.4,2.2,2,0,1.3,1.1,0.2,0,0.9,211099.5,1
49,23,38.5,2,0.5,2,9,7,0,4,6,1,7,0,793868.4,0
49,24,47,2,2,3,9,9,2,6,9,2,3,0,950424.6,0
49,25,101,5,9,5,11,24,2,11,27,3,2,2,2328552.9,0
49,26,103,4,17,4,8,33,2,8,23,2,0,2,2213466.6,0
49,27,86,0,1,2,7,10,0,35,23,3,2,3,1961901.6,0
49,29,4,0.3,0.3,0.1,0.8,0.6,0.1,0.4,0.6,0.3,0.2,0.3,87236.3,1
49,44,2,0,0.1,0,0.3,0.2,0,0.4,0.8,0,0.1,0.1,58024.2,1
49,46,6,0,0.2,0,0.9,0.7,0,1.2,2.3,0,0.3,0.4,174072.7,1
49,74,7,0.2,0.7,0.3,1.5,1.5,0,0.8,1,0,1,0,165155.6,1
49,75,2,0.1,0.2,0.1,0.4,0.4,0,0.2,0.3,0,0.3,0,47187.3,1
49,87,3,0.1,0.2,0.2,0.3,0.5,0.1,0.4,0.8,0.2,0.1,0.1,53431,1
49,102,5,0.4,0.5,0.2,0.9,0.7,0.2,0.9,0.6,0.2,0.2,0.2,112225.2,1
49,112,7,0.2,0.2,0.3,0.5,1.5,0.2,0.8,2.2,0.3,0.8,0,159000.3,1
49,115,4,0.1,0.1,0.2,0.3,0.8,0.1,0.5,1.2,0.2,0.5,0,90857.3,1
49,119,5,0.2,0.5,0.1,1.1,1,0,1,0.5,0.5,0,0.1,146066.9,1
49,122,16,2.9,0,0,5.9,3,0.3,0,3,0.9,0,0,332364.8,1
49,123,142.5,4,5,2,13,11,2,6,22,7.5,70,0,2530399.7,0
49,124,81,5,6,6,8,10,0,9,20,1,15,1,1610539.5,0
49,125,83,4,5,2,10,9,0,19,20,6,8,0,1738404,0
49,126,96.5,4.5,16,4,12,18,2,16,17,5,1,1,2077693.5,0
49,127,51,2,11,2,7,13,1,3,2,7,2,1,877681.8,0
49,128,31,2.2,3.4,2.3,10.1,2.3,1.7,1.7,3.4,2.8,1.1,0,725198.7,1
49,129,1,0.1,0.1,0.1,0.3,0.1,0,0.1,0.1,0.1,0,0,23393.5,1
49,136,5,0.3,0.4,0.2,1.1,0.5,0.2,0.8,0.7,0.4,0.3,0.1,99906.5,1
49,143,14,1.3,0.7,1,2.6,1.7,0.3,2,1.7,0.7,1.3,0.7,283112.9,1
49,144,2,0.2,0.1,0.1,0.4,0.2,0.1,0.3,0.2,0.1,0.2,0.1,40444.7,1
49,149,2,0,0.1,0,0.6,0.4,0.1,0.3,0.2,0.2,0.1,0,49344.8,1
49,156,4,0.1,0.1,0,1,0.7,0.3,0.7,0.5,0.5,0.1,0,90767.3,1
49,157,8,0.9,0,1.2,1.7,1.5,0.3,1.2,0.3,0.3,0.3,0.3,135003.1,1
49,173,4,0.2,0.5,0.2,0.9,0.9,0,0.9,0.1,0.2,0,0.1,83603.9,1
49,179,50,2,11,3,8,11,2,1,3,5,3,1,962176.5,0
49,180,34,3,2,0,9,4,1,7,8,0,0,0,693725.4,0
49,187,1,0.1,0,0,0.2,0.1,0,0.2,0.2,0.1,0.1,0,17960.5,1
49,190,2,0.2,0,0,0.4,0.1,0,0.4,0.5,0.2,0.2,0,35920.9,1
49,193,6,0,0.2,0.2,0.9,0.9,0,1.2,2.1,0,0.2,0.3,111522.8,1
49,197,1,0.2,0,0.1,0.2,0.2,0,0.1,0.1,0,0.1,0,22732.4,1
49,207,16,1,1.3,1.3,3.6,2.7,0.4,2.1,2.3,0.3,0,1,315211.1,1
49,208,56.5,5.5,5,5,14,6,2,1,11,6,1,0,1028788,0
49,209,8,0.5,0.6,0.6,1.8,1.4,0.2,1,1.2,0.2,0,0.5,157605.6,1
49,210,93,2,12,7,10,21,2,18,10,6,3,2,1841609.7,0
49,211,84,2,8,10,8,19,1,7,17,6,6,0,1535896.4,0
49,212,37,2.1,3.5,2.1,3.5,2.1,0,3.5,9.7,1.4,7.7,1.4,664300.1,1
49,213,127.5,4,15.5,8,30,22,2.5,18,14,6.5,6,1,2638519.8,0
49,217,5,0.1,0.6,0,0.7,1.3,0.1,0.4,0.8,0.5,0.4,0.1,103267.1,1
49,218,35,0,1,5,1,9,0,5,3,4,6,1,717644.5,0
49,219,6,0.2,0.8,0.1,0.8,1.5,0.1,0.4,0.9,0.6,0.4,0.2,123920.5,1
49,220,16,0.4,2.1,0.1,2.2,4.1,0.3,1.2,2.5,1.5,1.2,0.4,330454.7,1
49,223,41,4,3,6,9,6,2,6,2,1,0,2,912902.8,0
49,224,95,2,4,1,12,12,3,20,32,1,7,1,2088206,0
49,225,50.5,2,5,2,6,12,2,1,12,4.5,4,0,1046149,0
49,226,59,3,4,5,9,12,3,7,10,6,0,0,1333948.2,0
49,227,74,2,7,2,10,11,1,8,19,7,6,1,1355374.1,0
49,228,63,2,3,2,11,7,2.5,14,12,2.5,6,1,1343091.1,0
49,229,17,1.3,1.9,0.9,4.1,3,0.4,2.2,1.1,1.5,0.4,0.2,402478.7,1
49,230,2,0.2,0.2,0.1,0.5,0.4,0,0.3,0.1,0.2,0,0,47350.4,1
49,231,3,0.2,0.3,0.2,0.7,0.5,0.1,0.4,0.2,0.3,0.1,0,71025.7,1
49,237,1,0.1,0,0.1,0.2,0.3,0,0.2,0.1,0,0,0,20675,1
49,243,6,0.3,0.7,0.6,0.7,1.3,0.5,0.4,0.5,0.6,0.1,0.3,129436.8,1
49,244,4,0.2,0.5,0.4,0.5,0.9,0.3,0.2,0.3,0.4,0.1,0.2,86291.2,1
49,248,3,0.2,0.6,0.2,0.5,0.7,0.1,0.4,0.1,0.1,0,0.1,59364.3,1
49,250,12,0.8,2.3,0.8,2,2.7,0.4,1.6,0.6,0.4,0,0.4,237457.3,1
49,251,16,1.1,3.1,1.1,2.6,3.7,0.5,2.1,0.8,0.5,0,0.5,316609.8,1
49,252,2,0.2,0.2,0.1,0.6,0.4,0.1,0.1,0.1,0.1,0.1,0,42009.3,1
49,253,2,0.2,0.2,0.1,0.6,0.4,0.1,0.1,0.1,0.1,0.1,0,42009.3,1
50,0,22,0.2,2.2,1.7,1.5,8,0.2,3.3,1.8,0.2,0.4,2.5,511447.3,1
50,1,4,0,0.4,0.3,0.3,1.5,0,0.6,0.3,0,0.1,0.5,92990.4,1
50,5,5,0.1,0.4,0.2,0.5,1.1,0,0.4,1.3,0.5,0.4,0.1,103239.6,1
50,10,3,0.1,0.2,0.2,0.5,0.6,0.2,0.3,0.3,0.2,0.2,0.2,70255.2,1
50,22,31,1,2,3,3,7,0,6,7,0,1,1,760565.9,0
50,23,97,2,5.5,3,13,17,1,10,35,5.5,4,1,2059224.1,0
50,24,109,6,11,5,30,23,2,5,13,11,3,0,2231569.5,0
50,25,108,7,9,4,29,20,3,11,15,8,1,1,2196329.9,0
50,26,130.5,2,11,10,10,40,3,18,17,7.5,2,10,2795400.9,0
50,27,147,6,25.5,16,19,45,1.5,12,5,10,0,7,2990230,0
50,28,54,0,12,7,0,25,0,3,4,0,0,3,1239376.9,0
50,29,6,0.5,0.4,0.1,1.2,0.9,0.1,0.7,0.9,0.4,0.3,0.5,130854.4,1
50,44,42,1,4,1,6,3,0,11,13,1,1,1,1378997.9,0
50,45,94.5,10,6.5,1,26,18,7,11,4,9,0,2,2839175.3,0
50,46,109.5,9,10,0,41,17,9,6,0,17.5,0,0,2456742.8,0
50,47,33,3.1,3.8,1.9,8.7,6.2,3.1,0.6,0,5,0,0.6,643510.3,1
50,54,4,0.1,0.4,0.2,0.8,0.6,0.1,0.8,0.6,0.4,0,0,84281.1,1
50,79,9,0.3,1,0.3,1.9,1.9,0,1,1.3,0,1.3,0,212342.9,1
50,83,2,0.1,0.2,0.1,0.2,0.4,0,0.3,0.6,0.1,0,0,35620.6,1
50,84,3,0.1,0.2,0.2,0.3,0.5,0.1,0.4,0.8,0.2,0.1,0.1,53431,1
50,89,2,0.1,0.2,0.1,0.2,0.4,0,0.3,0.6,0.1,0,0,35620.6,1
50,102,5,0.4,0.5,0.2,0.9,0.7,0.2,0.9,0.6,0.2,0.2,0.2,112225.2,1
50,105,2,0.2,0.2,0.1,0.3,0.3,0.1,0.3,0.2,0.1,0.1,0.1,44890.1,1
50,106,2,0.2,0.2,0.1,0.3,0.3,0.1,0.3,0.2,0.1,0.1,0.1,44890.1,1
50,118,2,0.1,0.2,0,0.4,0.4,0,0.4,0.2,0.2,0,0.1,58426.8,1
50,122,6,1.1,0,0,2.2,1.1,0.1,0,1.1,0.4,0,0,124636.8,1
50,123,116.5,8,4.5,13,28,21,2,9,6,11,12,2,2281690.5,0
50,124,130.5,9,10.5,14,19,23,4,11,17,7,16,0,2452360.9,0
50,125,131.5,9,10.5,3,24,18,5,11,38,7,5,1,2566167.6,0
50,126,90,2,12,8,5,23,0,8,21,1,7,3,1902258.7,0
50,127,3,0.2,0.3,0.2,1,0.2,0.2,0.2,0.3,0.3,0.1,0,70180.5,1
50,135,4,0.2,0.3,0.2,0.9,0.4,0.2,0.7,0.5,0.3,0.2,0.1,79925.2,1
50,143,7,0.7,0.3,0.5,1.3,0.8,0.2,1,0.8,0.3,0.7,0.4,141556.4,1
50,144,12,1.1,0.6,0.9,2.3,1.4,0.3,1.7,1.4,0.6,1.1,0.6,242668.2,1
50,149,8,0.2,0.3,0.2,2.5,1.4,0.3,1.1,0.9,0.7,0.4,0,197379.3,1
50,152,8,0.3,0.1,0,1.9,1.4,0.5,1.4,1.1,1,0.3,0,181534.5,1
50,159,17,1.9,0,2.5,3.8,3.2,0.6,2.5,0.6,0.6,0.6,0.7,286881.7,1
50,179,4,0.1,0.7,0.1,0.6,1,0.1,0.3,0.4,0.3,0.3,0.1,84743.2,1
50,180,60,2,1,3,12,7,1,7,19,2,6,0,1127977.9,0
50,181,27,1,2,1,2,4,0,10,7,0,0,0,543559.8,0
50,196,4,0,0.1,0.1,0.6,0.6,0,0.8,1.4,0,0.2,0.2,74348.6,1
50,202,7,0,1.5,0.6,0.4,1.3,0,1.5,0.9,0.4,0.4,0,133112.7,1
50,203,5,0,1.1,0.4,0.3,0.9,0,1.1,0.6,0.3,0.3,0,95080.5,1
50,207,1,0.1,0.1,0.1,0.2,0.2,0,0.1,0.1,0,0,0.1,19700.7,1
50,208,6.5,0.4,0.5,0.5,1.5,1.1,0.2,0.9,0.9,0.1,0,0.4,128054.5,1
50,209,16,1,1.3,1.3,3.6,2.7,0.4,2.1,2.3,0.3,0,1,315211.1,1
50,210,33,1,0.5,3.5,5,5,1,4,9,0,4,0,689471.8,0
50,211,118,4,12,8,13,24,3,13,18,7,11,5,2261233.3,0
50,212,35,3,3,2,8,6,1,7,1,0,3,1,934473.1,0
50,213,105,3,17,10,18,24,3,9,11,2,7,1,2131186,0
50,215,1,0,0.1,0.1,0.1,0.1,0,0.1,0.3,0,0.2,0,17954.1,1
50,217,19,0.5,2.4,0.2,2.6,4.9,0.4,1.4,3,1.7,1.4,0.5,392415,1
50,218,4,0.1,0.5,0,0.6,1,0.1,0.3,0.6,0.4,0.3,0.1,82613.7,1
50,220,15,0.4,1.9,0.1,2.1,3.9,0.3,1.1,2.3,1.4,1.1,0.4,309801.3,1
50,222,2,0,0.1,0.1,0.2,0.3,0,0.4,0.6,0.1,0.2,0,37576.6,1
50,223,35,1,3,3,7,5,0,8,4,3,0,1,552319.3,0
50,224,47,1,7,1,4,9,2,8,7,1,5,2,1105844.3,0
50,225,13,0,1.1,0.5,1.1,2.2,0,2.7,3.8,0.5,1.1,0,244247.8,1
50,226,40,0,4,2,5,6,1,7,13,2,0,0,740484.6,0
50,227,31,1,2,4,5,3,0,7,6,2,1,0,541756.6,0
50,228,16,1.2,1.8,0.8,3.9,2.9,0.4,2,1,1.4,0.4,0.2,378803.5,1
50,231,13,1,1.5,0.7,3.1,2.3,0.3,1.6,0.8,1.2,0.3,0.2,307777.8,1
50,236,4,0.3,0.1,0.4,0.7,1,0.2,0.7,0.3,0,0.2,0.1,82700.2,1
50,237,3,0.3,0.1,0.3,0.5,0.8,0.1,0.5,0.2,0,0.1,0.1,62025.1,1
50,243,1,0.1,0.1,0.1,0.1,0.2,0.1,0.1,0.1,0.1,0,0,21572.8,1
50,244,19,1.1,2.3,1.8,2.3,4.1,1.6,1.1,1.6,2,0.2,0.9,409883.1,1
50,248,7,0.5,1.4,0.5,1.2,1.6,0.2,0.9,0.3,0.2,0,0.2,138516.8,1
50,250,2,0.1,0.4,0.1,0.3,0.4,0.1,0.3,0.1,0.1,0,0.1,39576.2,1
50,251,7,0.5,1.4,0.5,1.2,1.6,0.2,0.9,0.3,0.2,0,0.2,138516.8,1
50,252,9,0.8,0.7,0.6,2.6,1.6,0.4,0.5,0.7,0.6,0.3,0.2,189042,1
51,0,4,0,0.4,0.3,0.3,1.5,0,0.6,0.3,0,0.1,0.5,92990.4,1
51,2,5,0.1,0.4,0.2,0.5,1.1,0,0.4,1.3,0.5,0.4,0.1,103239.6,1
51,4,1,0,0.1,0,0.1,0.2,0,0.1,0.3,0.1,0.1,0,20647.9,1
51,9,7,0.1,0.5,0.5,1.2,1.3,0.4,0.8,0.8,0.5,0.5,0.4,163928.7,1
51,14,6,0.4,0.2,0.2,1.5,1.4,0,0.9,0.7,0.1,0,0.6,140733,1
51,23,27,2.4,0.6,1.2,5.5,3.6,0.6,4.3,4.9,0.9,1.8,1.2,519230.8,1
51,24,84.5,1,9.5,11,8,20,0,24,8,2,1,0,1942828.4,0
51,25,59,0,5,4,2,10,0,17,7,1,12,1,1362840.5,0
51,26,136.5,3,15,13.5,15,46,0,22,7,4,1,10,3283357.5,0
51,27,80,1,13,13,0,31,0,9,5,2,4,2,1979351.5,0
51,28,4,0.3,0.3,0.1,0.8,0.6,0.1,0.4,0.6,0.3,0.2,0.3,87236.3,1
51,38,10,0,0.3,1.5,1.5,2.6,0,0.9,2.3,0.3,0.3,0.3,204526.1,1
51,44,25,0,0.7,0,3.7,2.9,0,5.1,9.6,0,1.5,1.5,725303,1
51,45,120.5,11,4,4,27,19,7,19,16,10.5,0,3,2831208,0
51,46,143.5,13,10.5,4,50,18,12,6,7,21,0,2,3164199.2,0
51,47,86,9,7,1,32,13,6,5,3,10,0,0,2004186.7,0
51,48,7,0.7,0.8,0.4,1.8,1.3,0.7,0.1,0,1.1,0,0.1,136502.2,1
51,54,3,0.1,0.3,0.1,0.6,0.5,0.1,0.6,0.4,0.3,0,0,63210.9,1
51,55,3,0.1,0.3,0.1,0.6,0.5,0.1,0.6,0.4,0.3,0,0,63210.9,1
51,58,1,0,0.1,0,0.2,0.2,0,0.2,0.2,0.1,0,0,21070.3,1
51,71,1,0,0.1,0.1,0.2,0.2,0,0.2,0.1,0.1,0,0,23764.5,1
51,83,15,0.6,1.2,0.9,1.5,2.8,0.3,1.9,4.3,0.9,0.3,0.3,267154.9,1
51,84,1,0,0.1,0.1,0.1,0.2,0,0.1,0.3,0.1,0,0,17810.3,1
51,102,2,0.2,0.2,0.1,0.3,0.3,0.1,0.3,0.2,0.1,0.1,0.1,44890.1,1
51,105,5,0.4,0.5,0.2,0.9,0.7,0.2,0.9,0.6,0.2,0.2,0.2,112225.2,1
51,107,18,0,2.5,1.3,1.3,5.9,0.4,3.3,1.7,0.4,0.8,0.4,440750.8,1
51,115,2,0.1,0.1,0.1,0.1,0.4,0.1,0.2,0.6,0.1,0.2,0,45428.7,1
51,120,19,0.7,2,0.4,4.1,3.7,0,3.7,2,2,0,0.4,555054.3,1
51,121,38,0,4,1,3,14,0,12,2,0,0,2,896983.4,0
51,122,33,1,4,1,6,9,0,5,6,0,1,0,681741.3,0
51,123,109.5,8,10.5,6,22,23,2,15,12,3,7,1,2166017.7,0
51,124,66,3,5,1,12,8,2,8,25,2,0,0,1389770.6,0
51,125,101,1,3,2,10,16,0.5,9,51,1.5,5,2,2224664,0
51,126,5,0.9,0,0,1.9,0.9,0.1,0,0.9,0.3,0,0,103864,1
51,130,1,0.1,0.1,0.1,0.3,0.1,0,0.1,0.1,0.1,0,0,23393.5,1
51,131,5,0.4,0.5,0.4,1.6,0.4,0.3,0.3,0.5,0.4,0.2,0,116967.5,1
51,147,4,0.1,0.2,0.1,1.2,0.7,0.2,0.5,0.4,0.4,0.2,0,98689.6,1
51,149,13,0.3,0.6,0.3,4,2.3,0.6,1.7,1.4,1.2,0.6,0,320741.4,1
51,152,2,0.1,0,0,0.5,0.3,0.1,0.4,0.3,0.2,0.1,0,45383.6,1
51,162,8,0,1.1,0.4,0.8,1.7,0.1,1.2,1.2,0.6,0.6,0.3,168199.8,1
51,165,1,0,0.1,0,0.1,0.2,0,0.2,0.2,0.1,0.1,0,21025,1
51,167,2,0,0.3,0.1,0.2,0.4,0,0.3,0.3,0.1,0.2,0.1,42050,1
51,179,24,0.7,3.8,0.8,3.4,6.1,0.8,1.5,2.3,1.9,1.9,0.8,508459.2,1
51,180,80,6,5,7,14,13,2,11,11,2,8,1,1490141.7,0
51,181,52,2,3.5,2,10,14,0,8,10,0.5,2,0,1079890.1,0
51,182,35,2.5,4.9,0.6,6.1,6.1,3.1,2.5,4.3,4.9,0,0,671533.9,1
51,183,8,0.6,1.1,0.1,1.4,1.4,0.7,0.6,1,1.1,0,0,153493.5,1
51,193,3,0,0.1,0.1,0.5,0.5,0,0.6,1,0,0.1,0.1,55761.4,1
51,195,4,0,0.1,0.1,0.6,0.6,0,0.8,1.4,0,0.2,0.2,74348.6,1
51,198,3,0.5,0,0.4,0.6,0.5,0.1,0.4,0.3,0.1,0.1,0,68197.1,1
51,205,2,0,0.4,0.2,0.1,0.4,0,0.4,0.3,0.1,0.1,0,38032.2,1
51,209,4,0.2,0.3,0.3,0.9,0.7,0.1,0.5,0.6,0.1,0,0.3,78802.8,1
51,210,122.5,0,20.5,6,20,29,3,19,10,11,2,2,2079907.9,0
51,211,92,1,9,2,13,16,1,8,18,10,14,0,1698412.6,0
51,212,40.5,2,5.5,1,4,9,0,5,2,6,3,3,716898.3,0
51,213,119,5,9.5,5,32,18,2.5,9,20,7,8,3,2535787.3,0
51,217,8,0.2,1,0.1,1.1,2.1,0.1,0.6,1.3,0.7,0.6,0.2,165227.4,1
51,218,1,0,0.1,0,0.1,0.3,0,0.1,0.2,0.1,0.1,0,20653.4,1
51,224,3,0,0.2,0.1,0.3,0.5,0,0.6,0.9,0.1,0.3,0,56364.9,1
51,225,3,0,0.2,0.1,0.3,0.5,0,0.6,0.9,0.1,0.3,0,56364.9,1
51,229,13,1,1.5,0.7,3.1,2.3,0.3,1.6,0.8,1.2,0.3,0.2,307777.8,1
51,230,29,1,2,1,5,3,0,5,6,2,4,0,715061.5,0
51,231,15,1.1,1.7,0.8,3.6,2.7,0.4,1.9,0.9,1.3,0.4,0.2,355128.3,1
51,243,10,0.6,1.2,1,1.2,2.1,0.8,0.6,0.8,1.1,0.1,0.5,215727.9,1
51,248,2,0.1,0.4,0.1,0.3,0.4,0.1,0.3,0.1,0.1,0,0.1,39576.2,1
51,249,1,0.1,0.2,0.1,0.2,0.2,0,0.1,0.1,0,0,0,19788.1,1
52,1,2,0.1,0.1,0.2,0.2,0.5,0.1,0.3,0.2,0.2,0.1,0,39526.5,1
52,11,3,0.1,0.4,0.3,0.3,0.9,0,0.2,0.3,0.3,0.1,0.1,68012.2,1
52,15,7,0.3,0.3,0.5,0.8,1.3,0.3,1.2,1.2,0.6,0.1,0.4,176538.2,1
52,19,3,0,0.2,0,0.2,0.9,0,0.4,0.7,0,0.6,0,76863.6,1
52,24,12,0.4,0.7,0,2,1.9,0.2,4,1.5,0.8,0.5,0,267225.8,1
52,25,65,3,5,2,6,9,0,23,10,5,1,1,1576809.4,0
52,26,104,4,6,9,10,21,1,41,7,5,0,0,2622120.2,0
52,27,156,10,14.5,10.5,31,26,3,30,10,14,2,5,3339847.5,0
52,28,28,3.4,2.2,1.1,7.3,6.7,1.1,0,1.1,1.7,2.8,0.6,564060,1
52,32,7,0,0.7,0.2,0.4,1.3,0.2,1.3,2.1,0.2,0.4,0.2,164228.5,1
52,40,5,0,0.3,0,0.2,1.1,0.1,1.1,1.4,0.2,0.2,0.4,111657.3,1
52,44,25,0,3.7,0,2.2,5.9,1.4,2.2,5.9,1.5,0.7,1.5,811137.7,1
52,45,113,7,11,3,18,19,4,19,15,13,2,2,2730443.3,0
52,46,83.5,10,7,2,28,13,4.5,10,0,9,0,0,1676042.4,0
52,47,33.5,3.7,3.2,0.8,12.2,4.3,2,0.8,2,3.7,0.8,0,799049.3,1
52,55,4,0,0.3,0.3,0.4,1,0.1,0.5,0.6,0.4,0.3,0.1,93952.1,1
52,56,2,0,0.1,0.2,0.2,0.5,0,0.3,0.3,0.2,0.2,0,46976,1
52,57,3,0.2,0.2,0.2,0.7,0.3,0,0.4,0.5,0.2,0.3,0,76752.8,1
52,70,8,0.8,0.3,0.2,2.2,1.4,0.1,0.8,0.5,1.3,0.4,0,153811.6,1
52,71,1,0.1,0,0,0.3,0.2,0,0.1,0.1,0.2,0,0,19226.5,1
52,72,2,0.1,0.3,0.1,0.2,0.6,0,0.3,0.1,0.1,0.1,0.1,45351.3,1
52,81,5,0.2,0.6,0.2,0.5,1.5,0.1,0.8,0.3,0.3,0.2,0.3,113378.2,1
52,87,3,0.1,0.4,0.4,0.4,0.6,0.1,0.5,0.1,0.3,0,0.1,55045.3,1
52,94,9,1,0.5,0.6,2.4,1.4,0.5,0.8,0.4,0.8,0.6,0,195444.6,1
52,105,5,0.1,0.9,0.2,0.7,1.4,0.1,0.6,0.2,0.4,0.3,0.1,122844.2,1
52,115,5,0.2,0.4,0.4,0.7,0.9,0,1.1,0.7,0.2,0.4,0,118838,1
52,118,20,2.5,0.8,0.3,5.7,1.6,1.1,2.5,2.7,1.4,1.1,0.3,497543.3,1
52,119,64.5,11,2,3,29,9,3,1,0,6.5,0,0,1321084.8,0
52,120,6,0.7,0.3,0.1,1.7,0.5,0.3,0.8,0.8,0.4,0.3,0.1,149263,1
52,121,147.5,9,17,12,40,30,5.5,2,13,14,4,1,2728113.8,0
52,122,89,3,8,8,14,34,1,11,5,2,1,2,1949682.4,0
52,123,20,0.6,1.8,0.6,3.7,3,0.9,5.8,1.5,0.9,1.2,0,403972.8,1
52,124,90,3,1,1,14,9,1,35,15,6,3,2,1828330.7,0
52,125,81,1,10.5,8,7,14,1.5,17,15,2,4,1,1513454.5,0
52,137,8,0.6,0.7,0.3,1.9,1.4,0.6,0.5,0.7,1,0,0.3,160273.7,1
52,148,9,0,0.6,1,0.2,2.6,0,1.2,2.2,0.6,0.6,0,172623.3,1
52,149,1,0,0.1,0.1,0,0.3,0,0.1,0.2,0.1,0.1,0,19180.4,1
52,150,47,1,8,7,1,12,0,14,3,1,0,0,946371.2,0
52,151,56.5,0.5,13,2,2,24,2,2,2,5,1,3,1077200.1,0
52,153,21,1.2,1.2,0.4,2.9,3.3,1.2,2.9,5.4,2.1,0.4,0,448009.9,1
52,154,5,0.3,0.3,0.1,0.7,0.8,0.3,0.7,1.2,0.5,0.1,0,106669,1
52,155,5,0.3,0.3,0.1,0.7,0.8,0.3,0.7,1.2,0.5,0.1,0,106669,1
52,156,11,0.6,0.7,0.2,1.5,1.7,0.7,1.5,2.8,1.1,0.2,0,234671.9,1
52,170,3,0.2,0.1,0,0.7,0.6,0,0.4,0.7,0.2,0.1,0,62888.2,1
52,171,1,0.1,0,0,0.3,0.2,0,0.1,0.2,0.1,0,0,20962.7,1
52,180,16,0.7,1.3,3.3,1.7,6,0.3,0.3,0.7,0.7,0.7,0.3,286371.8,1
52,181,78,7,11,3,12,14,1,8,8,4,10,0,1345704.9,0
52,182,36,0,5,2,4,9,2,3,4,4,1,2,706280.4,0
52,183,8,0.5,0.9,0.1,1.6,1.6,0.5,0.3,1.4,1.1,0,0,164060.4,1
52,192,1,0,0.2,0,0.1,0.3,0,0.2,0.1,0,0.1,0,18626.9,1
52,194,4,0,0.7,0.1,0.4,1.2,0,0.7,0.4,0.2,0.2,0.1,74507.4,1
52,195,4,0,0.7,0.1,0.4,1.2,0,0.7,0.4,0.2,0.2,0.1,74507.4,1
52,204,4,0.2,0.3,0.2,0.8,0.7,0.1,0.5,0.4,0.1,0.4,0.3,79818.2,1
52,209,6,0.3,0.6,0.3,1.2,1,0.3,0.7,0.6,0.7,0.2,0.1,115799.1,1
52,210,92,2,14,2,16,19,3,14,9,9,2,2,1951867.6,0
52,211,68,1,3,2,0,11,1,19,24,1,6,0,1449141.2,0
52,212,90,3,4,12,15,14,3,20,8,6,1,4,2120295.1,0
52,213,2,0.1,0.2,0,0.2,0.3,0.1,0.2,0.5,0.1,0.3,0,40630.2,1
52,215,2,0.1,0.2,0,0.2,0.3,0.1,0.2,0.5,0.1,0.3,0,40630.2,1
52,226,5,0.3,0.4,0.3,0.7,1,0.2,0.6,0.8,0.2,0.3,0.2,101046.5,1
52,228,3,0.3,0.1,0,0.7,0.4,0,0.4,0.2,0.4,0.5,0,58611.5,1
52,229,8,0.7,0.3,0.1,1.9,1,0.1,1,0.6,1,1.3,0,156297.3,1
52,230,19,1.7,0.7,0.3,4.4,2.4,0.3,2.4,1.4,2.4,3,0,371206.1,1
52,242,4,0,0.5,0.3,1,0.9,0,0.5,0.1,0.3,0.4,0,90820.6,1
52,243,14,0,1.8,0.9,3.7,3.1,0,1.8,0.3,1.2,1.2,0,317872.1,1
52,248,8,1,0.8,0.4,1.6,1.8,0.2,0.6,0.5,0.7,0.3,0.1,160757.3,1
53,4,6,0.2,0.9,0.6,0.6,1.7,0,0.4,0.6,0.6,0.2,0.2,136024.4,1
53,11,6,0.2,0.9,0.6,0.6,1.7,0,0.4,0.6,0.6,0.2,0.2,136024.4,1
53,15,5,0.2,0.2,0.3,0.6,1,0.2,0.8,0.9,0.4,0.1,0.3,126098.7,1
53,19,1,0,0.1,0,0.1,0.3,0,0.1,0.2,0,0.2,0,25621.2,1
53,24,4,0.1,0.2,0,0.7,0.6,0.1,1.3,0.5,0.3,0.2,0,89075.3,1
53,25,18,0.6,1,0,3,2.8,0.2,6,2.3,1.3,0.8,0,400838.7,1
53,26,46,2,6,2,4,7,0,17,3,4,0,1,1025357.3,0
53,27,53,9,2,0,25,3,2,7,2,3,0,0,1205161.5,0
53,28,45,10,5,1,14,9,4,1,0,1,0,0,927958.2,0
53,40,17,0,1,0,0.8,3.8,0.2,3.8,4.8,0.5,0.8,1.3,379635,1
53,41,4,0,0.2,0,0.2,0.9,0.1,0.9,1.1,0.1,0.2,0.3,89325.9,1
53,42,3,0,0.4,0,0.2,0.7,0.2,0.3,0.7,0.2,0.1,0.2,97336.5,1
53,43,59,2,2,4,9,6,3,17,10,4,2,0,1418740,0
53,44,50,2,1,3,5,8,1,12,14,1,2,1,1286091.5,0
53,45,85.5,2,9,6,5,26,0,7,24,5.5,1,0,2044558.1,0
53,46,55,0,10,9,4,19,2,4,2,4,0,1,1391541.8,0
53,47,17,1.9,1.6,0.4,6.2,2.2,1,0.4,1,1.9,0.4,0,405487.7,1
53,48,2,0.2,0.2,0,0.7,0.3,0.1,0.1,0.1,0.2,0.1,0,47704.4,1
53,50,5,0.6,0.5,0.1,1.8,0.6,0.3,0.1,0.3,0.6,0.1,0,119261.1,1
53,55,2,0,0.1,0.2,0.2,0.5,0,0.3,0.3,0.2,0.2,0,46976,1
53,57,2,0.1,0.1,0.1,0.5,0.2,0,0.3,0.3,0.2,0.2,0,51168.5,1
53,58,9,0.7,0.5,0.5,2.2,1,0,1.2,1.5,0.7,0.7,0,230258.4,1
53,61,17,1.4,0.9,0.9,4.1,1.8,0,2.3,2.8,1.4,1.4,0,434932.5,1
53,62,4,0.4,0.2,0.1,1.1,0.7,0,0.4,0.3,0.6,0.2,0,76905.8,1
53,67,4,0.4,0.2,0.1,1.1,0.7,0,0.4,0.3,0.6,0.2,0,76905.8,1
53,69,2,0.2,0.1,0.1,0.5,0.4,0,0.2,0.1,0.3,0.1,0,38452.9,1
53,73,5,0.2,0.6,0.2,0.5,1.5,0.1,0.8,0.3,0.3,0.2,0.3,113378.2,1
53,74,3,0.1,0.4,0.1,0.3,0.9,0.1,0.4,0.2,0.2,0.1,0.2,68026.9,1
53,79,5,0.2,0.6,0.2,0.5,1.5,0.1,0.8,0.3,0.3,0.2,0.3,113378.2,1
53,97,5,0.5,0.3,0.3,1.3,0.8,0.3,0.5,0.2,0.5,0.3,0,108580.3,1
53,101,13,1.4,0.8,0.8,3.4,2,0.8,1.2,0.6,1.2,0.8,0,282308.9,1
53,102,3,0.1,0.5,0.1,0.4,0.8,0.1,0.3,0.1,0.3,0.2,0.1,73706.5,1
53,108,4,0.2,0.2,0.9,0.3,0.8,0,0.6,0.3,0.3,0.4,0,73489.3,1
53,119,17,2.1,0.7,0.2,4.9,1.4,0.9,2.1,2.3,1.2,0.9,0.3,422911.8,1
53,120,11,1.4,0.4,0.1,3.2,0.9,0.6,1.4,1.5,0.8,0.6,0.1,273648.8,1
53,121,67,0,9,12,5,21,1,5,7,4,0,3,1497077.6,0
53,122,59,0,7,12,1,24,1,5,3,3,0,3,1491475.1,0
53,124,28,2,3,2,7,4,0,3,6,1,0,0,578320.4,0
53,131,3,0,0.4,0.3,0.2,0.6,0.1,0.4,0.3,0.3,0.3,0.1,67341.5,1
53,137,1,0.1,0.1,0,0.2,0.2,0.1,0.1,0.1,0.1,0,0,20034.2,1
53,141,9,0.6,0.8,0.3,2.2,1.6,0.7,0.5,0.8,1.2,0,0.3,180307.9,1
53,150,17,0,1.1,1.9,0.4,4.9,0,2.3,4.2,1.1,1.1,0,326066.2,1
53,151,88,1,6,11,10,21,1,18,9,3,8,0,1790879.6,0
53,152,47.5,0,5,5,5,13,1.5,5,5,2,4,2,860422.1,0
53,153,40,2,2,2,13,7,4,3,0,5,0,2,1012612.1,0
53,155,2,0.1,0.1,0,0.3,0.3,0.1,0.3,0.5,0.2,0.1,0,42667.6,1
53,156,2,0.1,0.1,0,0.3,0.3,0.1,0.3,0.5,0.2,0.1,0,42667.6,1
53,163,4,0.3,0.4,0.2,0.9,0.4,0,0.6,0.5,0.3,0.4,0,69294,1
53,168,4,0.2,0.1,0,1,0.9,0,0.5,0.9,0.3,0.1,0,83850.9,1
53,169,7,0.4,0.2,0,1.7,1.5,0,0.9,1.5,0.6,0.2,0,146739.2,1
53,170,1,0.1,0,0,0.3,0.2,0,0.1,0.2,0.1,0,0,20962.7,1
53,177,5,0.2,0.4,1.1,0.5,1.9,0.1,0.1,0.2,0.2,0.2,0.1,89491.2,1
53,181,20,0.8,1.7,4.2,2.1,7.5,0.4,0.4,0.8,0.8,0.9,0.4,357964.7,1
53,182,30,1.7,3.5,0.6,5.9,5.9,1.8,1.2,5.3,4.1,0,0,615226.3,1
53,209,2,0.1,0.2,0.1,0.4,0.3,0.1,0.2,0.2,0.2,0.1,0.1,38599.7,1
53,210,77,2,9,4,16,21,3,7,6,8,0,1,1544351.7,0
53,211,44,0,3,1,4,6,1,12,8,1,5,3,869417.6,0
53,212,26,0,3,0,1,4,0,3,9,2,2,2,727776.9,0
53,215,13,0.9,0.9,0.2,1.4,2.1,0.5,1.4,3,0.7,1.6,0.3,264096.2,1
53,223,6,0.4,0.5,0.4,0.9,1.2,0.2,0.7,1,0.2,0.3,0.2,121255.8,1
53,224,4,0.2,0.3,0.3,0.6,0.8,0.1,0.5,0.6,0.2,0.2,0.2,80837.2,1
53,228,5,0.4,0.2,0.1,1.2,0.6,0.1,0.6,0.4,0.6,0.8,0,97685.8,1
53,231,1,0.1,0.1,0,0.2,0.1,0,0.1,0.1,0.1,0.2,0,19537.2,1
53,232,2,0.1,0.1,0.2,0.3,0.4,0.1,0.2,0.1,0.1,0.1,0.3,42937.2,1
53,236,8,0.2,0.5,0.7,1.4,1.7,0.2,0.9,0.5,0.2,0.5,1.2,171748.7,1
53,239,3,0.2,0.2,0.4,0.5,0.7,0.1,0.3,0.1,0.2,0.1,0.2,64141.6,1
53,240,1,0.1,0.1,0.1,0.2,0.2,0,0.1,0,0.1,0,0.1,21380.5,1
53,246,2,0,0.3,0.1,0.5,0.4,0,0.3,0,0.2,0.2,0,45410.3,1
53,248,2,0.2,0.2,0.1,0.4,0.4,0.1,0.2,0.1,0.2,0.1,0,40189.3,1
54,3,3,0.1,0.4,0.3,0.3,0.9,0,0.2,0.3,0.3,0.1,0.1,68012.2,1
54,8,6,0.2,0.9,0.6,0.6,1.7,0,0.4,0.6,0.6,0.2,0.2,136024.4,1
54,14,6,0.2,0.3,0.4,0.7,1.2,0.2,1,1.1,0.5,0.1,0.3,151318.5,1
54,16,2,0.1,0.1,0.1,0.2,0.4,0.1,0.3,0.4,0.2,0,0.1,50439.5,1
54,19,4,0,0.3,0,0.3,1.2,0,0.5,0.9,0,0.8,0,102484.7,1
54,26,10,0.3,0.6,0,1.7,1.5,0.1,3.4,1.3,0.7,0.4,0,222688.2,1
54,29,3,0.4,0.2,0.1,0.8,0.7,0.1,0,0.1,0.2,0.3,0.1,60435,1
54,30,6,0.7,0.5,0.2,1.6,1.4,0.2,0,0.3,0.4,0.6,0.1,120870,1
54,32,4,0,0.4,0.1,0.3,0.7,0.1,0.7,1.2,0.1,0.3,0.1,93844.9,1
54,33,2,0,0.2,0.1,0.1,0.4,0,0.4,0.6,0,0.1,0.1,46922.4,1
54,37,2,0,0.1,0,0.1,0.4,0,0.4,0.6,0.1,0.1,0.2,44662.9,1
54,38,4,0,0.2,0,0.2,0.9,0.1,0.9,1.1,0.1,0.2,0.3,89325.9,1
54,39,5,0,0.3,0,0.2,1.1,0.1,1.1,1.4,0.2,0.2,0.4,111657.3,1
54,40,64,0,1,0,7,11,0.5,28,14,0.5,0,2,1604825.1,0
54,41,79,5,2,5,14,5,1,17,25,3,1,1,1796025.5,0
54,42,31,2,3,1,5,5,1,3,4,3,2,2,867119.8,0
54,43,32,3,0,0,9,1,0,7,7,2,3,0,795541.7,0
54,44,92,1,8,9,9,17,1,8,29,5,3,2,1907008.5,0
54,45,124,2,16,12,10,42,2,7,13,8,7,5,2803562.7,0
54,46,204,8,41.5,11,31,76,7.5,5,3,14,0,7,4569758.7,0
54,47,121,4,24,1,15,38,9,7,4,17,1,1,2658757.6,0
54,48,4.5,0.5,0.4,0.1,1.6,0.6,0.3,0.1,0.3,0.5,0.1,0,107335,1
54,53,5,0,0.4,0.4,0.5,1.2,0.1,0.7,0.7,0.5,0.4,0.1,117440.1,1
54,58,6,0.5,0.3,0.3,1.5,0.6,0,0.8,1,0.5,0.5,0,153505.6,1
54,67,7,0.6,0.3,0.2,1.9,1.2,0.1,0.7,0.5,1.1,0.4,0,134585.2,1
54,85,2,0.1,0.3,0.2,0.3,0.4,0,0.3,0.1,0.2,0,0.1,36696.9,1
54,91,1,0.1,0.1,0.1,0.2,0.2,0,0.2,0,0.1,0,0,18348.4,1
54,97,14,1.5,0.9,0.9,3.7,2.1,0.8,1.3,0.6,1.3,0.9,0,304024.9,1
54,105,2,0,0.4,0.1,0.3,0.6,0,0.2,0.1,0.2,0.1,0,49137.7,1
54,111,4,0.2,0.2,0.9,0.3,0.8,0,0.6,0.3,0.3,0.4,0,73489.3,1
54,113,4,0.1,0.3,0.3,0.6,0.7,0,0.9,0.6,0.1,0.4,0,95070.4,1
54,115,3,0.1,0.2,0.3,0.4,0.5,0,0.7,0.4,0.1,0.3,0,71302.8,1
54,116,4,0.1,0.3,0.3,0.6,0.7,0,0.9,0.6,0.1,0.4,0,95070.4,1
54,117,2,0.2,0.1,0,0.6,0.2,0.1,0.3,0.3,0.1,0.1,0,49754.3,1
54,122,4,0.1,0.4,0.1,0.7,0.6,0.2,1.2,0.3,0.2,0.2,0,80794.6,1
54,123,8,0.2,0.7,0.2,1.5,1.2,0.4,2.3,0.6,0.4,0.5,0,161589.1,1
54,124,15,0.4,1.4,0.5,2.7,2.3,0.7,4.3,1.1,0.7,0.9,0,302979.6,1
54,127,5,0,0.7,0.4,0.3,1.1,0.1,0.7,0.5,0.5,0.5,0.2,112235.9,1
54,130,4,0,0.6,0.3,0.3,0.9,0.1,0.5,0.4,0.4,0.4,0.1,89788.7,1
54,133,5,0.3,0.4,0.2,1.2,0.9,0.4,0.3,0.4,0.7,0,0.2,100171.1,1
54,134,4,0.3,0.3,0.2,1,0.7,0.3,0.2,0.3,0.5,0,0.2,80136.8,1
54,137,4,0.3,0.3,0.2,1,0.7,0.3,0.2,0.3,0.5,0,0.2,80136.8,1
54,140,5,0.3,0.4,0.2,1.2,0.9,0.4,0.3,0.4,0.7,0,0.2,100171.1,1
54,141,13,0.9,1.1,0.5,3.1,2.4,0.9,0.8,1.1,1.7,0,0.5,260444.8,1
54,142,7,0.7,0.7,0.3,1.4,1.2,0.1,0.6,0.8,0.8,0.2,0.2,136331.4,1
54,150,52,1,11,0,8,17,3,0,0,11,0,1,1129771.1,0
54,151,62,0,8,1,3,15,0,6,13,12,4,0,1255826.6,0
54,152,32,4,2,2,13,3,2,3,0,3,0,0,583828.3,0
54,158,5,0.2,0.4,0.3,0.6,1,0.2,0.8,0.8,0.4,0.2,0.1,96325.2,1
54,159,2,0.1,0.2,0.1,0.2,0.4,0.1,0.3,0.3,0.2,0.1,0,38530.1,1
54,160,6,0.2,0.5,0.4,0.7,1.3,0.2,1,0.9,0.5,0.2,0.1,115590.3,1
54,168,37,5,1,1,11,7,4,2,4,2,0,0,717803.7,0
54,169,72,10,7,2,26,6,4,0,3,12,2,0,1220807.7,0
54,170,66,3,9,9,8,24,1,8,3,0,0,1,1463303.3,0
54,171,2,0.1,0,0,0.5,0.4,0,0.3,0.4,0.2,0.1,0,41925.5,1
54,172,6,0.5,0.7,0.1,1.5,1.4,0.4,0.5,0.2,0.6,0.1,0,126930.8,1
54,182,2,0.1,0.2,0,0.4,0.4,0.1,0.1,0.4,0.3,0,0,41015.1,1
54,183,2,0.1,0.2,0,0.4,0.4,0.1,0.1,0.4,0.3,0,0,41015.1,1
54,188,2,0.1,0.3,0.1,0.3,0.5,0,0.2,0.1,0.1,0.1,0.2,39425.7,1
54,193,22,0,3.8,0.6,2.4,6.5,0,3.6,2.4,0.9,1.2,0.6,409790.8,1
54,206,3,0.1,0.2,0.2,0.6,0.5,0.1,0.4,0.3,0.1,0.3,0.2,59863.6,1
54,207,3,0.1,0.3,0.2,0.6,0.5,0.2,0.3,0.3,0.3,0.1,0.1,57899.6,1
54,208,4,0.2,0.4,0.2,0.8,0.7,0.2,0.5,0.4,0.4,0.1,0.1,77199.4,1
54,209,5,0.2,0.5,0.3,1,0.8,0.3,0.6,0.5,0.6,0.1,0.1,96499.3,1
54,210,7,0.3,0.7,0.4,1.4,1.2,0.4,0.8,0.7,0.8,0.2,0.1,135099,1
54,211,22,0.9,2.3,1.1,4.5,3.6,1.1,2.5,2.3,2.5,0.7,0.5,424596.7,1
54,212,3,0.2,0.2,0,0.3,0.5,0.1,0.3,0.7,0.2,0.4,0.1,60945.3,1
54,213,2,0.1,0.2,0,0.2,0.3,0.1,0.2,0.5,0.1,0.3,0,40630.2,1
54,223,4,0.2,0.3,0.3,0.6,0.8,0.1,0.5,0.6,0.2,0.2,0.2,80837.2,1
54,224,8.5,0.5,0.7,0.6,1.2,1.8,0.3,1,1.4,0.3,0.4,0.3,171779,1
54,226,4,0.2,0.3,0.3,0.6,0.8,0.1,0.5,0.6,0.2,0.2,0.2,80837.2,1
54,228,2,0.2,0.1,0,0.5,0.3,0,0.3,0.1,0.2,0.3,0,39074.3,1
54,233,4,0.1,0.2,0.4,0.7,0.8,0.1,0.5,0.2,0.1,0.3,0.6,85874.4,1
54,234,2,0.1,0.1,0.2,0.3,0.4,0.1,0.2,0.1,0.1,0.1,0.3,42937.2,1
54,235,5,0.1,0.3,0.4,0.9,1,0.2,0.6,0.3,0.2,0.3,0.7,107342.9,1
54,239,2,0.1,0.1,0.2,0.4,0.5,0.1,0.2,0.1,0.1,0.1,0.1,42761.1,1
54,248,2,0.2,0.2,0.1,0.4,0.4,0.1,0.2,0.1,0.2,0.1,0,40189.3,1
54,249,6,0.7,0.6,0.3,1.2,1.3,0.2,0.5,0.4,0.5,0.2,0.1,120568,1
54,253,9,0.5,1.4,0.6,0.8,1.7,0,1.4,1.7,0,0.6,0.3,163208.7,1
54,254,10,0.6,1.6,0.6,0.9,1.9,0,1.6,1.9,0,0.6,0.3,181343,1
55,17,7,0,0.5,0,0.5,2.1,0,0.9,1.6,0,1.4,0,179348.3,1
55,19,4,0,0.3,0,0.3,1.2,0,0.5,0.9,0,0.8,0,102484.7,1
55,21,5,0,0.3,0,0.3,1.5,0,0.7,1.2,0,1,0,128105.9,1
55,22,4.5,0.2,0.2,0,0.7,0.7,0.1,1.5,0.6,0.3,0.2,0,100209.7,1
55,23,3,0.1,0.2,0,0.5,0.5,0,1,0.4,0.2,0.1,0,66806.5,1
55,26,2,0.1,0.1,0,0.3,0.3,0,0.7,0.3,0.1,0.1,0,44537.6,1
55,28,6,0.7,0.5,0.2,1.6,1.4,0.2,0,0.3,0.4,0.6,0.1,120870,1
55,38,1,0,0.1,0,0,0.2,0,0.2,0.3,0,0.1,0.1,22331.5,1
55,40,50,2,7,4,5,15,1,7,4,1,1,3,1031176.8,0
55,41,81,3,9.5,2,15,20,1,11,6,5.5,6,2,1747655.3,0
55,42,62.5,1.5,2,2,17,9,0,12,13,1,3,2,1293895.1,0
55,43,97.5,2,5,10,23,24,4.5,10,7,5,5,2,2169416.6,0
55,44,135.5,9,11,11,32,23,6,13,8,9.5,12,1,2377625.9,0
55,45,86,4,9,7,8,17,1,12,22,2,3,1,1767933.8,0
55,46,84,1,11,7,13,19,1,8,7,8,0,9,1743672.7,0
55,47,147.5,4,24,2,32,37,3,7,11,23.5,0,4,3462590,0
55,48,23,2.6,2.2,0.5,8.4,3,1.3,0.5,1.4,2.6,0.5,0,548601,1
55,53,2,0,0.1,0.2,0.2,0.5,0,0.3,0.3,0.2,0.2,0,46976,1
55,64,8,0.8,0.3,0.2,2.2,1.4,0.1,0.8,0.5,1.3,0.4,0,153811.6,1
55,72,8,0.3,1,0.3,0.8,2.3,0.2,1.2,0.5,0.5,0.4,0.5,181405.2,1
55,80,10,0.4,1.3,0.4,1.1,2.9,0.2,1.5,0.6,0.6,0.4,0.6,226756.5,1
55,84,6,0.3,0.8,0.7,0.8,1.3,0.1,1,0.1,0.7,0,0.2,110090.7,1
55,85,19,0.9,2.7,2.2,2.7,4,0.4,3.1,0.4,2.2,0,0.4,348620.5,1
55,91,8,0.4,1.1,0.9,1.1,1.7,0.2,1.3,0.2,0.9,0,0.2,146787.6,1
55,93,2,0.2,0.1,0.1,0.5,0.3,0.1,0.2,0.1,0.2,0.2,0,43432.1,1
55,95,1,0.1,0.1,0.1,0.3,0.1,0,0.1,0,0.1,0.1,0,21716.1,1
55,103,12,0.2,2.1,0.5,1.6,3.4,0.3,1.3,0.5,1,0.8,0.3,294826.1,1
55,104,8,0.2,1.4,0.3,1,2.3,0.2,0.9,0.3,0.7,0.5,0.2,196550.7,1
55,105,6,0.1,1,0.3,0.8,1.7,0.1,0.7,0.3,0.5,0.4,0.1,147413,1
55,107,5,0.3,0.3,1,0.4,0.9,0,0.8,0.4,0.4,0.5,0,91861.6,1
55,110,7,0.4,0.4,1.5,0.5,1.3,0,1.1,0.6,0.5,0.7,0,128606.2,1
55,112,5,0.2,0.4,0.4,0.7,0.9,0,1.1,0.7,0.2,0.4,0,118838,1
55,114,12,0.3,1,1,1.7,2.1,0,2.8,1.7,0.4,1,0,285211.1,1
55,116,2,0,0.2,0.2,0.3,0.3,0,0.4,0.3,0.1,0.2,0,47535.2,1
55,118,4,0.5,0.2,0.1,1.1,0.3,0.2,0.5,0.5,0.3,0.2,0.1,99508.7,1
55,121,3,0.4,0.1,0,0.9,0.2,0.2,0.4,0.4,0.2,0.2,0,74631.5,1
55,122,2,0,0.2,0.1,0.4,0.3,0.1,0.6,0.1,0.1,0.1,0,40397.3,1
55,123,1,0,0.1,0,0.2,0.2,0,0.3,0.1,0,0.1,0,20198.6,1
55,124,4,0.1,0.4,0.1,0.7,0.6,0.2,1.2,0.3,0.2,0.2,0,80794.6,1
55,125,6,0.2,0.5,0.2,1.1,0.9,0.3,1.7,0.4,0.3,0.4,0,121191.8,1
55,127,2,0,0.3,0.2,0.1,0.4,0,0.3,0.2,0.2,0.2,0.1,44894.4,1
55,131,2,0,0.3,0.2,0.1,0.4,0,0.3,0.2,0.2,0.2,0.1,44894.4,1
55,142,2,0.2,0.2,0.1,0.4,0.3,0,0.2,0.2,0.2,0.1,0.1,38951.8,1
55,145,2,0.2,0.2,0.1,0.4,0.3,0,0.2,0.2,0.2,0.1,0.1,38951.8,1
55,150,43,2,6,1,12,7,2,1,0,10,0,2,842949,0
55,151,15,0,1,1.7,0.3,4.3,0,2,3.7,1,1,0,287705.5,1
55,154,5,0.3,0.3,0.1,0.7,0.8,0.3,0.7,1.2,0.5,0.1,0,106669,1
55,165,2,0.1,0.2,0.1,0.5,0.2,0,0.3,0.2,0.2,0.2,0,34647,1
55,168,53,3,1,1,12,8,3,5,13,4,3,0,1178626.3,0
55,169,70,2,6,4,11,13,3,18,5,4,2,2,1260796.7,0
55,170,81,0,10,5,10,20,0,6,16,9,4,1,1668993.3,0
55,178,2,0.1,0.2,0.4,0.2,0.8,0,0,0.1,0.1,0.1,0,35796.5,1
55,183,4,0.2,0.5,0.1,0.8,0.8,0.2,0.2,0.7,0.5,0,0,82030.2,1
55,185,5,0.3,0.6,0.1,0.9,1,0.3,0.2,0.9,0.7,0,0,102537.7,1
55,188,1,0,0.1,0,0.2,0.3,0,0.1,0.1,0.1,0,0.1,19712.8,1
55,192,6,0,1.1,0.2,0.6,1.8,0,1,0.6,0.2,0.3,0.2,111761.1,1
55,193,53,3,3,1,15,5,1,12,7,4,2,0,1045819.4,0
55,207,2,0.1,0.2,0.1,0.4,0.3,0.1,0.2,0.2,0.2,0.1,0.1,38599.7,1
55,208,2,0.1,0.2,0.1,0.4,0.3,0.1,0.2,0.2,0.2,0.1,0.1,38599.7,1
55,210,3,0.1,0.3,0.2,0.6,0.5,0.2,0.3,0.3,0.3,0.1,0.1,57899.6,1
55,211,9,0.4,0.9,0.5,1.8,1.5,0.5,1,0.9,1,0.3,0.2,173698.7,1
55,212,13,0.9,0.9,0.2,1.4,2.1,0.5,1.4,3,0.7,1.6,0.3,264096.2,1
55,223,5,0.3,0.4,0.3,0.7,1,0.2,0.6,0.8,0.2,0.3,0.2,101046.5,1
55,224,8,0.5,0.7,0.5,1.2,1.6,0.3,1,1.2,0.3,0.4,0.3,161674.4,1
55,228,5,0.4,0.2,0.1,1.2,0.6,0.1,0.6,0.4,0.6,0.8,0,97685.8,1
55,233,6,0.2,0.3,0.5,1.1,1.2,0.2,0.7,0.3,0.2,0.4,0.9,128811.5,1
55,235,7,0.2,0.4,0.6,1.3,1.5,0.2,0.8,0.4,0.2,0.4,1,150280.1,1
55,239,2,0.1,0.1,0.2,0.4,0.5,0.1,0.2,0.1,0.1,0.1,0.1,42761.1,1
55,247,30,3.8,3,1.4,6.1,6.6,0.9,2.3,1.9,2.6,0.9,0.5,602839.8,1
55,248,7,0.9,0.7,0.3,1.4,1.5,0.2,0.6,0.5,0.6,0.2,0.1,140662.6,1
55,254,6,0.4,0.9,0.4,0.6,1.1,0,0.9,1.1,0,0.4,0.2,108805.8,1
56,0,5,0.2,0.3,0.5,0.5,1.2,0.3,0.7,0.6,0.4,0.2,0.1,98816.2,1
56,2,4,0.1,0.6,0.4,0.4,1.1,0,0.3,0.4,0.4,0.1,0.2,90682.9,1
56,11,4,0.1,0.6,0.4,0.4,1.1,0,0.3,0.4,0.4,0.1,0.2,90682.9,1
56,15,21,0.9,0.9,1.4,2.3,4.1,0.9,3.5,3.8,1.7,0.3,1.2,529614.7,1
56,19,2,0,0.1,0,0.1,0.6,0,0.3,0.5,0,0.4,0,51242.4,1
56,20,2,0,0.1,0,0.1,0.6,0,0.3,0.5,0,0.4,0,51242.4,1
56,21,2,0,0.1,0,0.1,0.6,0,0.3,0.5,0,0.4,0,51242.4,1
56,22,18,0.6,1,0,3,2.8,0.2,6,2.3,1.3,0.8,0,400838.7,1
56,39,4,0,0.2,0,0.2,0.9,0.1,0.9,1.1,0.1,0.2,0.3,89325.9,1
56,40,32,1,3,0,3,9,2,5,2,2,2,3,715951.8,0
56,41,25,0,1.5,0,1.1,5.6,0.4,5.6,7.1,0.7,1.1,1.9,558286.7,1
56,42,98,8,6.5,7,15,18,1,14,18,4.5,6,0,2073052.5,0
56,43,119,7,6,4,23,16,5,22,19,4,11,2,2677559.1,0
56,44,87,3,8,1,7,12,3,6,32,5,10,0,2075157.9,0
56,45,30,1,2,1,5,2,1,1,15,2,0,0,687500.6,0
56,46,6,0,0.9,0,0.5,1.4,0.3,0.5,1.4,0.4,0.2,0.4,194673,1
56,47,65,4,11,2,12,14,4.5,4,3,9.5,1,0,1439724.5,0
56,53,10,0,0.8,0.8,1,2.4,0.3,1.3,1.3,1,0.8,0.3,234880.2,1
56,63,11,1,0.5,0.3,3,1.9,0.2,1,0.7,1.8,0.6,0,211491,1
56,64,3,0.3,0.1,0.1,0.8,0.5,0,0.3,0.2,0.5,0.2,0,57679.4,1
56,85,4,0.2,0.5,0.5,0.6,0.8,0.1,0.6,0.1,0.5,0,0.1,73393.8,1
56,93,4,0.4,0.2,0.2,1.1,0.6,0.2,0.4,0.2,0.4,0.3,0,86864.3,1
56,101,3,0.3,0.2,0.2,0.8,0.4,0.2,0.3,0.1,0.3,0.2,0,65148.2,1
56,104,10,0.2,1.8,0.4,1.3,2.8,0.2,1.1,0.4,0.9,0.7,0.2,245688.4,1
56,110,5,0.3,0.3,1,0.4,0.9,0,0.8,0.4,0.4,0.5,0,91861.6,1
56,119,4,0.5,0.2,0.1,1.1,0.3,0.2,0.5,0.5,0.3,0.2,0.1,99508.7,1
56,120,2,0.2,0.1,0,0.6,0.2,0.1,0.3,0.3,0.1,0.1,0,49754.3,1
56,121,4,0.5,0.2,0.1,1.1,0.3,0.2,0.5,0.5,0.3,0.2,0.1,99508.7,1
56,124,6,0.2,0.5,0.2,1.1,0.9,0.3,1.7,0.4,0.3,0.4,0,121191.8,1
56,131,12,0,1.8,1,0.8,2.5,0.2,1.6,1.2,1.3,1.2,0.4,269366.1,1
56,148,3,0,0.2,0.3,0.1,0.9,0,0.4,0.7,0.2,0.2,0,57541.1,1
56,159,6,0.2,0.5,0.4,0.7,1.3,0.2,1,0.9,0.5,0.2,0.1,115590.3,1
56,160,2,0.1,0.2,0.1,0.2,0.4,0.1,0.3,0.3,0.2,0.1,0,38530.1,1
56,162,8,0.6,0.7,0.4,1.9,0.9,0,1.3,0.9,0.6,0.7,0,138588.1,1
56,163,4,0.3,0.4,0.2,0.9,0.4,0,0.6,0.5,0.3,0.4,0,69294,1
56,168,19,1,0.5,0,4.6,4.1,0,2.6,4.1,1.6,0.5,0,398292,1
56,169,161,14,11,9,39,24,6,18,14,10,14,2,2614589.3,0
56,170,57,3,2,3,7,7,1,11,20,0,2,1,1225631.5,0
56,171,112.5,1,11.5,13,11,25,1,17,14,4,13,2,2282237.5,0
56,172,28,2.4,2.9,0.5,6.9,6.4,2,2.5,1,2.9,0.5,0,592343.8,1
56,174,2,0.2,0.2,0,0.5,0.5,0.1,0.2,0.1,0.2,0,0,42310.3,1
56,175,5,0.4,0.5,0.1,1.2,1.2,0.4,0.4,0.2,0.5,0.1,0,105775.7,1
56,179,4,0.1,0.3,0.8,0.4,1.5,0.1,0.1,0.2,0.2,0.2,0.1,71592.9,1
56,181,1,0,0.1,0.2,0.1,0.4,0,0,0.1,0,0.1,0,17898.2,1
56,192,92.5,9,8,4,24,14,4,4,5,11.5,9,0,1732306.2,0
56,193,57,5,4,1,9,9,2,5,8,6,8,0,971849.5,0
56,198,4,0.1,0.1,0.8,0.9,0.3,0,1.1,0.3,0.2,0.2,0,72569.2,1
56,208,1,0,0.1,0.1,0.2,0.2,0.1,0.1,0.1,0.1,0,0,19299.9,1
56,209,2,0.1,0.2,0.1,0.4,0.3,0.1,0.2,0.2,0.2,0.1,0.1,38599.7,1
56,210,7,0.3,0.7,0.4,1.4,1.2,0.4,0.8,0.7,0.8,0.2,0.1,135099,1
56,211,22,0.9,2.3,1.1,4.5,3.6,1.1,2.5,2.3,2.5,0.7,0.5,424596.7,1
56,223,20,1.2,1.7,1.4,2.9,4.1,0.7,2.4,3.2,0.7,1,0.7,404185.9,1
56,224,18,1.1,1.5,1.2,2.6,3.7,0.6,2.2,2.8,0.7,0.9,0.7,363767.3,1
56,228,13,1.2,0.5,0.3,3,1.6,0.2,1.6,0.9,1.6,2.1,0,253983.1,1
56,237,3,0.2,0.2,0.4,0.5,0.7,0.1,0.3,0.1,0.2,0.1,0.2,64141.6,1
56,238,4.5,0.3,0.3,0.6,0.8,1.1,0.1,0.5,0.2,0.3,0.1,0.2,96212.4,1
56,240,4,0.3,0.3,0.5,0.7,0.9,0.1,0.4,0.2,0.3,0.1,0.2,85522.1,1
56,241,2.5,0.2,0.2,0.3,0.4,0.6,0.1,0.3,0.1,0.1,0.1,0.1,53451.3,1
56,248,2,0.2,0.2,0.1,0.4,0.4,0.1,0.2,0.1,0.2,0.1,0,40189.3,1
56,249,4,0.5,0.4,0.2,0.8,0.9,0.1,0.3,0.3,0.3,0.1,0.1,80378.6,1
56,251,3,0.4,0.3,0.1,0.6,0.7,0.1,0.2,0.2,0.3,0.1,0,60284,1
56,252,4,0.2,0.6,0.2,0.4,0.8,0,0.6,0.8,0,0.3,0.1,72537.2,1
56,254,3,0.2,0.5,0.2,0.3,0.5,0,0.5,0.5,0,0.2,0.1,54402.9,1
57,2,10,0.3,1.4,1.1,1.1,2.8,0,0.7,0.9,0.9,0.4,0.4,226707.3,1
57,3,5,0.2,0.7,0.5,0.5,1.4,0,0.3,0.5,0.5,0.2,0.2,113353.6,1
57,8,5,0.2,0.7,0.5,0.5,1.4,0,0.3,0.5,0.5,0.2,0.2,113353.6,1
57,9,3,0.1,0.4,0.3,0.3,0.9,0,0.2,0.3,0.3,0.1,0.1,68012.2,1
57,13,2,0.1,0.1,0.1,0.2,0.4,0.1,0.3,0.4,0.2,0,0.1,50439.5,1
57,15,2,0.1,0.1,0.1,0.2,0.4,0.1,0.3,0.4,0.2,0,0.1,50439.5,1
57,16,2,0.1,0.1,0.1,0.2,0.4,0.1,0.3,0.4,0.2,0,0.1,50439.5,1
57,23,4,0.5,0.3,0.2,1,0.9,0.2,0,0.2,0.2,0.4,0.1,80580,1
57,41,16,0.3,1,0.8,1.8,2.6,0.5,1.6,5.8,1.3,0,0.3,319159.4,1
57,42,50,0,1,3,9,6,0,20,9,2,0,0,1118088.9,0
57,43,97,3,6,3,15,7,1,33,20,6,2,1,1902203.3,0
57,44,44.5,0,4.5,2,3,8,0,7,9,2,8,1,1053634.3,0
57,45,141,5,7,10,22,35,3,41,10,3,1,4,3316314.2,0
57,46,125,3,11,11,15,37,2,24,4,6,3,9,2878232.8,0
57,47,18,1.6,0,2.6,2.6,2.7,0,2.7,3.2,2.6,0,0,421460.3,1
57,60,4,0,0.3,0.3,0.4,1,0.1,0.5,0.6,0.4,0.3,0.1,93952.1,1
57,63,6,0.6,0.2,0.2,1.6,1,0.1,0.6,0.4,1,0.3,0,115358.7,1
57,64,2,0.2,0.1,0.1,0.5,0.4,0,0.2,0.1,0.3,0.1,0,38452.9,1
57,70,5,0.5,0.2,0.1,1.3,0.9,0.1,0.5,0.3,0.8,0.3,0,96132.3,1
57,71,6,0.6,0.2,0.2,1.6,1,0.1,0.6,0.4,1,0.3,0,115358.7,1
57,84,9,0,0.7,0.2,0.7,2,0.7,1.3,1.8,0.7,0.7,0.2,176620.3,1
57,85,39,3,2,2,7,9,0,5,3,3,1,4,797618.8,0
57,86,2,0,0.2,0,0.2,0.4,0.1,0.3,0.4,0.2,0.2,0,39249,1
57,96,2,0.2,0.1,0.1,0.5,0.3,0.1,0.2,0.1,0.2,0.2,0,43432.1,1
57,97,4,0.3,0.1,0.2,1,0.5,0.1,1.1,0.4,0.3,0,0,95620.2,1
57,98,1,0.1,0,0.1,0.2,0.1,0,0.3,0.1,0.1,0,0,23905.1,1
57,102,30,0,0,2,2,1,0,12,12,0,1,0,695231.3,0
57,103,36,3,2,3,8,2,2,7,6,1,2,0,733759.3,0
57,104,6,0,0.9,0.7,0.1,2.2,0.1,0.7,0.6,0.1,0.2,0.4,132840.9,1
57,105,7,0,1,0.8,0.2,2.6,0.1,0.7,0.7,0.2,0.2,0.5,154981.1,1
57,111,3,0.2,0.2,0.6,0.2,0.6,0,0.5,0.2,0.2,0.3,0,55117,1
57,118,6,0.5,0.3,0.3,1.5,1.3,0,0.5,0.7,0.3,0.3,0.3,121727.7,1
57,120,4,0.3,0.2,0.2,1,0.9,0,0.3,0.5,0.2,0.2,0.2,81151.8,1
57,124,15,0,2.2,1.2,1,3.2,0.3,2,1.5,1.6,1.5,0.5,336707.7,1
57,139,4,0.3,0.3,0.2,1,0.7,0.3,0.2,0.3,0.5,0,0.2,80136.8,1
57,142,3,0.3,0.3,0.1,0.6,0.5,0.1,0.2,0.4,0.3,0.1,0.1,58427.7,1
57,147,4,0.4,0.4,0.2,0.8,0.7,0.1,0.3,0.5,0.4,0.1,0.1,77903.6,1
57,148,4,0.4,0.4,0.2,0.8,0.7,0.1,0.3,0.5,0.4,0.1,0.1,77903.6,1
57,153,2,0.1,0.2,0.1,0.2,0.4,0.1,0.3,0.3,0.2,0.1,0,38530.1,1
57,156,7,0.3,0.5,0.4,0.8,1.5,0.3,1.2,1.1,0.5,0.3,0.1,134855.3,1
57,163,2,0.1,0.2,0.1,0.5,0.2,0,0.3,0.2,0.2,0.2,0,34647,1
57,165,2,0.1,0.2,0.1,0.5,0.2,0,0.3,0.2,0.2,0.2,0,34647,1
57,166,9,0.6,0.8,0.4,2.1,1.1,0,1.5,1.1,0.6,0.8,0,155911.6,1
57,168,11.5,0.1,1.6,0.7,0.7,2.4,0,2.6,1.6,0.3,0.7,0.8,269893.3,1
57,169,78,3,6,0,17,13,0,6,11,6,16,0,1510393,0
57,170,30,2,2,2,9,7,0,2,2,3,1,0,604822.3,0
57,171,18,0.2,2.4,1.1,1.1,3.8,0,4,2.5,0.5,1.1,1.3,422441.6,1
57,172,8,0.6,0,0.3,1.5,0,0.3,1.5,0.9,0.6,2.3,0,148726.4,1
57,182,4,0.1,0.6,0.2,0.6,1.1,0,0.4,0.2,0.2,0.2,0.4,78851.4,1
57,187,4,0.1,0.6,0.2,0.6,1.1,0,0.4,0.2,0.2,0.2,0.4,78851.4,1
57,191,4,0.1,0.6,0.2,0.6,1.1,0,0.4,0.2,0.2,0.2,0.4,78851.4,1
57,192,47,2,3,4,16,8,1,2,3,6,2,0,899315.4,0
57,193,63,6,7,0,22,8,1,3,4,10,2,0,1347317.2,0
57,194,15,0.3,0.9,0.3,2.2,1.9,0.6,2.8,3.8,1.6,0.6,0,341623.5,1
57,201,3,0.1,0.1,0.6,0.6,0.2,0,0.8,0.2,0.2,0.2,0,54426.9,1
57,202,4,0.2,0.3,0.2,0.8,0.7,0.1,0.5,0.4,0.1,0.4,0.3,79818.2,1
57,208,16,0.8,1.2,0.8,3.1,2.7,0.4,2.1,1.4,0.6,1.7,1.2,319272.6,1
57,211,1,0,0.1,0.1,0.2,0.2,0,0.1,0.1,0,0.1,0.1,19954.5,1
57,216,1,0.1,0.1,0,0.1,0.2,0,0.1,0.2,0.1,0.1,0,20315.1,1
57,221,1,0.1,0.1,0,0.1,0.2,0,0.1,0.2,0.1,0.1,0,20315.1,1
57,223,10,1.3,0.2,0.5,2.8,1.3,0.8,1.2,1.3,0.3,0.3,0,216362.8,1
57,224,3,0.4,0.1,0.2,0.8,0.4,0.2,0.3,0.4,0.1,0.1,0,64908.8,1
57,228,8,0,0.8,0.8,0.3,2.8,0,1.1,0.8,0.8,0,0.6,147950.5,1
57,237,4,0.3,0.3,0.5,0.7,0.9,0.1,0.4,0.2,0.3,0.1,0.2,85522.1,1
57,238,2,0.1,0.1,0.2,0.4,0.5,0.1,0.2,0.1,0.1,0.1,0.1,42761.1,1
58,12,4,0.2,0.2,0.3,0.4,0.8,0.2,0.7,0.7,0.3,0,0.2,100879,1
58,27,1,0.1,0.1,0,0.3,0.2,0,0,0.1,0.1,0.1,0,20145,1
58,38,7,0.1,0.5,0.3,0.8,1.2,0.2,0.7,2.5,0.6,0,0.1,139632.2,1
58,39,3,0.1,0.2,0.1,0.3,0.5,0.1,0.3,1.1,0.2,0,0.1,59842.4,1
58,41,24,0.4,1.6,1.2,2.7,3.9,0.8,2.4,8.6,2,0,0.4,478739.1,1
58,42,24.5,1.2,1.5,1.3,5,6.7,0.8,3.8,2.1,0.4,0.4,1.3,742176.7,1
58,43,13,0.7,0.8,0.7,2.7,3.5,0.4,2,1.1,0.2,0.2,0.7,393808.1,1
58,44,3,0.1,0.2,0.2,0.6,0.8,0.1,0.5,0.3,0,0,0.2,90878.8,1
58,46,1,0,0.1,0,0.2,0.3,0,0.2,0.1,0,0,0.1,30292.9,1
58,50,5,0.5,0,0.7,0.7,0.7,0,0.8,0.9,0.7,0,0,117072.3,1
58,63,2,0.2,0.1,0.1,0.5,0.4,0,0.2,0.1,0.3,0.1,0,38452.9,1
58,71,5,0.5,0.2,0.1,1.3,0.9,0.1,0.5,0.3,0.8,0.3,0,96132.3,1
58,72,2,0.1,0.3,0.1,0.2,0.6,0,0.3,0.1,0.1,0.1,0.1,45351.3,1
58,76,6,0.2,0.7,0.2,0.6,1.8,0.1,0.9,0.4,0.4,0.3,0.4,136053.9,1
58,79,11,0.2,0.8,0.5,1.5,1.5,0.2,2,1.8,0.5,1.5,0.5,212151.8,1
58,84,2,0,0.2,0,0.2,0.4,0.1,0.3,0.4,0.2,0.2,0,39249,1
58,85,60.5,5,10,2,15,14,1.5,3,0,8,1,1,1333546,0
58,86,59,2,6,4,11,17,1,5,8,1,3,1,1146664.5,0
58,87,23,0.4,3.2,0.5,5.5,5.5,0,1.4,1.8,2.8,1.4,0.5,465708,1
58,92,6,0.6,0.4,0.4,1.6,0.9,0.4,0.5,0.3,0.5,0.4,0,130296.4,1
58,101,23,0,0,0,0,5,0,14,3,0,1,0,605643.2,0
58,102,71,3,2,4,11,8,2,18,17,2,4,0,1619531.7,0
58,103,95,2,4,6,21,18,4,8,15,8,7,2,1824446,0
58,104,116,8,8,6,35,16,3,7,11,13,8,1,2289035.6,0
58,105,28,0,4,0,2,4,0,8,5,4,0,1,593640.3,0
58,117,4,0.3,0.2,0.2,1,0.9,0,0.3,0.5,0.2,0.2,0.2,81151.8,1
58,119,5,0.4,0.3,0.3,1.2,1.1,0,0.4,0.5,0.2,0.3,0.3,101439.8,1
58,123,2,0,0.3,0.2,0.1,0.4,0,0.3,0.2,0.2,0.2,0.1,44894.4,1
58,124,5.5,0,0.8,0.5,0.4,1.2,0.1,0.7,0.5,0.6,0.5,0.2,123459.5,1
58,133,4,0.3,0.3,0.2,1,0.7,0.3,0.2,0.3,0.5,0,0.2,80136.8,1
58,141,6,0.4,0.5,0.2,1.5,1.1,0.4,0.4,0.5,0.8,0,0.2,120205.3,1
58,142,2,0.2,0.2,0.1,0.4,0.3,0,0.2,0.2,0.2,0.1,0.1,38951.8,1
58,143,3,0.3,0.3,0.1,0.6,0.5,0.1,0.2,0.4,0.3,0.1,0.1,58427.7,1
58,154,8,0.3,0.6,0.5,0.9,1.7,0.3,1.4,1.2,0.6,0.3,0.2,154120.4,1
58,166,5,0.3,0.5,0.2,1.2,0.6,0,0.8,0.6,0.3,0.5,0,86617.6,1
58,169,44,2,5,3,8,11,2,6,2,4,1,0,852170.5,0
58,170,17,0.2,2.3,1,1,3.6,0,3.8,2.4,0.5,1,1.2,398972.7,1
58,174,5,0.4,0,0.2,0.9,0,0.2,0.9,0.5,0.4,1.5,0,92954,1
58,181,6,0.5,0.7,0.1,1.5,1.4,0.4,0.5,0.2,0.6,0.1,0,126930.8,1
58,191,11,0.4,1.5,0.4,1.6,3.1,0,1.2,0.6,0.6,0.4,1.2,216841.3,1
58,193,16,0.3,1,0.3,2.3,2,0.7,3,4,1.7,0.7,0,364398.4,1
58,194,17,0.3,1.1,0.4,2.5,2.1,0.7,3.2,4.2,1.8,0.7,0,387173.3,1
58,199,7,0.2,0.2,1.3,1.5,0.5,0,1.9,0.6,0.4,0.4,0,126996.1,1
58,209,2,0.1,0.1,0.1,0.4,0.3,0,0.3,0.2,0.1,0.2,0.2,39909.1,1
58,223,21,2.8,0.3,1,5.8,2.8,1.7,2.4,2.8,0.7,0.7,0,454361.9,1
58,232,5,0.3,0.3,0.6,0.9,1.2,0.1,0.6,0.3,0.3,0.1,0.3,106902.7,1
58,253,1,0,0.1,0.1,0.1,0.3,0,0.2,0.1,0,0.1,0,18895.2,1
58,255,3,0,0.3,0.2,0.3,0.7,0.1,0.5,0.4,0.1,0.4,0,56685.6,1
59,5,6,0.2,0.9,0.6,0.6,1.7,0,0.4,0.6,0.6,0.2,0.2,136024.4,1
59,12,7,0.3,0.3,0.5,0.8,1.3,0.3,1.2,1.2,0.6,0.1,0.4,176538.2,1
59,18,5,0.2,0.2,0.3,0.6,1,0.2,0.8,0.9,0.4,0.1,0.3,126098.7,1
59,35,4,0,0.4,0.1,0.3,0.7,0.1,0.7,1.2,0.1,0.3,0.1,93844.9,1
59,41,5,0.1,0.3,0.2,0.6,0.8,0.2,0.5,1.8,0.4,0,0.1,99737.3,1
59,43,12,0.6,0.7,0.6,2.5,3.3,0.4,1.9,1,0.2,0.2,0.6,363515.1,1
59,46,4,0.2,0.2,0.2,0.8,1.1,0.1,0.6,0.4,0.1,0.1,0.2,121171.7,1
59,50,5,0.5,0,0.7,0.7,0.7,0,0.8,0.9,0.7,0,0,117072.3,1
59,74,2,0.1,0.3,0.1,0.2,0.6,0,0.3,0.1,0.1,0.1,0.1,45351.3,1
59,79,4,0.1,0.3,0.2,0.5,0.5,0.1,0.7,0.6,0.2,0.6,0.2,77146.1,1
59,81,5,0.1,0.4,0.2,0.7,0.7,0.1,0.9,0.8,0.2,0.7,0.2,96432.6,1
59,85,31,5,0,0,16,1,0,1,5,3,0,0,687733.6,0
59,86,91.5,3,7,4,15,16,4,15,18,7.5,0,2,1914822.2,0
59,87,55,3,5,6,8,11,2,10,5,4,0,1,1202649.9,0
59,99,4,0.3,0.1,0.2,1,0.5,0.1,1.1,0.4,0.3,0,0,95620.2,1
59,100,9,0.7,0.3,0.5,2.2,1.1,0.3,2.4,0.8,0.7,0,0,215145.5,1
59,101,19,1.4,0.6,1.2,4.6,2.3,0.6,5.2,1.7,1.4,0,0,454196,1
59,102,74,1,3,9,10,20,0,15,9,2,3,2,1701252.8,0
59,103,37,0,0,2,3,6,0,10,8,0,7,1,743336,0
59,104,82,1,13,5,8,18,1,8,15,5,4,4,1472174.9,0
59,105,79.5,1.5,3.5,3,4,9,0,11,41,2.5,2,2,1660763.7,0
59,106,14,0,2,1.7,0.3,5.2,0.2,1.5,1.4,0.3,0.4,1,309962.1,1
59,107,10,0.5,0.5,2.1,0.8,1.8,0,1.6,0.8,0.8,1.1,0,183723.2,1
59,112,6,0.5,0.3,0.3,1.5,1.3,0,0.5,0.7,0.3,0.3,0.3,121727.7,1
59,117,6,0.5,0.3,0.3,1.5,1.3,0,0.5,0.7,0.3,0.3,0.3,121727.7,1
59,119,6,0.5,0.3,0.3,1.5,1.3,0,0.5,0.7,0.3,0.3,0.3,121727.7,1
59,131,7,0,1,0.6,0.5,1.5,0.1,0.9,0.7,0.8,0.7,0.2,157130.3,1
59,133,10,0.7,0.8,0.4,2.4,1.8,0.7,0.6,0.9,1.3,0,0.4,200342.1,1
59,144,5,0.5,0.5,0.2,1,0.9,0.1,0.4,0.6,0.6,0.1,0.1,97379.6,1
59,154,6,0.2,0.5,0.4,0.7,1.3,0.2,1,0.9,0.5,0.2,0.1,115590.3,1
59,160,4,0.1,0.3,0.2,0.5,0.8,0.2,0.7,0.6,0.3,0.2,0.1,77060.2,1
59,169,3,0,0.4,0.2,0.2,0.6,0,0.7,0.4,0.1,0.2,0.2,70406.9,1
59,170,5,0.1,0.7,0.3,0.3,1.1,0,1.1,0.7,0.1,0.3,0.3,117344.9,1
59,180,5,0.4,0.5,0.1,1.2,1.2,0.4,0.4,0.2,0.5,0.1,0,105775.7,1
59,185,2,0.1,0.3,0.1,0.3,0.5,0,0.2,0.1,0.1,0.1,0.2,39425.7,1
59,186,1,0,0.1,0,0.2,0.3,0,0.1,0.1,0.1,0,0.1,19712.8,1
59,191,4,0.1,0.6,0.2,0.6,1.1,0,0.4,0.2,0.2,0.2,0.4,78851.4,1
59,197,2,0,0.1,0.4,0.4,0.2,0,0.5,0.2,0.1,0.1,0,36284.6,1
59,207,8,0.4,0.6,0.4,1.6,1.4,0.2,1,0.7,0.3,0.8,0.6,159636.3,1
59,209,3,0.1,0.2,0.2,0.6,0.5,0.1,0.4,0.3,0.1,0.3,0.2,59863.6,1
59,210,10,0.5,0.8,0.5,1.9,1.7,0.2,1.3,0.9,0.4,1,0.8,199545.4,1
59,216,3,0.2,0.2,0,0.3,0.5,0.1,0.3,0.7,0.2,0.4,0.1,60945.3,1
59,223,3,0.4,0.1,0.2,0.8,0.4,0.2,0.3,0.4,0.1,0.1,0,64908.8,1
59,224,1,0.1,0,0.1,0.3,0.1,0.1,0.1,0.1,0,0.1,0,21636.3,1
59,234,22,1.5,1.4,2.7,3.9,5.1,0.6,2.4,1.2,1.4,0.6,1.2,470371.7,1
59,241,4,0.3,0.3,0.5,0.7,0.9,0.1,0.4,0.2,0.3,0.1,0.2,85522.1,1
59,246,4,0,0.5,0.3,1,0.9,0,0.5,0.1,0.3,0.4,0,90820.6,1
59,247,9,0,1.2,0.6,2.3,1.9,0,1.2,0.2,0.8,0.8,0,204346.4,1
59,249,1,0,0.1,0.1,0.3,0.2,0,0.1,0,0.1,0.1,0,22705.2,1
59,252,4,0,0.4,0.3,0.4,1,0.1,0.7,0.5,0.1,0.5,0,75580.9,1
59,253,10,0,1,0.7,1,2.3,0.3,1.7,1.3,0.4,1.3,0,188952.1,1
60,7,1,0,0.2,0.1,0.1,0.3,0,0.1,0.1,0.1,0,0,22670.7,1
60,10,4,0.1,0.6,0.4,0.4,1.1,0,0.3,0.4,0.4,0.1,0.2,90682.9,1
60,16,4,0.2,0.2,0.3,0.4,0.8,0.2,0.7,0.7,0.3,0,0.2,100879,1
60,31,2,0.2,0.2,0.1,0.5,0.5,0.1,0,0.1,0.1,0.2,0,40290,1
60,36,4,0,0.4,0.1,0.3,0.7,0.1,0.7,1.2,0.1,0.3,0.1,93844.9,1
60,39,2,0,0.1,0.1,0.2,0.3,0.1,0.2,0.7,0.2,0,0.1,39894.9,1
60,40,2,0,0.1,0.1,0.2,0.3,0.1,0.2,0.7,0.2,0,0.1,39894.9,1
60,49,4,0.3,0,0.6,0.6,0.6,0,0.6,0.7,0.6,0,0,93657.8,1
60,50,2,0.2,0,0.3,0.3,0.3,0,0.3,0.3,0.3,0,0,46828.9,1
60,53,5,0,0.4,0.4,0.5,1.2,0.1,0.7,0.7,0.5,0.4,0.1,117440.1,1
60,54,2,0,0.1,0.2,0.2,0.5,0,0.3,0.3,0.2,0.2,0,46976,1
60,77,8,0.2,0.5,0.4,1.1,1.1,0.2,1.4,1.3,0.3,1.1,0.4,154292.2,1
60,80,7,0.2,0.5,0.3,0.9,0.9,0.2,1.3,1.1,0.3,1,0.3,135005.7,1
60,82,6,0,0.4,0.2,0.5,1.3,0.4,0.9,1.2,0.4,0.5,0.2,117746.9,1
60,84,6,0,0.4,0.2,0.5,1.3,0.4,0.9,1.2,0.4,0.5,0.2,117746.9,1
60,85,2,0,0.2,0,0.2,0.4,0.1,0.3,0.4,0.2,0.2,0,39249,1
60,86,62,3,5,2,8,18,1,10,6,7,2,0,1287137,0
60,87,118,7,15,11,20,26,3,17,5,13,0,1,2583540.2,0
60,88,27,0.5,3.8,0.5,6.5,6.5,0,1.6,2.2,3.3,1.6,0.5,546700.7,1
60,93,2,0.2,0.1,0.1,0.5,0.3,0.1,0.2,0.1,0.2,0.2,0,43432.1,1
60,100,7,0.5,0.2,0.4,1.7,0.9,0.2,1.9,0.7,0.5,0,0,167335.4,1
60,101,22,1.6,0.7,1.3,5.3,2.7,0.7,6,2,1.7,0,0,525911.2,1
60,102,65,3,2,4,11,10,2,27,4,0,0,2,1385649.2,0
60,103,79,1,3,4,17,14,0,19,10,4,6,1,1682219.9,0
60,104,60,3,7,1,7,16,0,5,15,4,1,1,1140582.3,0
60,105,133,4,13,16,16,42,1,12,15,6,3,5,2974616.4,0
60,106,31,0,4.5,3.7,0.7,11.6,0.4,3.4,3,0.7,0.8,2.2,686344.7,1
60,124,1,0,0.2,0.1,0.1,0.2,0,0.1,0.1,0.1,0.1,0,22447.2,1
60,133,5,0.3,0.4,0.2,1.2,0.9,0.4,0.3,0.4,0.7,0,0.2,100171.1,1
60,144,31,2.9,2.9,1.4,6.1,5.5,0.6,2.6,3.7,3.5,0.9,0.9,603753.3,1
60,145,9,0.8,0.8,0.4,1.8,1.6,0.2,0.8,1.1,1,0.2,0.3,175283.2,1
60,146,5,0.5,0.5,0.2,1,0.9,0.1,0.4,0.6,0.6,0.1,0.1,97379.6,1
60,147,6,0.5,0.5,0.3,1.2,1.1,0.1,0.5,0.7,0.7,0.2,0.2,116855.5,1
60,162,3,0.2,0.3,0.1,0.7,0.3,0,0.5,0.4,0.2,0.3,0,51970.5,1
60,163,2,0.1,0.2,0.1,0.5,0.2,0,0.3,0.2,0.2,0.2,0,34647,1
60,169,6,0.1,0.8,0.3,0.4,1.3,0,1.3,0.8,0.2,0.4,0.4,140813.9,1
60,170,12.5,0.2,1.7,0.7,0.7,2.6,0,2.8,1.8,0.4,0.7,0.9,293362.3,1
60,174,4,0.3,0,0.2,0.7,0,0.2,0.7,0.4,0.3,1.2,0,74363.2,1
60,176,5,0.4,0,0.2,0.9,0,0.2,0.9,0.5,0.4,1.5,0,92954,1
60,178,3,0.3,0.3,0,0.7,0.7,0.2,0.3,0.1,0.3,0.1,0,63465.4,1
60,181,2,0.2,0.2,0,0.5,0.5,0.1,0.2,0.1,0.2,0,0,42310.3,1
60,197,3,0.1,0.1,0.6,0.6,0.2,0,0.8,0.2,0.2,0.2,0,54426.9,1
60,201,12,0.3,0.3,2.3,2.6,1,0,3.2,1,0.6,0.7,0,217707.6,1
60,207,7,0.4,0.5,0.4,1.3,1.2,0.2,0.9,0.6,0.3,0.7,0.5,139681.8,1
60,210,9,0.5,0.7,0.5,1.7,1.5,0.2,1.2,0.8,0.3,0.9,0.7,179590.8,1
60,216,1,0.1,0.1,0,0.1,0.2,0,0.1,0.2,0.1,0.1,0,20315.1,1
60,224,7,0.9,0.1,0.4,2,0.9,0.6,0.8,0.9,0.2,0.2,0,151454,1
60,225,5,0.6,0.1,0.2,1.4,0.6,0.4,0.6,0.7,0.2,0.2,0,108181.4,1
60,229,4,0,0.4,0.4,0.1,1.4,0,0.6,0.4,0.4,0,0.3,73975.2,1
60,234,6,0.4,0.4,0.7,1.1,1.4,0.2,0.6,0.3,0.4,0.2,0.3,128283.2,1
60,238,3,0.2,0.2,0.4,0.5,0.7,0.1,0.3,0.1,0.2,0.1,0.2,64141.6,1
60,241,5,0.3,0.3,0.6,0.9,1.2,0.1,0.6,0.3,0.3,0.1,0.3,106902.7,1
60,243,3,0,0.4,0.2,0.8,0.6,0,0.4,0.1,0.2,0.3,0,68115.5,1
60,244,2,0,0.3,0.1,0.5,0.4,0,0.3,0,0.2,0.2,0,45410.3,1
61,2,5,0.2,0.7,0.5,0.5,1.4,0,0.3,0.5,0.5,0.2,0.2,113353.6,1
61,4,4,0.1,0.6,0.4,0.4,1.1,0,0.3,0.4,0.4,0.1,0.2,90682.9,1
61,9,9,0.3,1.3,1,1,2.5,0,0.6,0.9,0.8,0.3,0.3,204036.5,1
61,11,1,0,0.2,0.1,0.1,0.3,0,0.1,0.1,0.1,0,0,22670.7,1
61,17,5,0.2,0.2,0.3,0.6,1,0.2,0.8,0.9,0.4,0.1,0.3,126098.7,1
61,34,7,0,0.7,0.2,0.4,1.3,0.2,1.3,2.1,0.2,0.4,0.2,164228.5,1
61,35,5,0,0.5,0.2,0.3,0.9,0.1,0.9,1.5,0.1,0.3,0.2,117306.1,1
61,41,2,0,0.1,0.1,0.2,0.3,0.1,0.2,0.7,0.2,0,0.1,39894.9,1
61,42,1,0,0.1,0,0.2,0.3,0,0.2,0.1,0,0,0.1,30292.9,1
61,59,2,0,0.1,0.2,0.2,0.5,0,0.3,0.3,0.2,0.2,0,46976,1
61,79,4,0.1,0.3,0.2,0.5,0.5,0.1,0.7,0.6,0.2,0.6,0.2,77146.1,1
61,80,5,0.1,0.4,0.2,0.7,0.7,0.1,0.9,0.8,0.2,0.7,0.2,96432.6,1
61,83,4,0,0.3,0.1,0.3,0.9,0.3,0.6,0.8,0.3,0.3,0.1,78497.9,1
61,84,9,0,0.7,0.2,0.7,2,0.7,1.3,1.8,0.7,0.7,0.2,176620.3,1
61,85,26,2,3,0,10,2,0,3,2,3,1,0,489313.9,0
61,86,99,6,3,12,23,16,3,14,8,5,9,0,2126107.6,0
61,87,103,1,14,5,13,31,2,22,2,13,0,0,2296547.9,0
61,88,53,3,10.5,4,9,14,1,2,2,7.5,0,0,1149362.7,0
61,93,4,0.4,0.2,0.2,1.1,0.6,0.2,0.4,0.2,0.4,0.3,0,86864.3,1
61,101,77,9.5,5.5,3,34,8,9,4,0,4,0,0,1534301.6,0
61,102,62,3,11,2,10,18,2,2,4,8,1,1,1160988.3,0
61,103,67,0,14,2,8,17,2,14,2,8,0,0,1449592.4,0
61,104,6,0,0.9,0.7,0.1,2.2,0.1,0.7,0.6,0.1,0.2,0.4,132840.9,1
61,105,19,0,2.7,2.3,0.5,7.1,0.2,2.1,1.8,0.4,0.5,1.4,420662.9,1
61,128,2,0,0.3,0.2,0.1,0.4,0,0.3,0.2,0.2,0.2,0.1,44894.4,1
61,133,5,0.3,0.4,0.2,1.2,0.9,0.4,0.3,0.4,0.7,0,0.2,100171.1,1
61,142,3,0.3,0.3,0.1,0.6,0.5,0.1,0.2,0.4,0.3,0.1,0.1,58427.7,1
61,144,89,5.5,12,2,13,21,0,13,15,5.5,2,0,1876296.9,0
61,145,14,1.3,1.3,0.6,2.7,2.5,0.3,1.2,1.7,1.6,0.4,0.4,272662.8,1
61,146,4,0.4,0.4,0.2,0.8,0.7,0.1,0.3,0.5,0.4,0.1,0.1,77903.6,1
61,148,3,0.3,0.3,0.1,0.6,0.5,0.1,0.2,0.4,0.3,0.1,0.1,58427.7,1
61,160,4,0.1,0.3,0.2,0.5,0.8,0.2,0.7,0.6,0.3,0.2,0.1,77060.2,1
61,162,2,0.1,0.2,0.1,0.5,0.2,0,0.3,0.2,0.2,0.2,0,34647,1
61,169,5,0.1,0.7,0.3,0.3,1.1,0,1.1,0.7,0.1,0.3,0.3,117344.9,1
61,170,5,0.1,0.7,0.3,0.3,1.1,0,1.1,0.7,0.1,0.3,0.3,117344.9,1
61,171,2,0,0.3,0.1,0.1,0.4,0,0.5,0.3,0.1,0.1,0.1,46938,1
61,174,2,0.1,0,0.1,0.4,0,0.1,0.4,0.2,0.1,0.6,0,37181.6,1
61,176,3,0.2,0,0.1,0.6,0,0.1,0.6,0.3,0.2,0.9,0,55772.4,1
61,183,8,0.3,1.1,0.3,1.1,2.3,0,0.9,0.4,0.4,0.3,0.9,157702.7,1
61,186,5,0.2,0.7,0.2,0.7,1.4,0,0.5,0.3,0.3,0.2,0.5,98564.2,1
61,189,10,0.3,1.4,0.4,1.4,2.9,0,1.1,0.5,0.5,0.4,1.1,197128.4,1
61,197,6,0.2,0.2,1.1,1.3,0.5,0,1.6,0.5,0.3,0.3,0,108853.8,1
61,203,8,0.4,0.6,0.4,1.6,1.4,0.2,1,0.7,0.3,0.8,0.6,159636.3,1
61,207,3,0.1,0.2,0.2,0.6,0.5,0.1,0.4,0.3,0.1,0.3,0.2,59863.6,1
61,217,3,0.2,0.2,0,0.3,0.5,0.1,0.3,0.7,0.2,0.4,0.1,60945.3,1
61,223,2,0.2,0,0.1,0.5,0.3,0.2,0.2,0.3,0.1,0.1,0,43272.6,1
61,224,9,1.2,0.2,0.4,2.5,1.2,0.7,1,1.2,0.3,0.3,0,194726.5,1
61,228,5,0,0.5,0.5,0.2,1.7,0,0.7,0.5,0.5,0,0.4,92469.1,1
61,229,12,0,1.2,1.3,0.4,4.1,0,1.7,1.3,1.2,0,0.8,221925.7,1
61,244,2,0,0.3,0.1,0.5,0.4,0,0.3,0,0.2,0.2,0,45410.3,1
61,246,2,0,0.3,0.1,0.5,0.4,0,0.3,0,0.2,0.2,0,45410.3,1
61,248,3,0,0.4,0.2,0.8,0.6,0,0.4,0.1,0.2,0.3,0,68115.5,1
62,2,1,0.1,0.1,0.1,0.1,0.2,0,0.2,0.1,0.1,0,0,23982.1,1
62,3,1,0.1,0.1,0.1,0.1,0.2,0,0.2,0.1,0.1,0,0,23982.1,1
62,4,2,0.1,0.2,0.2,0.3,0.5,0,0.3,0.2,0.1,0,0.1,47964.2,1
62,12,2,0,0.2,0.1,0.1,0.7,0,0.1,0.3,0.3,0,0.2,48511.8,1
62,16,3,0,0.3,0.1,0.2,1,0.1,0.2,0.5,0.4,0,0.2,72767.7,1
62,18,11,0,1.7,1,0.4,3.5,0,1.5,1.1,0.5,0.1,1.2,334765.2,1
62,19,29,0,4.6,2.6,1.1,9.2,0,4,2.9,1.3,0.2,3.1,882562.9,1
62,20,16,0,2.5,1.5,0.6,5.1,0,2.2,1.6,0.7,0.1,1.7,486931.2,1
62,29,12,0,1,1.5,1.2,2.3,0,2,2.8,0.2,0.5,0.5,271586.1,1
62,30,2,0,0.2,0.2,0.2,0.4,0,0.3,0.5,0,0.1,0.1,45264.4,1
62,34,2,0.1,0,0.1,0.3,0.3,0.1,0.3,0.6,0,0.2,0,49111,1
62,39,6,0.3,0.1,0.3,0.8,0.9,0.3,0.9,1.7,0.1,0.6,0,147332.9,1
62,40,8,0.4,0.2,0.4,1.1,1.1,0.4,1.1,2.3,0.2,0.8,0,196443.8,1
62,47,5,0.6,0.3,0.1,1.4,0.6,0.4,1.1,0.3,0.1,0,0.1,120113.6,1
62,59,1,0,0,0.1,0.1,0.3,0,0.1,0.2,0,0.1,0.1,25096.8,1
62,70,5,0.5,0.5,0.2,0.9,0.6,0.1,1,0.1,0.5,0.6,0,91309,1
62,71,10,1,1.1,0.5,1.7,1.2,0.2,1.9,0.2,1,1.2,0,182618,1
62,75,2,0.1,0.2,0.1,0.5,0.4,0.1,0.2,0.2,0.1,0.1,0,38980.1,1
62,76,8,0.2,0.7,0.3,2.2,1.7,0.2,1,1,0.2,0.5,0,155920.3,1
62,84,3,0.1,0.3,0.2,0.4,0.9,0.1,0.2,0.5,0.2,0.1,0,60589.5,1
62,85,79.5,4,8,7,17,19,0,9,6,4.5,5,0,1404239.6,0
62,86,83,2,12,10,12,25,0,8,8,1,2,3,1729346.4,0
62,87,131,1,35,14,10,48,0,10,3,8,0,2,2711560.1,0
62,88,7,0.6,0.3,0.1,2.3,1.1,0.8,0.5,0.2,0.9,0,0.2,135223.4,1
62,101,33,2.2,0.7,5.9,5.9,5.1,0.7,6.6,0,2.2,2.2,1.5,679402.1,1
62,102,139,14,8,7,43,24,9,7,3,23,0,1,2971765.1,0
62,103,65,11,4,0,23,7,0,0,3,16,1,0,1349586.6,0
62,119,3,0,0.2,0,0.4,0.6,0.1,0.5,0.5,0.2,0.4,0.1,76027.6,1
62,128,14,0.4,1.9,1.3,2.1,3.8,0.2,0.4,1.9,0.8,0.6,0.6,288802.7,1
62,142,47.5,8,5,0,19,2,6.5,0,0,7,0,0,839887.4,0
62,143,37,4,3,1,12,9,2,0,0,6,0,0,671301.6,0
62,144,43,3,3,3,6,7,1,4,8,2,5,1,898762.1,0
62,147,2,0,0.4,0.1,0.3,0.4,0,0.2,0.4,0,0.1,0.1,42681.9,1
62,155,2,0.1,0.3,0.1,0.2,0.5,0.1,0.2,0.3,0.1,0.1,0,34122.9,1
62,156,2,0.1,0.3,0.1,0.2,0.5,0.1,0.2,0.3,0.1,0.1,0,34122.9,1
62,168,7,0.4,0.9,0.2,1.4,0.7,0.2,0.7,1.6,0.5,0.2,0.2,155845.6,1
62,169,2,0.1,0.2,0.1,0.4,0.2,0.1,0.2,0.4,0.1,0.1,0.1,44527.3,1
62,171,2,0.1,0.2,0.1,0.4,0.2,0.1,0.2,0.4,0.1,0.1,0.1,44527.3,1
62,173,2,0.1,0.1,0.1,0.2,0.3,0.1,0.3,0.4,0.3,0.1,0,33910.6,1
62,174,2,0.1,0.1,0.1,0.2,0.3,0.1,0.3,0.4,0.3,0.1,0,33910.6,1
62,181,6,0.2,0.3,0.2,0.7,1,0.3,1.1,1.1,0.9,0.2,0,101731.7,1
62,191,6,0.7,0,0.4,1.5,0.2,0.4,1.3,1.1,0.4,0,0,106601.4,1
62,223,8,0.4,0.3,0.7,1.3,1.4,0.3,1.2,0.5,0.7,0.7,0.5,161453.5,1
62,224,27,1,1,3,8,5,0,6,1,1,1,0,663165.8,0
62,225,1,0,0,0.1,0.2,0.2,0,0.1,0.1,0.1,0.1,0.1,20181.7,1
62,226,5,0.3,0.2,0.4,0.8,0.9,0.2,0.8,0.3,0.4,0.4,0.3,100908.4,1
62,227,3,0.1,0.3,0.3,0.4,0.8,0.1,0.5,0.3,0.2,0,0,59745.6,1
62,233,5,0.2,0.5,0.4,0.6,1.8,0.1,0.1,0.5,0.2,0.2,0.4,96482.8,1
62,234,15,0.7,1.4,1.1,1.8,5.4,0.3,0.4,1.4,0.7,0.7,1.1,289448.3,1
62,239,4,0,0.5,0.3,0,0.8,0,1.6,0.8,0,0,0,85514.8,1
62,240,2,0,0.2,0.2,0,0.4,0,0.8,0.4,0,0,0,42757.4,1
62,245,4,0.2,0.2,0.2,1.1,0.5,0.2,0.3,0.5,0.4,0.2,0.2,86028.8,1
62,248,3,0.2,0.3,0,0.7,0.6,0.2,0.3,0.4,0.2,0.1,0,60903.1,1
63,1,3,0.1,0.3,0.2,0.3,0.6,0,0.5,0.7,0,0.1,0.2,66253,1
63,4,23,1.4,2.2,2.2,3.4,5.1,0,3.7,2.5,1.4,0.3,0.8,551587.8,1
63,6,4,0.2,0.4,0.4,0.6,0.9,0,0.6,0.4,0.2,0.1,0.2,95928.3,1
63,17,9.5,0,1.5,0.9,0.3,3,0,1.3,1,0.4,0.1,1,289115.4,1
63,20,37,0,5.9,3.3,1.3,11.8,0,5.1,3.7,1.6,0.3,4,1126028.5,1
63,21,4,0,0.6,0.4,0.1,1.3,0,0.6,0.4,0.2,0,0.4,121732.8,1
63,24,1,0,0.1,0.1,0.1,0.3,0,0.1,0.2,0,0.1,0,28538.5,1
63,25,2,0,0.2,0.1,0.2,0.5,0,0.3,0.4,0.1,0.2,0,57077.1,1
63,26,5,0.2,0.4,0.3,0.4,1.3,0,0.7,1,0.2,0.4,0.1,142692.7,1
63,41,8,0.4,0.2,0.4,1.1,1.1,0.4,1.1,2.3,0.2,0.8,0,196443.8,1
63,42,8,0.9,0.4,0.2,2.2,0.9,0.7,1.8,0.5,0.2,0,0.2,192181.8,1
63,58,8,0.1,0.4,0.6,0.6,2.1,0.4,0.4,1.8,0.4,0.4,0.8,200774.6,1
63,65,11,0.4,1.1,0,2.2,2.4,0.9,1.9,0.6,0.6,0.2,0.7,257856.1,1
63,66,4,0.2,0.4,0,0.8,0.9,0.3,0.7,0.2,0.2,0.1,0.2,93765.9,1
63,71,7.5,0.7,0.8,0.4,1.3,0.9,0.2,1.4,0.2,0.7,0.9,0,136963.5,1
63,74,3,0.1,0.3,0.1,0.8,0.6,0.1,0.3,0.4,0.1,0.2,0,58470.1,1
63,75,4,0.1,0.4,0.1,1.1,0.9,0.1,0.5,0.5,0.1,0.2,0,77960.1,1
63,83,1,0,0.1,0.1,0.1,0.3,0,0.1,0.2,0.1,0,0,20196.5,1
63,85,65,3,6,3,13,15,2,8,10,1,4,0,1309688,0
63,86,74.5,4,3,1,19,7,4,12,11,5.5,8,0,1427331.2,0
63,87,103.5,4,22,4,11,35,4,6,2,8.5,5,2,2228426.8,0
63,100,2,0.1,0.1,0.4,0.4,0.3,0,0.4,0,0.1,0.1,0.1,41175.9,1
63,106,14,1.4,1.8,1.8,4.2,2.3,0.3,0.5,0,1.4,0,0.3,284177.3,1
63,115,2,0,0.2,0,0.2,0.4,0.1,0.4,0.4,0.1,0.2,0,50685.1,1
63,118,7,0,0.5,0,0.9,1.4,0.3,1.2,1.2,0.4,0.9,0.2,177397.8,1
63,139,2,0,0.2,0.1,0.5,0.5,0,0.2,0.3,0.1,0.1,0,40769.2,1
63,142,24,2.4,3.4,0,5.4,6.4,1.5,0.5,0.5,2.9,1,0,480399.8,1
63,143,69,6,10,2,14,14,6,4,4,6,3,0,1388750.9,0
63,144,41.5,1.5,9,0,7,11,2,2,2,3,2,2,887808.5,0
63,145,6,0.6,0.9,0,1.4,1.6,0.4,0.1,0.1,0.7,0.2,0,120099.9,1
63,161,5,0.1,0.7,0.3,0.6,1.3,0.3,0.6,0.6,0.3,0.2,0,85307.3,1
63,162,2,0,0.1,0.2,0,0.2,0,0.7,0.6,0,0.2,0,31127.4,1
63,169,5,0.3,0.6,0.2,1,0.5,0.1,0.5,1.1,0.3,0.2,0.2,111318.3,1
63,170,9,0.6,1.1,0.3,1.7,0.9,0.3,0.9,2,0.6,0.3,0.3,200373,1
63,185,5,0.3,0.2,0.5,1,0.4,0.2,1.1,0.6,0.4,0.2,0.1,116975.8,1
63,186,2,0.1,0.1,0.2,0.4,0.2,0.1,0.4,0.2,0.2,0.1,0,46790.3,1
63,208,6,0.7,0.8,0.1,1.5,1.4,0.2,0.7,0.1,0.1,0.3,0.1,110445,1
63,216,2,0.1,0.2,0,0.2,0.3,0.1,0.2,0.5,0.1,0.3,0,40630.2,1
63,223,3,0.1,0.1,0.3,0.5,0.5,0.1,0.5,0.2,0.2,0.3,0.2,60545.1,1
63,224,31,1.6,1.1,2.6,5.3,5.3,1,4.7,2.1,2.6,2.6,2.1,625632.4,1
63,226,8,0.4,0.3,0.7,1.3,1.4,0.3,1.2,0.5,0.7,0.7,0.5,161453.5,1
63,229,4,0.1,0.4,0.3,0.5,1.1,0.2,0.6,0.4,0.3,0.1,0,79660.8,1
63,230,6,0.2,0.6,0.5,0.8,1.6,0.2,0.9,0.6,0.5,0.1,0,119491.2,1
63,232,3,0.1,0.3,0.2,0.4,1.1,0.1,0.1,0.3,0.1,0.1,0.2,57889.7,1
63,233,1,0,0.1,0.1,0.1,0.4,0,0,0.1,0,0.1,0.1,19296.6,1
63,234,5,0.2,0.5,0.4,0.6,1.8,0.1,0.1,0.5,0.2,0.2,0.4,96482.8,1
63,237,4,0,0.5,0.3,0,0.8,0,1.6,0.8,0,0,0,85514.8,1
63,243,3,0.2,0.1,0.2,0.8,0.4,0.1,0.3,0.4,0.3,0.1,0.1,64521.6,1
63,245,14,0.8,0.6,0.8,3.8,1.9,0.5,1.1,1.9,1.4,0.6,0.6,301100.8,1
63,246,2,0.1,0.1,0.1,0.5,0.3,0.1,0.1,0.3,0.2,0.1,0.1,43014.4,1
63,247,4,0.2,0.4,0,0.9,0.9,0.3,0.5,0.5,0.2,0.1,0,81204.1,1
63,248,2,0.1,0.2,0,0.4,0.4,0.2,0.2,0.3,0.1,0.1,0,40602.1,1
64,3,3,0.2,0.3,0.3,0.4,0.7,0,0.5,0.3,0.2,0,0.1,71946.2,1
64,4,12,0.7,1.2,1.2,1.8,2.6,0,1.9,1.3,0.7,0.2,0.4,287785,1
64,5,2,0.1,0.2,0.2,0.3,0.5,0,0.3,0.2,0.1,0,0.1,47964.2,1
64,7,4,0.3,0.5,0.2,0.6,1.1,0.2,0.3,0.4,0.3,0,0.1,76267.5,1
64,18,4,0,0.6,0.4,0.1,1.3,0,0.6,0.4,0.2,0,0.4,121732.8,1
64,20,4,0,0.6,0.4,0.1,1.3,0,0.6,0.4,0.2,0,0.4,121732.8,1
64,21,13,0,2.1,1.2,0.5,4.1,0,1.8,1.3,0.5,0.1,1.4,395631.6,1
64,22,3,0.1,0.2,0.2,0.3,0.8,0,0.4,0.6,0.1,0.3,0,85615.6,1
64,23,4,0.1,0.3,0.2,0.4,1.1,0,0.5,0.8,0.1,0.4,0.1,114154.2,1
64,24,15,0.4,1.3,0.9,1.3,4,0,2,3.1,0.5,1.3,0.2,428078.2,1
64,25,10,0.3,0.9,0.6,0.9,2.6,0,1.3,2.1,0.3,0.9,0.1,285385.5,1
64,31,21,0,1.8,2.6,2.2,3.9,0,3.5,4.8,0.4,0.9,0.9,475275.8,1
64,32,9,0.4,0.2,0.4,1.3,1.3,0.4,1.3,2.6,0.2,0.9,0,220999.3,1
64,33,2,0.1,0,0.1,0.3,0.3,0.1,0.3,0.6,0,0.2,0,49111,1
64,34,2,0.1,0,0.1,0.3,0.3,0.1,0.3,0.6,0,0.2,0,49111,1
64,44,3,0.3,0.2,0.1,0.8,0.3,0.2,0.7,0.2,0.1,0,0.1,72068.2,1
64,47,9,1,0.5,0.3,2.5,1,0.7,2,0.5,0.2,0,0.3,216204.5,1
64,50,3,0.3,0.2,0.1,0.8,0.3,0.2,0.7,0.2,0.1,0,0.1,72068.2,1
64,58,4,0,0.2,0.3,0.3,1.1,0.2,0.2,0.9,0.2,0.2,0.4,100387.3,1
64,62,4,0.2,0.4,0,0.8,0.9,0.3,0.7,0.2,0.2,0.1,0.2,93765.9,1
64,75,3,0.1,0.3,0.1,0.8,0.6,0.1,0.3,0.4,0.1,0.2,0,58470.1,1
64,78,6,0.3,0.2,0.8,1.1,0.9,0.2,0.9,0.8,0.2,0.6,0,115888.3,1
64,80,3,0.1,0.1,0.4,0.5,0.5,0.1,0.5,0.4,0.1,0.3,0,57944.2,1
64,81,2,0.1,0.1,0.3,0.4,0.3,0,0.3,0.3,0,0.2,0,38629.4,1
64,85,49,1.6,4.7,3.2,7.1,14.2,2.4,2.4,7.9,3.9,1.6,0,989628.7,1
64,86,99,13,9,1,24,17,9,10,6,8,1,1,2144474.2,0
64,87,52,4.5,2.2,0.7,17.1,8.2,5.9,3.7,1.5,6.7,0,1.5,1004516.4,1
64,90,9,0.8,0.4,0.1,3,1.4,1,0.6,0.3,1.1,0,0.3,173858.6,1
64,91,2,0.2,0.1,0,0.7,0.3,0.2,0.1,0.1,0.2,0,0.1,38635.2,1
64,99,5,0.3,0.1,0.9,0.9,0.8,0.1,1,0,0.3,0.4,0.2,102939.7,1
64,104,7,0.7,0.9,0.9,2.1,1.2,0.1,0.3,0,0.7,0,0.1,142088.7,1
64,105,5,0.5,0.6,0.7,1.5,0.8,0.1,0.2,0,0.5,0,0.1,101491.9,1
64,113,6,0,0.4,0,0.7,1.2,0.3,1,1.1,0.3,0.8,0.2,152055.3,1
64,125,5,0.2,0.7,0.4,0.7,1.3,0.1,0.2,0.7,0.3,0.2,0.2,103143.8,1
64,133,1,0,0.1,0,0.2,0.3,0,0.1,0.2,0.1,0,0,20384.6,1
64,140,3,0,0.3,0.2,0.7,0.8,0,0.2,0.5,0.2,0.1,0,61153.9,1
64,143,19,1.9,2.7,0,4.3,5,1.2,0.4,0.4,2.3,0.8,0,380316.5,1
64,149,8,0,1.5,0.6,1.3,1.8,0,0.6,1.5,0,0.4,0.3,170727.7,1
64,150,3,0,0.5,0.2,0.5,0.7,0,0.2,0.6,0,0.2,0.1,64022.9,1
64,156,2,0.1,0.3,0.1,0.2,0.5,0.1,0.2,0.3,0.1,0.1,0,34122.9,1
64,163,3,0,0.2,0.2,0,0.2,0,1.1,0.9,0,0.4,0,46691.1,1
64,174,6,0.2,0.3,0.2,0.7,1,0.3,1.1,1.1,0.9,0.2,0,101731.7,1
64,186,6,0.4,0.3,0.6,1.1,0.5,0.3,1.3,0.6,0.5,0.3,0.1,140370.9,1
64,190,5,0.5,0,0.4,1.2,0.2,0.3,1.1,0.9,0.4,0,0,88834.5,1
64,191,11,1.2,0,0.8,2.7,0.4,0.8,2.3,2,0.8,0,0,195435.9,1
64,196,5,0.6,0.8,0.2,0.6,1.1,0.1,0.4,0.4,0.2,0.5,0.1,103190.5,1
64,204,5,0.5,0.6,0.1,1.3,1.2,0.2,0.5,0.1,0.1,0.3,0.1,92037.5,1
64,205,3,0.3,0.4,0,0.8,0.7,0.1,0.3,0.1,0,0.2,0.1,55222.5,1
64,214,9,0.6,0.6,0.2,1,1.4,0.3,1,2.1,0.5,1.1,0.2,182835.9,1
64,225,3,0.1,0.1,0.3,0.5,0.5,0.1,0.5,0.2,0.2,0.3,0.2,60545.1,1
64,229,4,0.1,0.4,0.3,0.5,1.1,0.2,0.6,0.4,0.3,0.1,0,79660.8,1
64,230,21,0.7,2.2,1.7,2.8,5.6,0.9,3.2,2,1.7,0.2,0,418219.3,1
64,231,26,0.8,2.7,2.1,3.5,7,1.1,4,2.4,2.1,0.3,0,517795.3,1
64,235,7,0.3,0.7,0.5,0.8,2.5,0.2,0.2,0.7,0.3,0.3,0.5,135075.9,1
64,243,6,0.4,0.2,0.4,1.7,0.8,0.2,0.5,0.8,0.6,0.2,0.2,129043.2,1
64,244,2,0.1,0.1,0.1,0.5,0.3,0.1,0.1,0.3,0.2,0.1,0.1,43014.4,1
64,245,5,0.3,0.2,0.3,1.3,0.7,0.2,0.4,0.7,0.5,0.2,0.2,107536,1
64,246,5,0.3,0.2,0.3,1.3,0.7,0.2,0.4,0.7,0.5,0.2,0.2,107536,1
64,247,2,0.1,0.2,0,0.4,0.4,0.2,0.2,0.3,0.1,0.1,0,40602.1,1
64,255,1,0,0.2,0.1,0.2,0.3,0,0.1,0.1,0,0,0,20979.8,1
65,3,93,1,12,3,17,28,1,6,9,11,2,3,2044011.5,0
65,4,24,1.5,2.3,2.3,3.5,5.3,0,3.8,2.6,1.5,0.3,0.9,575569.9,1
65,6,6,0.4,0.6,0.6,0.9,1.3,0,0.9,0.6,0.4,0.1,0.2,143892.5,1
65,7,27,1.8,3.7,1.2,4.3,7.4,1.2,2.5,2.5,1.8,0,0.6,514805.3,1
65,12,6,0,0.7,0.2,0.3,2,0.2,0.3,1,0.8,0,0.5,145535.4,1
65,14,11,0,1.2,0.3,0.6,3.7,0.3,0.6,1.9,1.5,0,0.9,266815,1
65,21,5,0,0.8,0.5,0.2,1.6,0,0.7,0.5,0.2,0,0.5,152166,1
65,22,4,0.1,0.3,0.2,0.4,1.1,0,0.5,0.8,0.1,0.4,0.1,114154.2,1
65,23,14,0.4,1.2,0.8,1.2,3.7,0,1.9,2.9,0.4,1.3,0.2,399539.7,1
65,24,6,0.2,0.5,0.4,0.5,1.6,0,0.8,1.2,0.2,0.5,0.1,171231.3,1
65,30,68.5,0,4,2,6,10,1,13,25,4.5,3,0,1450858.3,0
65,31,105,2,3,3,10,5,2,29,37,3,10,1,2283054.8,0
65,32,117,5,10,4,9,20,3,14,29,10,8,5,2797846.3,0
65,33,61,0,6,3,0,9,0,22,15,1,1,4,2101259.1,0
65,34,47,1,10.5,0,4,12,1,12,3,3.5,0,0,1339142.6,0
65,38,3,0.1,0.1,0.2,0.4,0.4,0.1,0.4,0.9,0.1,0.3,0,73666.4,1
65,40,2,0.1,0,0.1,0.3,0.3,0.1,0.3,0.6,0,0.2,0,49111,1
65,42,8,0.9,0.4,0.2,2.2,0.9,0.7,1.8,0.5,0.2,0,0.2,192181.8,1
65,52,3,0,0.2,0.2,0.2,0.8,0.1,0.2,0.7,0.1,0.2,0.3,75290.5,1
65,59,3,0,0.2,0.2,0.2,0.8,0.1,0.2,0.7,0.1,0.2,0.3,75290.5,1
65,66,6,0.2,0.6,0,1.2,1.3,0.5,1.1,0.3,0.3,0.1,0.4,140648.8,1
65,68,2,0.2,0.2,0.1,0.3,0.2,0.1,0.4,0.1,0.2,0.2,0,36523.6,1
65,69,2,0.2,0.2,0.1,0.3,0.2,0.1,0.4,0.1,0.2,0.2,0,36523.6,1
65,73,1,0,0.1,0.1,0.3,0.2,0,0.1,0.1,0,0.1,0,19490,1
65,75,2,0.1,0.2,0.1,0.5,0.4,0.1,0.2,0.2,0.1,0.1,0,38980.1,1
65,77,2,0.1,0.1,0.3,0.4,0.3,0,0.3,0.3,0,0.2,0,38629.4,1
65,85,63,6,6,0,18,14,4,0,0,13,0,2,1351368.2,0
65,86,70.5,15,3.5,1,26,7,7.5,3,0,6.5,0,1,1415269.9,0
65,95,6,0.1,0.6,0.5,0.7,1,0.1,1,1,0.5,0.2,0.3,108203.4,1
65,104,6.5,0.7,0.8,0.9,1.9,1.1,0.1,0.2,0,0.7,0,0.1,131939.5,1
65,105,3,0.3,0.4,0.4,0.9,0.5,0,0.1,0,0.3,0,0.1,60895.1,1
65,107,1,0.1,0.1,0.1,0.3,0.2,0,0.1,0,0.1,0,0,20298.4,1
65,113,4,0,0.3,0,0.5,0.8,0.2,0.7,0.7,0.2,0.5,0.1,101370.2,1
65,121,2,0,0.2,0,0.2,0.4,0.1,0.4,0.4,0.1,0.2,0,50685.1,1
65,133,10,0.1,1.1,0.5,2.3,2.6,0,0.8,1.5,0.6,0.4,0.1,203846.2,1
65,134,4,0,0.4,0.2,0.9,1.1,0,0.3,0.6,0.2,0.2,0.1,81538.5,1
65,140,1,0,0.1,0,0.2,0.3,0,0.1,0.2,0.1,0,0,20384.6,1
65,160,2,0.1,0.3,0.1,0.2,0.5,0.1,0.2,0.3,0.1,0.1,0,34122.9,1
65,168,6,0.4,0.8,0.2,1.1,0.6,0.2,0.6,1.3,0.4,0.2,0.2,133582,1
65,179,6,0.2,0.3,0.2,0.7,1,0.3,1.1,1.1,0.9,0.2,0,101731.7,1
65,191,6,0.7,0,0.4,1.5,0.2,0.4,1.3,1.1,0.4,0,0,106601.4,1
65,209,6,0.7,0.8,0.1,1.5,1.4,0.2,0.7,0.1,0.1,0.3,0.1,110445,1
65,210,5,0.5,0.6,0.1,1.3,1.2,0.2,0.5,0.1,0.1,0.3,0.1,92037.5,1
65,229,22,0.7,2.3,1.8,3,5.9,0.9,3.4,2,1.8,0.2,0,438134.5,1
65,230,61,3,5,3,9,20,1,4,7,5,1,3,1214452.8,0
65,231,4,0.1,0.4,0.3,0.5,1.1,0.2,0.6,0.4,0.3,0.1,0,79660.8,1
65,240,2,0,0.2,0.2,0,0.4,0,0.8,0.4,0,0,0,42757.4,1
65,247,4,0.2,0.4,0,0.9,0.9,0.3,0.5,0.5,0.2,0.1,0,81204.1,1
65,251,2,0.1,0.2,0,0.4,0.4,0.2,0.2,0.3,0.1,0.1,0,40602.1,1
65,255,3,0.1,0.5,0.2,0.5,0.8,0.1,0.3,0.2,0.1,0.1,0.1,62939.4,1
66,2,4,0.2,0.4,0.4,0.6,0.9,0,0.6,0.4,0.2,0.1,0.2,95928.3,1
66,3,130,1,26,1,11,39,2,9,18,18,1,4,2839194.1,0
66,4,98,7,6,6,16,21,3,7,18,10,3,1,2317742.2,0
66,5,119,10,13.5,5,28,23,4,9,8,16.5,0,2,2607680.9,0
66,6,124,8.5,16,7,23,24,9,13,11,6.5,3,3,2431822.5,0
66,7,54,0,3,4,2,19,0,12,5,3,2,4,1233110.1,0
66,9,8,0.5,1.1,0.4,1.3,2.2,0.4,0.7,0.7,0.5,0,0.2,152534.9,1
66,11,5,0.3,0.7,0.2,0.8,1.4,0.2,0.5,0.5,0.3,0,0.1,95334.3,1
66,12,5,0,0.6,0.1,0.3,1.7,0.1,0.3,0.8,0.7,0,0.4,121279.5,1
66,13,2,0,0.2,0.1,0.1,0.7,0,0.1,0.3,0.3,0,0.2,48511.8,1
66,14,7,0,0.8,0.2,0.4,2.3,0.2,0.4,1.1,1,0,0.6,169791.4,1
66,20,4,0,0.6,0.4,0.1,1.3,0,0.6,0.4,0.2,0,0.4,121732.8,1
66,21,2,0,0.3,0.2,0.1,0.6,0,0.3,0.2,0.1,0,0.2,60866.4,1
66,22,4,0.1,0.3,0.2,0.4,1.1,0,0.5,0.8,0.1,0.4,0.1,114154.2,1
66,29,13,0,1.1,1.6,1.4,2.4,0,2.2,3,0.3,0.5,0.5,294218.3,1
66,30,122,3,9,6,8,16,3,14,53,4,4,2,2312090.6,0
66,31,103,6,6,4,15,16,3,5,35,7,5,1,1969007,0
66,32,108,0,5.5,2.5,3,18,0,21,36,1,12,9,2449315.4,0
66,33,143,1,13,2,13,17,2,46,38,8,0,3,3452199.2,0
66,34,140,3.5,16.5,7,11,29,2,39,19,8,1,4,3361297.9,0
66,35,31.5,1,3.5,0.5,5,8,2,6,3,1.5,0,1,830943.5,0
66,59,2,0,0.1,0.2,0.2,0.5,0.1,0.1,0.4,0.1,0.1,0.2,50193.6,1
66,60,19.5,0.2,1,1.4,1.4,5.3,1,1,4.3,1,1,1.9,489388,1
66,61,38,0,3,4,1,12,0,6,3,6,3,0,781707.2,0
66,62,17,0.7,1.7,0,3.3,3.7,1.3,3,1,1,0.3,1,398505,1
66,63,7,0.3,0.7,0,1.4,1.5,0.6,1.2,0.4,0.4,0.1,0.4,164090.3,1
66,66,2,0.1,0.2,0,0.4,0.4,0.2,0.4,0.1,0.1,0,0.1,46882.9,1
66,67,6,0.6,0.7,0.3,1,0.7,0.1,1.2,0.1,0.6,0.7,0,109570.8,1
66,71,5,0.5,0.5,0.2,0.9,0.6,0.1,1,0.1,0.5,0.6,0,91309,1
66,73,2,0.1,0.2,0.1,0.5,0.4,0.1,0.2,0.2,0.1,0.1,0,38980.1,1
66,75,8,0.2,0.7,0.3,2.2,1.7,0.2,1,1,0.2,0.5,0,155920.3,1
66,83,2,0.1,0.2,0.1,0.3,0.6,0.1,0.1,0.3,0.1,0.1,0,40393,1
66,84,5,0.2,0.5,0.3,0.7,1.5,0.2,0.2,0.8,0.4,0.2,0,100982.5,1
66,86,2,0.1,0.2,0.1,0.3,0.6,0.1,0.1,0.3,0.1,0.1,0,40393,1
66,95,4,0.1,0.4,0.3,0.4,0.7,0.1,0.7,0.7,0.3,0.1,0.2,72135.6,1
66,99,3,0.2,0.1,0.5,0.5,0.5,0.1,0.6,0,0.2,0.2,0.1,61763.8,1
66,100,2,0.1,0.1,0.4,0.4,0.3,0,0.4,0,0.1,0.1,0.1,41175.9,1
66,118,1,0,0.1,0,0.1,0.2,0,0.2,0.2,0.1,0.1,0,25342.5,1
66,124,8,0.2,1.1,0.7,1.2,2.1,0.1,0.2,1.1,0.5,0.4,0.4,165030.1,1
66,133,5,0.1,0.6,0.2,1.1,1.3,0,0.4,0.7,0.3,0.2,0.1,101923.1,1
66,140,8,0.1,0.9,0.4,1.8,2.1,0,0.6,1.2,0.5,0.3,0.1,163077,1
66,141,6,0.1,0.7,0.3,1.3,1.6,0,0.4,0.9,0.4,0.2,0.1,122307.7,1
66,153,2,0.1,0.3,0.1,0.2,0.5,0.1,0.2,0.3,0.1,0.1,0,34122.9,1
66,159,2,0.1,0.3,0.1,0.2,0.5,0.1,0.2,0.3,0.1,0.1,0,34122.9,1
66,164,4,0,0.3,0.3,0,0.3,0,1.5,1.2,0,0.4,0,62254.8,1
66,165,5,0,0.4,0.4,0,0.4,0,1.8,1.5,0,0.5,0,77818.5,1
66,176,2,0.1,0.1,0.1,0.2,0.3,0.1,0.3,0.4,0.3,0.1,0,33910.6,1
66,177,1,0,0.1,0,0.1,0.2,0,0.2,0.2,0.2,0,0,16955.3,1
66,179,4,0.1,0.2,0.2,0.5,0.6,0.2,0.7,0.7,0.6,0.2,0,67821.1,1
66,181,6,0.2,0.3,0.2,0.7,1,0.3,1.1,1.1,0.9,0.2,0,101731.7,1
66,197,4,0.5,0.6,0.2,0.5,0.9,0,0.3,0.3,0.2,0.4,0.1,82552.4,1
66,198,1,0.1,0.2,0.1,0.1,0.2,0,0.1,0.1,0,0.1,0,20638.1,1
66,205,1,0.1,0.1,0,0.3,0.3,0,0.1,0,0,0.1,0,18407.5,1
66,214,1,0.1,0.1,0,0.1,0.2,0,0.1,0.2,0.1,0.1,0,20315.1,1
66,229,4,0.1,0.4,0.3,0.5,1.1,0.2,0.6,0.4,0.3,0.1,0,79660.8,1
66,230,3,0.1,0.3,0.3,0.4,0.8,0.1,0.5,0.3,0.2,0,0,59745.6,1
66,234,3,0.1,0.3,0.2,0.4,1.1,0.1,0.1,0.3,0.1,0.1,0.2,57889.7,1
66,236,3,0.1,0.3,0.2,0.4,1.1,0.1,0.1,0.3,0.1,0.1,0.2,57889.7,1
66,238,4,0,0.5,0.3,0,0.8,0,1.6,0.8,0,0,0,85514.8,1
66,242,5,0.3,0.2,0.3,1.3,0.7,0.2,0.4,0.7,0.5,0.2,0.2,107536,1
66,243,5,0.3,0.2,0.3,1.3,0.7,0.2,0.4,0.7,0.5,0.2,0.2,107536,1
66,247,4,0.2,0.4,0,0.9,0.9,0.3,0.5,0.5,0.2,0.1,0,81204.1,1
66,251,8,0.4,0.8,0,1.8,1.7,0.7,0.9,1,0.4,0.3,0,162408.2,1
66,252,6,0.3,1,0.3,1,1.6,0.2,0.6,0.3,0.3,0.2,0.2,125878.8,1
66,254,14,0.7,2.3,0.7,2.3,3.8,0.4,1.5,0.8,0.7,0.4,0.4,293717.3,1
67,2,4,0.2,0.7,0.2,0.7,1,0.2,0.1,0.4,0.3,0,0.2,107910.3,1
67,3,68,2.5,4,2.5,5,14,1,0,26,5,4,4,1383787,0
67,4,111,3,8,5,12,23,2,23,15,8,2,10,2291415.3,0
67,5,95,4,7,2,10,16,1,16,26,7,3,3,2358490.7,0
67,6,105.5,7,6,9,16,15,3,17,18,4.5,8,2,2280126.1,0
67,7,80,1,9,4,18,16,2,9,14,4,2,1,1576959.5,0
67,8,2,0,0.3,0,0.3,0.4,0,0.3,0.3,0.2,0.2,0,38094.9,1
67,15,7,0,0.9,0,0.9,1.7,0.2,0.9,2,0.2,0.2,0,166309.1,1
67,20,12,0,1.6,0,1.6,2.8,0.3,1.6,3.5,0.3,0.3,0,285101.3,1
67,24,7,0.5,1,0.6,1.5,1.1,0.2,0.6,0.3,1,0.2,0,144374.5,1
67,25,2,0.1,0.3,0.2,0.4,0.3,0,0.2,0.1,0.3,0.1,0,41249.9,1
67,29,20,0.7,1.4,2.8,2.4,4.1,1,1.4,4.8,0.7,0,0.7,456169.3,1
67,30,154,4,5,10,19,21,2,18,50,11,13,1,2886877.2,0
67,31,72.5,0,6,5,1,16,3,4,25,6.5,5,1,1492317.5,0
67,32,154,5,10,14,16,29,3,17,44,5,11,0,3157458.2,0
67,33,113,1,7.5,0,9,16,3,32,29,3.5,10,2,2560815.9,0
67,34,106,1,4,4,9,14,0,33,29,7,1,4,2612502.1,0
67,35,91.5,9,5,7,20,15,4.5,10,10,8,1,2,2276156.2,0
67,39,1,0,0.1,0,0.1,0.2,0,0.2,0.2,0.1,0.1,0,22774.9,1
67,42,5,0.2,0.5,0.2,1,1.1,0.3,0.4,0.1,0.7,0.2,0.3,100969.4,1
67,45,2,0.1,0.2,0.1,0.4,0.4,0.1,0.2,0,0.3,0.1,0.1,40387.8,1
67,48,8,0.1,0.7,0.5,0.7,1.9,0.2,1.7,0.5,0.7,0.7,0.3,233962.7,1
67,49,1,0,0.1,0.1,0.1,0.2,0,0.2,0.1,0.1,0.1,0,29245.3,1
67,51,5,0.1,0.4,0.3,0.4,1.2,0.1,1.1,0.3,0.4,0.5,0.2,146226.7,1
67,57,18,0.7,1,0.7,3,5.4,0.3,2.4,1.4,1.7,0.7,0.7,448423.4,1
67,58,28,1.1,1.6,1.1,4.7,8.4,0.5,3.7,2.1,2.6,1.1,1.1,697547.5,1
67,59,24,0,0,0,1,2,0,13,4,2,0,2,515311.2,0
67,60,74,2,4,4,8,10,1,17,9,1,15,3,1671683.1,0
67,61,140,7,15.5,7,30,28,6.5,14,16,15,1,0,2970509.5,0
67,62,155.5,16,17,7,40,33,11,10,5,13.5,1,2,3163725.4,0
67,63,144,12,14,0,49,24,13,5,1,25,0,1,3278486.3,0
67,64,9.5,1.6,0.5,0,4.1,0.7,0.5,0.2,0.7,1.2,0,0,223593.8,1
67,70,4,0.4,0.4,0.2,0.7,0.5,0.1,0.7,0.1,0.4,0.5,0,73047.2,1
67,73,4,0.2,0.1,0.5,0.8,0.6,0.1,0.7,0.5,0.1,0.4,0,77258.9,1
67,83,2,0.1,0.3,0,0.3,0.5,0.1,0,0.5,0.1,0,0.1,39702.4,1
67,84,3,0.1,0.5,0,0.4,0.8,0.2,0,0.8,0.1,0,0.1,59553.6,1
67,92,4,0.1,0.4,0.3,0.4,0.7,0.1,0.7,0.7,0.3,0.1,0.2,72135.6,1
67,95,5,0.1,0.5,0.4,0.6,0.8,0.1,0.8,0.8,0.4,0.2,0.3,90169.5,1
67,96,4,0.1,0.4,0.3,0.4,0.7,0.1,0.7,0.7,0.3,0.1,0.2,72135.6,1
67,113,3,0,0.2,0,0.4,0.6,0.1,0.5,0.5,0.2,0.4,0.1,76027.6,1
67,118,3,0.2,0.1,0.5,0.4,1,0,0.2,0.2,0.2,0.1,0.1,46206.3,1
67,123,7,0.2,0.9,0.6,1.1,1.9,0.1,0.2,1,0.4,0.3,0.3,144401.3,1
67,124,2,0,0.3,0.2,0.3,0.5,0,0.1,0.3,0.1,0.1,0.1,41257.5,1
67,153,4,0.1,0.6,0.2,0.5,1.1,0.2,0.5,0.5,0.2,0.1,0,68245.9,1
67,157,4,0.1,0.6,0.2,0.5,1.1,0.2,0.5,0.5,0.2,0.1,0,68245.9,1
67,175,2,0.1,0.1,0.1,0.2,0.3,0.1,0.3,0.4,0.3,0.1,0,33910.6,1
67,176,3,0.1,0.2,0.1,0.4,0.5,0.1,0.5,0.5,0.5,0.1,0,50865.9,1
67,187,2,0.1,0.1,0.2,0.4,0.2,0.1,0.4,0.2,0.2,0.1,0,46790.3,1
67,199,2,0.2,0.3,0.1,0.2,0.4,0,0.2,0.2,0.1,0.2,0.1,41276.2,1
67,208,3,0.3,0.4,0,0.8,0.7,0.1,0.3,0.1,0,0.2,0.1,55222.5,1
67,210,2,0.2,0.3,0,0.5,0.5,0.1,0.2,0,0,0.1,0.1,36815,1
67,236,6,0.5,0.9,0.5,1.5,1,0.2,0.3,0,0.7,0.2,0.2,116351,1
67,249,10,0.7,0.7,0.4,2,2,0,2.3,0.7,0.7,0.5,0,204473.4,1
67,251,11,0.7,0.7,0.5,2.3,2.3,0,2.5,0.8,0.7,0.5,0,224920.7,1
67,252,16,1.2,1.9,0.2,3.4,2.9,0.5,2.1,1.6,1,0.8,0.4,313136.4,1
67,253,4,0.3,0.5,0.1,0.8,0.7,0.1,0.5,0.4,0.3,0.2,0.1,78284.1,1
67,254,10,0.8,1.2,0.2,2.1,1.8,0.3,1.3,1,0.6,0.5,0.2,195710.3,1
67,255,24,2,3,0,5,2,1,0,10,0,1,0,395547.6,0
68,2,2,0.1,0.3,0.1,0.4,0.5,0.1,0.1,0.2,0.1,0,0.1,53955.1,1
68,3,25.5,1.5,4.3,1.5,4.3,6.5,1.1,0.7,2.9,1.6,0,1.1,687928.1,1
68,4,78,5,5.5,4,14,15,3,12,10,4.5,4,1,1760415.7,0
68,5,111,7,8,7,24,25,4,5,10,13,6,2,2403444.5,0
68,6,76.5,2,1,5,8,9,1.5,13,29,3,3,2,1767862.3,0
68,7,50,0.7,7.3,0.7,7.6,10.4,0.7,6.3,8.3,3.8,3.5,0.7,952373.7,1
68,9,7,0.1,1,0.1,1.1,1.4,0.1,0.9,1.2,0.5,0.5,0.1,133332.3,1
68,10,2,0,0.3,0,0.3,0.4,0,0.3,0.3,0.2,0.2,0,38094.9,1
68,15,4,0,0.5,0,0.5,1,0.1,0.5,1.2,0.1,0.1,0,95033.8,1
68,20,1,0,0.1,0,0.1,0.3,0,0.2,0.3,0,0,0,23758.4,1
68,26,3,0.2,0.4,0.3,0.6,0.5,0.1,0.3,0.1,0.4,0.1,0,61874.8,1
68,28,6,0.2,0.4,0.8,0.7,1.3,0.3,0.4,1.5,0.2,0,0.2,136850.8,1
68,30,305,25,21,22,60,55,16,38,27,30,3,8,3989898.9,0
68,31,356,24,39,28,69,56,6,43,24,26,39,2,4984481.8,0
68,32,142.5,2,10,8.5,21,26,1,21,41,2,10,0,2617848.4,0
68,33,81,1,3,7,6,12,1,18,26,3,3,1,1820205.8,0
68,34,67.5,2,2,2.5,8,10,1,22,15,0,4,1,1736366,0
68,35,73,1,6,0,9,8,0,13,21,7,4,4,2021850.3,0
68,36,82,3,7,9,11,23,1,14,8,2,1,3,2007163.8,0
68,38,9,0.3,0.8,0.2,1.3,1.3,0.1,1.5,2.1,0.7,0.5,0.2,204973.9,1
68,39,2,0.1,0.2,0,0.3,0.3,0,0.3,0.5,0.1,0.1,0.1,45549.8,1
68,40,18,0.7,1.6,0.4,2.7,2.7,0.2,2.9,4.2,1.3,0.9,0.4,409947.8,1
68,41,6,0.2,0.5,0.1,0.9,0.9,0.1,1,1.4,0.4,0.3,0.2,136649.3,1
68,42,87,8,11.5,1,23,15,5.5,5,4,14,0,0,1409297,0
68,43,63,6,6,2,16,18,0,2,8,5,0,0,1263011.8,0
68,44,1,0,0.1,0,0.2,0.2,0.1,0.1,0,0.1,0.1,0.1,20193.9,1
68,50,2,0,0.2,0.1,0.2,0.5,0,0.4,0.1,0.2,0.2,0.1,58490.7,1
68,55,2,0.1,0.3,0.1,0.2,0.5,0,0.2,0.3,0.1,0.1,0.1,51139.7,1
68,57,46.5,1,4.5,5,5,15,0,7,4,1,1,3,1067150.2,0
68,58,117.5,8,8.5,6,31,28,1.5,10,10,8.5,4,2,2493321.9,0
68,59,111.5,1,16,8,9,29,1,9,26,9.5,3,0,2345042.3,0
68,60,84,0,2.5,4,10,12,0,35,18,1.5,1,0,2001973.3,0
68,61,159.5,12,26.5,8,22,47,3,14,6,14,0,7,3468491.9,0
68,62,89,14,4,0,43,6,7,2,3,9,0,1,1872684.7,0
68,63,67,9,2,2,31,7,2,6,0,7,0,1,1488301.9,0
68,79,4,0.2,0.1,0.5,0.8,0.6,0.1,0.7,0.5,0.1,0.4,0,77258.9,1
68,82,2,0.1,0.3,0,0.3,0.5,0.1,0,0.5,0.1,0,0.1,39702.4,1
68,83,5,0.2,0.9,0,0.7,1.2,0.4,0,1.2,0.2,0,0.2,99256,1
68,84,2,0.1,0.3,0,0.3,0.5,0.1,0,0.5,0.1,0,0.1,39702.4,1
68,88,7,0.2,1.2,0,1,1.8,0.5,0,1.8,0.2,0,0.3,138958.3,1
68,94,2,0,0.2,0.2,0.2,0.3,0,0.3,0.4,0.2,0.1,0.1,36067.8,1
68,100,1,0,0.1,0.1,0.1,0.2,0,0.2,0.2,0.1,0,0,18033.9,1
68,106,10,1,1.3,1.3,2.9,1.7,0.2,0.4,0,1,0,0.2,202983.8,1
68,132,7,0.1,0.8,0.4,1.6,1.8,0,0.5,1,0.4,0.3,0.1,142692.3,1
68,140,5,0.1,0.6,0.2,1.1,1.3,0,0.4,0.7,0.3,0.2,0.1,101923.1,1
68,146,11,0,2,0.8,1.8,2.5,0,0.8,2.1,0,0.6,0.4,234750.6,1
68,148,5,0,0.9,0.4,0.8,1.1,0,0.4,0.9,0,0.3,0.2,106704.8,1
68,151,8,0,1.5,0.6,1.3,1.8,0,0.6,1.5,0,0.4,0.3,170727.7,1
68,163,6,0.6,0.4,0.6,1.5,0,0.2,1.5,0.6,0.6,0,0,112219.3,1
68,170,2,0,0.1,0.2,0,0.2,0,0.7,0.6,0,0.2,0,31127.4,1
68,183,4,0.3,0.2,0.4,0.8,0.3,0.2,0.8,0.4,0.3,0.2,0.1,93580.6,1
68,184,6,0.4,0.3,0.6,1.1,0.5,0.3,1.3,0.6,0.5,0.3,0.1,140370.9,1
68,191,2,0.1,0.1,0.2,0.4,0.2,0.1,0.4,0.2,0.2,0.1,0,46790.3,1
68,192,9,1,1.4,0.4,1.1,2,0.1,0.7,0.7,0.4,0.9,0.3,185743,1
68,195,4,0.5,0.6,0.2,0.5,0.9,0,0.3,0.3,0.2,0.4,0.1,82552.4,1
68,199,6,0.7,1,0.3,0.7,1.3,0.1,0.4,0.4,0.3,0.6,0.2,123828.6,1
68,204,6,0.1,1,0.6,0.9,1.9,0,0.3,0.7,0.1,0.3,0.1,121136.1,1
68,228,5,0.3,0.3,0.4,1.3,1,0.2,0.1,0.7,0.6,0,0.1,98311.3,1
68,247,2,0.1,0.1,0.1,0.4,0.4,0,0.5,0.2,0.1,0.1,0,40894.7,1
68,249,2,0.1,0.1,0.1,0.4,0.4,0,0.5,0.2,0.1,0.1,0,40894.7,1
68,252,2,0.2,0.2,0,0.4,0.4,0.1,0.3,0.2,0.1,0.1,0,39142.1,1
68,253,32,1,1,2,5,8,1,2,6,2,4,0,659530.5,0
68,254,77,4,9.5,2,18,14,0,11,7,7.5,4,0,1376611,0
68,255,22,1.6,2.6,0.3,4.6,4,0.7,2.9,2.3,1.4,1.1,0.5,430562.6,1
69,0,1,0,0.1,0.1,0.1,0.2,0,0.2,0.2,0,0,0.1,22084.3,1
69,2,2,0.1,0.3,0.1,0.4,0.5,0.1,0.1,0.2,0.1,0,0.1,53955.1,1
69,3,9,0.5,1.5,0.5,1.5,2.3,0.4,0.3,1,0.6,0,0.4,242798.2,1
69,4,86.5,3,12,7,9,22,0.5,15,8,7,2,1,1696334.3,0
69,5,126,1,22.5,14.5,7,46,2,17,5,2,0,9,2803694.5,0
69,6,77.5,4,10.5,3,15,21,2,8,5,6,0,3,1975943.8,0
69,10,5,0.1,0.7,0.1,0.8,1,0.1,0.6,0.8,0.4,0.3,0.1,95237.4,1
69,19,10,0,1.3,0,1.3,2.4,0.2,1.3,2.9,0.3,0.3,0,237584.4,1
69,26,16,1.1,2.2,1.5,3.4,2.6,0.4,1.5,0.7,2.2,0.4,0,329998.9,1
69,28,4,0.1,0.3,0.6,0.5,0.8,0.2,0.3,1,0.1,0,0.1,91233.9,1
69,29,5,0.2,0.3,0.7,0.6,1,0.3,0.3,1.2,0.2,0,0.2,114042.3,1
69,31,61.5,2.5,5,2,6,11,3,4,18,3,7,0,1198208.2,0
69,32,147,9,9,9,26,25,6,20,24,12,5,2,2554035.8,0
69,33,300,32.5,18,26,77,60,8.5,34,17,17,6,4,4370431.8,0
69,34,230,20,15,23,49,46,15,28,21,10,2,1,3391472,0
69,35,201,16,9,19,39,32,4,38,29,8,6,1,3344829.9,0
69,36,73,0,6,5,9,13,1,20,15,1,2,1,1579834.2,0
69,37,9,0.3,0.8,0.2,1.3,1.3,0.1,1.5,2.1,0.7,0.5,0.2,204973.9,1
69,38,98.5,1,11.5,7,12,23,1,19,16,3,3,2,2255919.5,0
69,39,33,0,5,3,1,11,1,7,2,1,1,1,823446.4,0
69,40,97,3,6,4,12,11,1,15,29,4,12,0,2449310.6,0
69,41,81,5,8,4,18,11,0,1,21,8,4,1,1614774.7,0
69,42,98,6,6.5,7,16,20,5,13,15,8.5,1,0,1906531.8,0
69,43,151.5,10,18,4,33,36,3,13,15,12.5,4,3,3066044.2,0
69,44,78,3.6,8.2,3.6,15.4,17.2,4.6,6.4,1.8,10,3.6,3.6,1575123.3,1
69,49,9,0.2,0.7,0.6,0.8,2.1,0.2,1.9,0.6,0.7,0.8,0.4,263208,1
69,50,4,0.1,0.3,0.3,0.3,0.9,0.1,0.9,0.3,0.3,0.3,0.2,116981.3,1
69,51,9,0.2,0.7,0.6,0.8,2.1,0.2,1.9,0.6,0.7,0.8,0.4,263208,1
69,55,4,0.3,0.5,0.2,0.4,1,0.1,0.4,0.6,0.3,0.1,0.1,102279.4,1
69,56,39,2.5,5,1.9,4.3,9.9,0.6,4.3,6.2,2.5,0.6,1.2,997224.6,1
69,57,102,3.5,7.5,7,20,20,4.5,5,23,7.5,3,1,2083576.4,0
69,58,105,4,5,6,14,20,1,12,30,0,9,4,2565458.7,0
69,59,128,4,12,8,18,24,4,12,33,6,3,4,2892767.7,0
69,60,105,4,5.5,4.5,13,16,2,21,30,7,0,2,2148838.3,0
69,61,50,5,4,3,13,13,2,8,0,2,0,0,1235264.5,0
69,62,43.5,7.6,2.3,0,19.1,3,2.3,0.8,3.1,5.3,0,0,1023824.1,1
69,75,2,0.1,0.1,0.3,0.4,0.3,0,0.3,0.3,0,0.2,0,38629.4,1
69,88,3,0.1,0.5,0,0.4,0.8,0.2,0,0.8,0.1,0,0.1,59553.6,1
69,93,7,0.1,0.7,0.5,0.8,1.2,0.1,1.2,1.2,0.5,0.3,0.4,126237.3,1
69,97,9,0.2,0.9,0.7,1,1.5,0.2,1.5,1.5,0.7,0.3,0.5,162305.1,1
69,117,1,0.1,0,0.2,0.1,0.3,0,0.1,0.1,0.1,0,0,15402.1,1
69,118,3,0.2,0.1,0.5,0.4,1,0,0.2,0.2,0.2,0.1,0.1,46206.3,1
69,120,5,0.3,0.2,0.8,0.7,1.7,0,0.3,0.3,0.3,0.2,0.2,77010.5,1
69,129,5,0.2,0.7,0.4,0.7,1.3,0.1,0.2,0.7,0.3,0.2,0.2,103143.8,1
69,132,2,0,0.2,0.1,0.5,0.5,0,0.2,0.3,0.1,0.1,0,40769.2,1
69,133,3,0,0.3,0.2,0.7,0.8,0,0.2,0.5,0.2,0.1,0,61153.9,1
69,134,2,0,0.2,0.1,0.5,0.5,0,0.2,0.3,0.1,0.1,0,40769.2,1
69,143,7,0,1.3,0.5,1.2,1.5,0,0.5,1.3,0,0.4,0.3,149386.7,1
69,165,9,0.9,0.6,0.9,2.2,0,0.3,2.2,1,0.9,0,0,168329,1
69,177,11,0.4,0.6,0.4,1.4,1.7,0.6,1.9,1.9,1.7,0.4,0,186508.2,1
69,180,4,0.1,0.2,0.2,0.5,0.6,0.2,0.7,0.7,0.6,0.2,0,67821.1,1
69,191,5,0.3,0.2,0.5,1,0.4,0.2,1.1,0.6,0.4,0.2,0.1,116975.8,1
69,196,9,1,1.4,0.4,1.1,2,0.1,0.7,0.7,0.4,0.9,0.3,185743,1
69,202,2,0,0.3,0.2,0.3,0.6,0,0.1,0.2,0.1,0.1,0.1,40378.7,1
69,203,8,0.2,1.3,0.8,1.1,2.5,0,0.4,0.9,0.2,0.4,0.2,161514.8,1
69,205,4,0.1,0.6,0.4,0.6,1.2,0,0.2,0.5,0.1,0.2,0.1,80757.4,1
69,222,1,0,0.1,0.1,0.2,0.2,0,0.1,0.1,0.1,0.1,0,20645.1,1
69,224,14,0.7,0.9,0.7,2.9,2.9,0.1,2,1.4,1.3,1.1,0,289031.9,1
69,225,13,0.6,0.8,0.6,2.7,2.7,0.1,1.9,1.3,1.3,1,0,268386.7,1
69,226,6,0.3,0.4,0.3,1.2,1.2,0,0.9,0.6,0.6,0.5,0,123870.8,1
69,232,9,0.8,1.3,0.8,2.3,1.5,0.2,0.5,0,1,0.3,0.3,174526.5,1
69,233,8,0.7,1.1,0.7,2.1,1.4,0.2,0.5,0,0.9,0.2,0.2,155134.7,1
69,237,3,0,0.3,0.3,0,0.6,0,1.2,0.6,0,0,0,64136.1,1
69,243,3,0.2,0.3,0,0.7,0.6,0.2,0.3,0.4,0.2,0.1,0,60903.1,1
69,249,4,0.2,0.3,0.2,0.8,0.8,0,0.9,0.3,0.3,0.2,0,81789.4,1
69,253,33,2,2,1,4,6,0,5,8,2,3,0,664417.1,0
69,254,77,6,7.5,4,18,12,2.5,10,7,7,2,1,1207878.1,0
69,255,31,2.3,3.7,0.4,6.5,5.6,1,4.1,3.2,1.9,1.6,0.7,606701.8,1
70,0,2,0,0.2,0.2,0.2,0.4,0,0.3,0.4,0,0.1,0.2,44168.7,1
70,5,28,1.6,4.7,1.6,4.8,7.1,1.2,0.8,3.2,1.8,0,1.2,755372,1
70,20,2,0,0.3,0,0.3,0.5,0,0.3,0.6,0,0,0,47516.9,1
70,29,1,0,0.1,0.1,0.1,0.2,0.1,0.1,0.3,0,0,0,22808.5,1
70,30,31,2,1,4,2,8,1,6,5,2,0,0,691820.6,0
70,31,22,0.8,1.5,3,2.7,4.5,1.1,1.5,5.3,0.8,0,0.8,501786.2,1
70,32,49,2,11,1,8,11,1,2,7,3,3,0,840612.1,0
70,33,487.5,26.5,49,33.5,99,86,15,60,42,44.5,27,5,7757182.8,0
70,34,274,10,21.5,11,38,57,6,53,44,10.5,20,3,4749567.8,0
70,35,281,18.5,24.5,27,70,51,4,29,26,21,8,2,4523814.8,0
70,36,24,2,0,0,4,2,0,4,11,0,1,0,578695,0
70,37,12,0.4,1,0.3,1.8,1.8,0.2,1.9,2.8,0.9,0.6,0.3,273298.5,1
70,38,67,3,7.5,7,6,18,1,10,8,2.5,3,1,1399714.1,0
70,39,89.5,5,8,6.5,9,12,1,14,21,2,6,5,2199784.9,0
70,40,64,2,3,3,5,8,2,11,23,3,4,0,1788879.8,0
70,41,162,12,22,16,24,34,8,8,24,13,1,0,2036585.3,0
70,42,288.5,29,37.5,21,62,50,15,25,17,21,2,9,3974080.8,0
70,43,125,3,16,5,14,37,4,13,16,7,5,5,2662424.8,0
70,44,150,6,22,11,11,54,0,12,8,4,5,17,4141131,0
70,45,114.5,3,23,7,10,39,2,8,2,9.5,1,10,3079619.3,0
70,47,3,0.1,0.2,0.2,0.3,0.7,0.1,0.6,0.2,0.2,0.3,0.1,87736,1
70,50,2,0,0.2,0.1,0.2,0.5,0,0.4,0.1,0.2,0.2,0.1,58490.7,1
70,51,4,0.1,0.3,0.3,0.3,0.9,0.1,0.9,0.3,0.3,0.3,0.2,116981.3,1
70,52,10,0.6,1.3,0.5,1.1,2.5,0.2,1.1,1.6,0.6,0.2,0.3,255698.6,1
70,57,121.5,6.5,11,12,19,26,2,27,10,4,0,4,2947644.4,0
70,58,58.5,6,2.5,1,11,9,1,10,10,5,2,1,1465220.3,0
70,59,64,3,5,2,11,10,0,18,10,2,3,0,1651090.6,0
70,60,61,4,0,2,8,3,2,17,19,2,4,0,1644770.9,0
70,61,7,0.3,0.4,0.3,1.2,2.1,0.1,0.9,0.5,0.6,0.3,0.3,174386.9,1
70,85,2,0.1,0.3,0,0.3,0.5,0.1,0,0.5,0.1,0,0.1,39702.4,1
70,93,4,0.1,0.4,0.3,0.4,0.7,0.1,0.7,0.7,0.3,0.1,0.2,72135.6,1
70,95,2,0,0.2,0.2,0.2,0.3,0,0.3,0.4,0.2,0.1,0.1,36067.8,1
70,104,5,0.5,0.6,0.7,1.5,0.8,0.1,0.2,0,0.5,0,0.1,101491.9,1
70,117,5,0.3,0.2,0.8,0.7,1.7,0,0.3,0.3,0.3,0.2,0.2,77010.5,1
70,120,4,0.3,0.1,0.7,0.5,1.3,0,0.3,0.3,0.3,0.1,0.1,61608.4,1
70,121,7,0.5,0.2,1.2,0.9,2.3,0,0.5,0.5,0.5,0.2,0.2,107814.7,1
70,122,7,0.2,0.9,0.6,1.1,1.9,0.1,0.2,1,0.4,0.3,0.3,144401.3,1
70,123,7,0.2,0.9,0.6,1.1,1.9,0.1,0.2,1,0.4,0.3,0.3,144401.3,1
70,129,7,0.2,0.9,0.6,1.1,1.9,0.1,0.2,1,0.4,0.3,0.3,144401.3,1
70,130,1,0,0.1,0.1,0.2,0.3,0,0,0.1,0.1,0,0.1,20628.8,1
70,131,1,0,0.1,0.1,0.2,0.3,0,0,0.1,0.1,0,0.1,20628.8,1
70,135,2,0,0.2,0.1,0.5,0.5,0,0.2,0.3,0.1,0.1,0,40769.2,1
70,137,10,0.1,1.1,0.5,2.3,2.6,0,0.8,1.5,0.6,0.4,0.1,203846.2,1
70,138,4,0,0.4,0.2,0.9,1.1,0,0.3,0.6,0.2,0.2,0.1,81538.5,1
70,148,6,0,1.1,0.5,1,1.3,0,0.5,1.1,0,0.3,0.2,128045.8,1
70,162,1,0.1,0.1,0.1,0.2,0,0,0.3,0.1,0.1,0,0,18703.2,1
70,171,8,0,0.6,0.6,0,0.6,0,2.9,2.4,0,0.9,0,124509.6,1
70,174,2,0.1,0.1,0.1,0.2,0.3,0.1,0.3,0.4,0.3,0.1,0,33910.6,1
70,190,14,0.9,0.6,1.5,2.7,1.2,0.6,2.9,1.5,1.2,0.6,0.3,327532.2,1
70,192,1,0.1,0.2,0.1,0.1,0.2,0,0.1,0.1,0,0.1,0,20638.1,1
70,197,5,0.6,0.8,0.2,0.6,1.1,0.1,0.4,0.4,0.2,0.5,0.1,103190.5,1
70,199,3,0.4,0.5,0.1,0.4,0.7,0,0.2,0.2,0.1,0.3,0.1,61914.3,1
70,204,2,0,0.3,0.2,0.3,0.6,0,0.1,0.2,0.1,0.1,0.1,40378.7,1
70,205,15,0.4,2.5,1.4,2.1,4.6,0,0.7,1.8,0.4,0.7,0.4,302840.2,1
70,206,5,0.1,0.8,0.5,0.7,1.6,0,0.2,0.6,0.1,0.3,0.1,100946.7,1
70,209,4,0.4,0.5,0.1,1,1,0.1,0.4,0.1,0.1,0.2,0.1,73630,1
70,210,11,1.2,1.4,0.2,2.8,2.6,0.4,1.2,0.2,0.2,0.6,0.2,202482.6,1
70,224,10,0.5,0.6,0.5,2.1,2.1,0.1,1.4,1,0.9,0.8,0,206451.3,1
70,225,74,4,4,2,13,20,4,6,10,9,2,0,1430891.9,0
70,226,13.5,0.6,0.9,0.7,2.8,2.8,0.1,1.9,1.3,1.3,1.1,0,278709.3,1
70,227,5,0.3,0.3,0.4,1.3,1,0.2,0.1,0.7,0.6,0,0.1,98311.3,1
70,228,8,0.4,0.5,0.7,2,1.7,0.3,0.2,1.1,1,0,0.1,157298.1,1
70,229,18,1,1,1.5,4.5,3.8,0.7,0.5,2.5,2.2,0,0.3,353920.7,1
70,232,5,0.4,0.7,0.4,1.3,0.9,0.1,0.3,0,0.6,0.1,0.2,96959.2,1
70,235,1,0.1,0.1,0.1,0.3,0.2,0,0.1,0,0.1,0,0,19391.8,1
70,241,8,0,0.9,0.7,0,1.6,0,3.2,1.6,0,0,0,171029.6,1
70,242,18,0.9,1.8,0,4.1,3.8,1.5,2.1,2.3,0.9,0.6,0,365418.6,1
70,246,3,0.2,0.3,0,0.7,0.6,0.2,0.3,0.4,0.2,0.1,0,60903.1,1
70,253,1,0.1,0.1,0,0.2,0.2,0,0.1,0.1,0.1,0.1,0,19571,1
70,254,3,0.2,0.4,0,0.6,0.5,0.1,0.4,0.3,0.2,0.2,0.1,58713.1,1
70,255,15,1.1,1.8,0.2,3.2,2.7,0.5,2,1.5,0.9,0.8,0.3,293565.4,1
71,0,4,0.1,0.3,0.3,0.4,0.9,0,0.7,0.9,0,0.1,0.3,88337.3,1
71,1,3,0.1,0.3,0.2,0.3,0.6,0,0.5,0.7,0,0.1,0.2,66253,1
71,7,2,0,0.3,0,0.3,0.4,0,0.3,0.3,0.2,0.2,0,38094.9,1
71,10,4,0,0.6,0.1,0.6,0.8,0,0.5,0.7,0.3,0.3,0.1,76189.9,1
71,15,2,0,0.3,0,0.3,0.5,0,0.3,0.6,0,0,0,47516.9,1
71,22,6,0.4,0.8,0.6,1.3,1,0.1,0.6,0.3,0.8,0.1,0,123749.6,1
71,23,9,0.6,1.3,0.8,1.9,1.5,0.2,0.8,0.4,1.3,0.2,0,185624.4,1
71,28,52,1,2,1,3,3,1,4,30,3,4,0,1177775.8,0
71,29,168.5,7,15,4.5,19,26,4,19,54,6,8,6,3541364.4,0
71,30,155,8,11,8,21,28,4,34,26,10,4,1,3244756.8,0
71,31,110,4,9,4,13,10,3,13,36,2,14,2,2262759.7,0
71,32,93,3,6,6,10,19,3,10,15,3,15,3,1967934.2,0
71,33,152,2,9,12,18,22,0,45,27,4,10,3,3301384.3,0
71,34,97,1,7,4,8,19,3,19,21,4,7,4,2143829.7,0
71,35,60,2,3,1,10,13,5,13,4,6,0,3,1552083.2,0
71,36,248.5,12,27,12,47,39,13,28,26,25.5,14,5,4203480.5,0
71,37,35,0,8,2,2,11,0,1,6,0,5,0,870736.6,0
71,38,24,0.9,2.1,0.6,3.5,3.6,0.3,3.8,5.6,1.8,1.2,0.6,546597,1
71,39,84,2,11,4,7,12,0,7,25,2,9,5,2280959.2,0
71,40,50.5,1,3.5,3,1,8,0,14,18,0,2,0,1439971.4,0
71,41,156.5,7,11,14.5,29,37,5,12,21,4,16,0,2438250.8,0
71,42,625,50.5,85.5,47,137,104,29.5,57,50,48.5,11,5,8088507,0
71,43,92.5,5,10.5,6,10,19,2,12,15,10,2,1,1750586.5,0
71,44,116,1,21,6,10,32,2,21,5,10,0,8,2973312.6,0
71,45,90.5,3,14.5,5,9,25,2,9,3,15,1,4,2772680.2,0
71,51,31,0,3,0,0,8,1,10,4,1,0,4,991966.5,0
71,52,45,0,11,0,1,12,1,9,7,2,0,2,1381510,0
71,53,5,0.3,0.6,0.2,0.5,1.3,0.1,0.6,0.8,0.3,0.1,0.2,127849.3,1
71,56,3,0.2,0.4,0.1,0.3,0.8,0,0.3,0.5,0.2,0.1,0.1,76709.6,1
71,57,99,2,14,10,4,33,0,16,8,2,0,10,2259151.3,0
71,58,115,3,10.5,15,12,38,1,19,7,5.5,1,3,2725338.2,0
71,59,96,1.5,5,4,15,18,2,25,13,5.5,0,7,2446059.9,0
71,60,37,1,4,0,1,5,0,14,9,2,0,1,871643.5,0
71,62,4,0.7,0.2,0,1.7,0.3,0.2,0.1,0.3,0.5,0,0,94144.7,1
71,73,12,0.6,0.3,1.6,2.2,1.9,0.3,1.9,1.6,0.3,1.3,0,231776.7,1
71,74,3,0.1,0.1,0.4,0.5,0.5,0.1,0.5,0.4,0.1,0.3,0,57944.2,1
71,89,2,0.1,0.3,0,0.3,0.5,0.1,0,0.5,0.1,0,0.1,39702.4,1
71,96,2,0,0.2,0.2,0.2,0.3,0,0.3,0.4,0.2,0.1,0.1,36067.8,1
71,97,3,0.1,0.3,0.2,0.3,0.5,0.1,0.5,0.5,0.2,0.1,0.2,54101.7,1
71,110,2.5,0.3,0.3,0.3,0.7,0.4,0,0.1,0,0.3,0,0.1,50746,1
71,113,5,0,0.4,0,0.6,1,0.2,0.9,0.9,0.3,0.6,0.1,126712.7,1
71,114,7,0,0.5,0,0.9,1.4,0.3,1.2,1.2,0.4,0.9,0.2,177397.8,1
71,117,2,0.1,0.1,0.3,0.3,0.7,0,0.1,0.1,0.1,0.1,0.1,30804.2,1
71,127,3,0.1,0.4,0.3,0.5,0.8,0,0.1,0.4,0.2,0.1,0.1,61886.3,1
71,135,1,0,0.1,0,0.2,0.3,0,0.1,0.2,0.1,0,0,20384.6,1
71,137,2,0,0.2,0.1,0.5,0.5,0,0.2,0.3,0.1,0.1,0,40769.2,1
71,141,2,0,0.2,0.1,0.5,0.5,0,0.2,0.3,0.1,0.1,0,40769.2,1
71,143,1,0,0.2,0.1,0.2,0.2,0,0.1,0.2,0,0,0,21341,1
71,150,3,0,0.5,0.2,0.5,0.7,0,0.2,0.6,0,0.2,0.1,64022.9,1
71,152,5,0.1,0.7,0.3,0.6,1.3,0.3,0.6,0.6,0.3,0.2,0,85307.3,1
71,161,4,0.1,0.6,0.2,0.5,1.1,0.2,0.5,0.5,0.2,0.1,0,68245.9,1
71,162,6,0.6,0.4,0.6,1.5,0,0.2,1.5,0.6,0.6,0,0,112219.3,1
71,163,6,0.6,0.4,0.6,1.5,0,0.2,1.5,0.6,0.6,0,0,112219.3,1
71,166,1,0.1,0.1,0.1,0.2,0,0,0.3,0.1,0.1,0,0,18703.2,1
71,167,3,0,0.2,0.2,0,0.2,0,1.1,0.9,0,0.4,0,46691.1,1
71,186,1,0.1,0,0.1,0.2,0.1,0,0.2,0.1,0.1,0.1,0,23395.2,1
71,197,11,1.3,1.8,0.5,1.3,2.4,0.2,0.8,0.8,0.5,1.1,0.3,227019.2,1
71,200,8,0.9,1.3,0.4,0.9,1.8,0.1,0.6,0.6,0.4,0.8,0.2,165104.8,1
71,209,4,0.4,0.5,0.1,1,1,0.1,0.4,0.1,0.1,0.2,0.1,73630,1
71,210,5,0.5,0.6,0.1,1.3,1.2,0.2,0.5,0.1,0.1,0.3,0.1,92037.5,1
71,224,74,5,4,1,16,11,5,11,9,8,4,0,1417879.3,0
71,225,36,6,0,0,13,3,1,9,3,1,0,0,726720.4,0
71,226,5,0.2,0.3,0.2,1.1,1.1,0,0.7,0.5,0.5,0.4,0,103225.7,1
71,228,1,0.1,0.1,0.1,0.3,0.2,0,0,0.1,0.1,0,0,19662.3,1
71,229,23,1.3,1.3,1.9,5.7,4.8,1,0.6,3.2,2.9,0,0.3,452232,1
71,230,7,0.4,0.4,0.6,1.7,1.4,0.3,0.2,1,0.9,0,0.1,137635.8,1
71,231,5,0.3,0.3,0.4,1.3,1,0.2,0.1,0.7,0.6,0,0.1,98311.3,1
71,235,6,0.5,0.9,0.5,1.5,1,0.2,0.3,0,0.7,0.2,0.2,116351,1
71,241,8,0,0.9,0.7,0,1.6,0,3.2,1.6,0,0,0,171029.6,1
71,242,8,0.4,0.8,0,1.8,1.7,0.7,0.9,1,0.4,0.3,0,162408.2,1
71,249,13,0.9,0.9,0.6,2.6,2.7,0,2.9,0.9,0.9,0.6,0,265815.4,1
71,250,2,0.1,0.1,0.1,0.4,0.4,0,0.5,0.2,0.1,0.1,0,40894.7,1
71,254,11,0.8,1.3,0.2,2.3,2,0.4,1.4,1.1,0.7,0.6,0.2,215281.3,1
71,255,1,0.1,0.1,0,0.2,0.2,0,0.1,0.1,0.1,0.1,0,19571,1
72,3,2,0.1,0,0,0.3,0,0,0.1,1.5,0,0,0,47265.9,1
72,11,3,0,0.3,0.4,0.3,0.9,0,0.5,0.4,0.1,0,0.1,67474.1,1
72,12,3,0,0.4,0.1,0.4,0.7,0.1,0.7,0.5,0.1,0,0,78482.2,1
72,14,4,0,0.5,0.1,0.6,0.9,0.1,0.9,0.7,0.2,0,0,104642.9,1
72,15,4,0,0.5,0.1,0.6,0.9,0.1,0.9,0.7,0.2,0,0,104642.9,1
72,25,3,0.1,0.2,0.1,0.2,0.6,0,0.8,0.7,0,0.1,0.2,73128.4,1
72,26,2,0.1,0.1,0.1,0.1,0.4,0,0.5,0.4,0,0.1,0.2,48752.3,1
72,28,57,2,1,3,7,5,1,9,17,0,10,2,1431206,0
72,29,118,5,8,3,12,18,1,11,44,1,12,3,2544628.7,0
72,30,279,20,15.5,18,57,33,14,37,54,18.5,11,1,4479893.5,0
72,31,256,15,33,18,35,47,7,21,40,27,13,0,3398084,0
72,32,139.5,5,17,11.5,17,24,8,10,30,7,9,1,2214347.4,0
72,33,104.5,4,5.5,4,15,21,1,16,16,8,13,1,2259359,0
72,34,139,6,8.5,6.5,19,30,1,27,28,8,5,0,3289924.7,0
72,35,85,1,4,7,3,8,0,23,30,0,6,3,2292793.2,0
72,36,103,4,3,2,13,13,0,25,28,1,9,5,2431707.8,0
72,37,118,1,15,3,7,25,3,18,26,3,7,10,2512724.8,0
72,38,6,0.3,0.4,0.2,0.5,0.9,0.2,0.4,1.3,0.5,1.1,0.2,177133.7,1
72,39,118,2,8,3,14,21,1,13,33,5,13,5,3138992.7,0
72,40,227.5,4,26,15.5,36,49,2.5,29,35,12.5,15,3,4395902.8,0
72,41,172.5,9,5,6,42,36,6,24,19,4.5,21,0,2459001,0
72,42,229.5,13,19.5,22,56,41,8,23,20,19,7,1,3635272.1,0
72,43,151.5,8.5,10,14,28,27,3,20,14,9,13,5,2916648.3,0
72,44,102.5,1,14.5,3,9,24,1,21,17,9,0,3,2551931.9,0
72,45,47.5,0,11.5,0,3,17,0,9,1,2,0,4,1489754.1,0
72,51,3,0.1,0.2,0.1,0.4,0.5,0,0.5,0.7,0.1,0.1,0.3,103233.4,1
72,56,3,0.1,0.2,0.2,0.6,0.8,0.1,0.3,0.2,0.3,0,0.2,62395.4,1
72,57,27,1.5,3.7,0.9,3,5.5,0.6,4.9,2.1,0.9,1.5,2.4,721792.4,1
72,58,43,2,9,4,3,12,1,4,5,1,0,2,886851.4,0
72,59,42,1,2,1,5,10,0,12,10,0,0,1,982986.5,0
72,60,15,0.8,2,0.5,1.7,3,0.3,2.7,1.2,0.5,0.9,1.4,400995.8,1
72,61,4,0.2,0.6,0.1,0.5,0.8,0.1,0.7,0.3,0.1,0.2,0.4,106932.2,1
72,62,3,0.3,0.2,0.1,0.5,0.6,0.1,0.3,0.4,0.3,0.1,0.1,64595.7,1
72,64,2,0.2,0.1,0.1,0.3,0.4,0.1,0.2,0.3,0.2,0,0.1,43063.8,1
72,66,3,0.3,0.2,0.1,0.5,0.6,0.1,0.3,0.4,0.3,0.1,0.1,64595.7,1
72,73,9,0.1,1.4,0.3,0.9,1.5,0.2,0.8,2.2,0.6,0.8,0.2,196971.6,1
72,74,3,0,0.5,0.1,0.3,0.5,0,0.3,0.7,0.2,0.3,0.1,65657.2,1
72,76,5,0.1,0.8,0.2,0.5,0.9,0.1,0.4,1.2,0.3,0.4,0.1,109428.6,1
72,79,9,0.4,0.9,0.4,1.7,2.6,0.8,0.9,0.5,0.6,0.1,0.1,207219.7,1
72,85,5,0.3,0.4,0.5,0.6,0.9,0.1,0,1.5,0.3,0.4,0,105636.7,1
72,88,5,0.1,0.4,0.5,0.4,1.7,0,0.5,0.4,0.1,0.8,0.1,95888.5,1
72,89,5,0.1,0.4,0.5,0.4,1.7,0,0.5,0.4,0.1,0.8,0.1,95888.5,1
72,97,1,0,0.1,0.1,0.1,0.2,0,0.2,0.2,0.1,0,0,18646.8,1
72,98,4,0.1,0.5,0.3,0.4,0.8,0,0.8,0.8,0.2,0.1,0,74587.2,1
72,105,6,0.1,1,0.7,0.6,1.7,0,0.7,1,0,0.1,0.1,113309.7,1
72,109,1,0,0.2,0.1,0.1,0.3,0,0.1,0.2,0,0,0,18884.9,1
72,110,2,0,0.3,0.2,0.2,0.6,0,0.2,0.3,0,0.1,0.1,37769.9,1
72,117,2,0.1,0,0.1,0.4,0.5,0,0.4,0.3,0.1,0.1,0,40942,1
72,123,9,0.8,1.3,0.5,1.6,1.4,0.4,1,0.3,0.9,0.3,0.5,151476.7,1
72,124,4,0.4,0.6,0.2,0.8,0.6,0.2,0.4,0.1,0.4,0.1,0.2,67323,1
72,131,10,0.9,1.4,0.6,1.9,1.5,0.4,1.1,0.3,1,0.3,0.6,168307.5,1
72,151,5,0.1,0.4,0.1,0.5,0.9,0,1.1,1.1,0.1,0.2,0.5,103477.4,1
72,152,2,0.1,0.3,0.1,0.3,0.3,0,0.5,0.2,0.1,0.1,0,31734.5,1
72,154,4,0.3,0.7,0.2,0.5,0.5,0,1,0.4,0.2,0.2,0,63469,1
72,161,2,0.1,0,0.1,0.4,0.2,0,0.5,0.5,0,0.2,0,37755,1
72,163,2,0.2,0,0.1,0.4,0.1,0.1,0.5,0.5,0,0.1,0,41214.8,1
72,165,2,0.2,0,0.1,0.4,0.1,0.1,0.5,0.5,0,0.1,0,41214.8,1
72,168,3,0.2,0.1,0.1,0.6,0.2,0.1,0.8,0.7,0,0.2,0,61822.3,1
72,186,5,0,0.5,0.4,0.2,0.8,0.3,0.5,1.2,0.3,0.8,0,99043.9,1
72,200,10,0.6,1,0.9,1.5,2.6,0.3,0.5,1.1,1.1,0.2,0.2,254473.6,1
72,201,1,0.1,0.1,0.1,0.1,0.3,0,0.1,0.1,0.1,0,0,25447.4,1
72,202,11,0.4,2,0.4,2.5,2.6,0.6,0.3,0.9,0.6,0.6,0.1,217511.2,1
72,203,7,0.3,1.3,0.2,1.6,1.7,0.4,0.2,0.5,0.3,0.4,0.1,138416.2,1
72,204,15,0.6,2.7,0.5,3.4,3.6,0.8,0.3,1.2,0.8,0.9,0.2,296606.2,1
72,208,2,0.1,0.1,0.2,0.2,0.4,0.1,0.4,0.2,0.1,0.1,0.1,36999.7,1
72,211,1,0,0.1,0.1,0.1,0.2,0,0.2,0.1,0.1,0.1,0,18499.9,1
72,212,5,0.2,0.1,0.4,0.8,1.1,0,0.8,0.9,0.1,0.6,0,100459.8,1
72,215,4,0.2,0.1,0.3,0.6,0.9,0,0.6,0.7,0.1,0.5,0,80367.8,1
72,224,8,0.9,0,0,2.3,1.8,0.5,0.5,1.1,0.7,0,0.2,152820.6,1
72,226,3,0.3,0,0,0.9,0.7,0.2,0.2,0.4,0.2,0,0.1,57307.7,1
72,227,2,0.2,0,0,0.6,0.4,0.1,0.1,0.3,0.2,0,0.1,38205.2,1
72,228,2,0.2,0,0,0.6,0.4,0.1,0.1,0.3,0.2,0,0.1,38205.2,1
72,231,8,0.9,0,0,2.3,1.8,0.5,0.5,1.1,0.7,0,0.2,152820.6,1
72,241,4,0.1,0.4,0.1,1,0.6,0.3,0.4,0.7,0.3,0.1,0,81026.1,1
72,242,1,0.1,0.1,0,0.1,0.2,0,0.1,0.2,0.1,0.1,0,20562,1
72,245,4,0.4,0.2,0.1,0.5,0.9,0,0.6,0.8,0.2,0.2,0.1,82248.1,1
72,255,3,0.4,0.1,0.1,0.9,0.5,0.1,0.5,0.2,0.2,0,0,67145.6,1
73,3,5,0.4,0,0,0.8,0,0,0.2,3.6,0,0,0,118164.7,1
73,11,5,0,0.5,0.7,0.4,1.6,0,0.8,0.7,0.1,0,0.2,112456.8,1
73,16,2,0,0.2,0.1,0.3,0.5,0.1,0.4,0.3,0.1,0,0,52321.5,1
73,20,5,0.2,0.8,0.1,1,0.5,0.2,0.4,1,0.3,0.5,0,123107.9,1
73,23,5,0.2,0.3,0.2,0.4,0.9,0,1.3,1.1,0,0.2,0.4,121880.6,1
73,25,1,0,0.1,0,0.1,0.2,0,0.3,0.2,0,0,0.1,24376.1,1
73,26,2,0.1,0.1,0.1,0.1,0.4,0,0.5,0.4,0,0.1,0.2,48752.3,1
73,28,46,2,0,0,7,3,0,5,22,0,6,1,1121223.2,0
73,29,123,1,10,2,11,21,0,7,50,4,15,2,2702154.8,0
73,30,250,20,24,21,52,42,13,20,23,24,10,1,3542484.4,0
73,31,471,27,59,37,106,89,16,36,43,47,9,2,6092544.9,0
73,32,371,32,42,29,68,69,18,43,40,27,3,0,5621344.4,0
73,33,106,5,3,10,15,13,0,8,37,3,10,2,2221699.1,0
73,34,292.5,15.5,5,43,127,30,1,25,15,13,17,1,6477967.1,0
73,35,155,4,8,13,38,25,5,16,19,7,17,3,3287020.5,0
73,36,183,5,17,10,28,48,5,28,13,15,10,4,4115034.9,0
73,37,124,2,8,10,21,26,1,21,14,6,11,4,2420590.7,0
73,38,31,0,2,1,5,1,2,9,4,3,4,0,722375.7,0
73,39,27,1.6,1.6,0.8,2.5,4.1,0.8,1.7,5.7,2.5,4.9,0.8,797101.6,1
73,40,177.5,8,5.5,12,40,34,3,20,22,10,17,6,3421171.1,0
73,41,195.5,13,16,7,41,41,6,13,19,13.5,20,6,3980534.7,0
73,42,207.5,10,10,6.5,38,43,6,18,19,17,31,9,4838210.7,0
73,43,104.5,7,5,8.5,18,19,2,18,14,5,7,1,2285474.7,0
73,44,33.5,1,3,0.5,2,9,1,4,7,0,3,3,688337.8,0
73,45,28,2.3,2.3,1.9,6.2,4.7,1.2,3.1,0.8,2.7,1.6,1.2,790814.6,1
73,47,2,0,0.2,0.1,0.2,0.4,0,0.4,0.5,0,0,0.2,68822.3,1
73,49,36,1,0,3,5,5,0,14,7,0,0,1,1200596,0
73,50,15,0.3,1.1,0.5,1.8,2.8,0.2,2.8,3.6,0.3,0.3,1.3,516167.1,1
73,51,5,0.1,0.4,0.2,0.6,0.9,0.1,0.9,1.2,0.1,0.1,0.4,172055.7,1
73,59,40,2,3,1,4,9,0,6,9,4,1,1,980314,0
73,60,12,0.7,1.6,0.4,1.3,2.4,0.3,2.2,0.9,0.4,0.7,1.1,320796.6,1
73,72,8,0.1,1.3,0.3,0.8,1.4,0.1,0.7,1.9,0.6,0.7,0.1,175085.8,1
73,73,5,0.1,0.8,0.2,0.5,0.9,0.1,0.4,1.2,0.3,0.4,0.1,109428.6,1
73,84,12,0.7,0.9,1.1,1.6,2.2,0.3,0,3.6,0.7,0.9,0,253528,1
73,89,7,0.1,0.5,0.7,0.5,2.4,0,0.7,0.5,0.2,1.2,0.2,134243.9,1
73,98,2,0,0.3,0.1,0.2,0.4,0,0.4,0.4,0.1,0.1,0,37293.6,1
73,99,2,0,0.3,0.1,0.2,0.4,0,0.4,0.4,0.1,0.1,0,37293.6,1
73,103,3,0.1,0.5,0.3,0.3,0.8,0,0.3,0.5,0,0.1,0.1,56654.8,1
73,108,3,0.1,0.5,0.3,0.3,0.8,0,0.3,0.5,0,0.1,0.1,56654.8,1
73,109,5,0.1,0.8,0.6,0.5,1.4,0,0.6,0.8,0,0.1,0.1,94424.7,1
73,111,2,0,0.3,0.2,0.2,0.6,0,0.2,0.3,0,0.1,0.1,37769.9,1
73,127,6,0.5,0.9,0.3,1.1,0.9,0.3,0.7,0.2,0.6,0.2,0.3,100984.5,1
73,150,1,0,0.1,0,0.1,0.2,0,0.2,0.2,0,0.1,0.1,20695.5,1
73,161,8,0.6,0,0.3,1.5,0.6,0,2.2,2.2,0,0.6,0,151019.8,1
73,162,4,0.3,0.1,0.2,0.8,0.2,0.1,1.1,1,0,0.2,0,82429.7,1
73,177,5,0,0.1,0.1,1,0.8,0.1,0.9,1,0.7,0.3,0,95312.1,1
73,178,4,0,0.1,0.1,0.8,0.6,0.1,0.7,0.8,0.6,0.2,0,76249.7,1
73,189,5,0,0.5,0.4,0.2,0.8,0.3,0.5,1.2,0.3,0.8,0,99043.9,1
73,194,1,0.1,0.1,0,0.2,0.2,0,0.1,0.1,0,0.1,0.1,20839.4,1
73,200,6,0.4,0.6,0.5,0.9,1.5,0.2,0.3,0.7,0.7,0.1,0.1,152684.1,1
73,201,12,0.8,1.3,1.1,1.7,3.1,0.4,0.6,1.3,1.3,0.2,0.2,305368.3,1
73,202,39,0,1,3,7,8,1,9,2,2,5,1,754187.6,0
73,203,62,2,0,7,14,9,5,12,7,5,0,1,1385428.9,0
73,206,2,0.1,0.4,0.1,0.4,0.5,0.1,0,0.2,0.1,0.1,0,39547.5,1
73,239,2,0.1,0.2,0,0.5,0.3,0.1,0.2,0.3,0.2,0.1,0,40513.1,1
73,243,2,0.2,0.1,0.1,0.2,0.4,0,0.3,0.4,0.1,0.1,0.1,41124.1,1
73,244,7,0.8,0.3,0.2,0.8,1.5,0,1,1.4,0.4,0.4,0.2,143934.2,1
73,250,2,0.2,0.1,0.1,0.2,0.4,0,0.3,0.4,0.1,0.1,0.1,41124.1,1
74,10,9,0,0.9,1.3,0.7,2.7,0,1.5,1.3,0.2,0,0.4,202422.2,1
74,19,6,0.2,1,0.1,1.2,0.7,0.2,0.5,1.2,0.3,0.6,0,147729.5,1
74,20,18,0.7,2.9,0.3,3.6,2,0.7,1.6,3.6,1,1.6,0,443188.4,1
74,23,2,0.1,0.1,0.1,0.1,0.4,0,0.5,0.4,0,0.1,0.2,48752.3,1
74,24,6,0.2,0.4,0.2,0.5,1.1,0,1.6,1.3,0,0.2,0.5,146256.8,1
74,28,73.5,1,5.5,5,5,13,0,11,23,2,7,1,1747841.2,0
74,29,39,0,2,4,2,8,0,7,11,0,4,1,771490.6,0
74,30,14,0.3,1.4,0.8,1.1,4.1,0,1.1,2.2,1.4,0.8,0.8,285428.6,1
74,31,128.5,7,10.5,9.5,23,30,2,10,22,5.5,9,0,2052894.9,0
74,32,391.5,21,36,33,84,89,8,34,42,27.5,17,0,5708139.5,0
74,33,53,0,10,0,1,16,1,4,12,4,4,1,922966.7,0
74,34,62,4,3,2,11,16,1,4,9,6,4,2,1341816,0
74,35,151,3,8.5,14,19,28,2,23,24,5.5,20,4,3449610.8,0
74,36,188,2,8,28,66,33,1,13,20,3,11,3,3963424.7,0
74,37,115,3,7.5,11,23,18,0,18,17,3.5,13,1,2412408.2,0
74,38,332,11,13.5,33,99,49,4.5,31,42,12,35,2,7079061,0
74,39,165,5,4,11,29,24,1,27,35,5,20,4,4121328.4,0
74,40,190.5,10,12,13,45,34,3,32,22,7.5,9,3,4421658.1,0
74,41,128.5,1,17,4,9,28,3,15,28,2.5,12,9,3428606,0
74,42,173.5,10,18.5,16,33,34,1,19,18,8,11,5,4139245.8,0
74,43,160.5,9,14,9,35,40,6,12,14,7.5,10,4,3460854.5,0
74,44,66.5,3,9.5,4,9,18,1,5,11,2,4,0,1484011,0
74,45,59.5,2,0.5,2,7,3,0,22,15,0,6,2,1607393.9,0
74,46,7,0.6,0.6,0.5,1.5,1.1,0.3,0.8,0.2,0.7,0.4,0.3,197703.7,1
74,49,29,0.6,2.2,1,3.5,5.4,0.3,5.4,6.9,0.6,0.6,2.5,997923.1,1
74,50,60,2,3,4,5,12,1,12,10,2,2,7,2088940.5,0
74,51,32,1,1,3,5,6,1,12,2,1,0,0,1099104.5,0
74,58,13,0.7,1.8,0.5,1.5,2.6,0.3,2.3,1,0.4,0.7,1.2,347529.7,1
74,59,3,0.2,0.4,0.1,0.3,0.6,0.1,0.5,0.2,0.1,0.2,0.3,80199.2,1
74,66,2,0.2,0.1,0.1,0.3,0.4,0.1,0.2,0.3,0.2,0,0.1,43063.8,1
74,68,5,0.4,0.4,0.2,0.9,1,0.1,0.5,0.7,0.5,0.1,0.2,107659.5,1
74,75,4,0.1,0.6,0.1,0.4,0.7,0.1,0.3,1,0.3,0.3,0.1,87542.9,1
74,80,2,0.1,0.2,0.1,0.4,0.6,0.2,0.2,0.1,0.1,0,0,46048.8,1
74,81,6,0.3,0.6,0.3,1.1,1.7,0.5,0.6,0.3,0.4,0.1,0.1,138146.5,1
74,89,4,0.1,0.3,0.4,0.3,1.3,0,0.4,0.3,0.1,0.7,0.1,76710.8,1
74,97,2,0,0.3,0.1,0.2,0.4,0,0.4,0.4,0.1,0.1,0,37293.6,1
74,109,6,0.1,1,0.7,0.6,1.7,0,0.7,1,0,0.1,0.1,113309.7,1
74,115,2,0.1,0,0.1,0.4,0.5,0,0.4,0.3,0.1,0.1,0,40942,1
74,125,3,0.3,0.4,0.2,0.5,0.5,0.1,0.3,0.1,0.3,0.1,0.2,50492.2,1
74,128,3,0.3,0.4,0.2,0.5,0.5,0.1,0.3,0.1,0.3,0.1,0.2,50492.2,1
74,136,5,0.3,0.5,0.5,0.8,1,0.1,0.6,0,0.5,0.7,0,92787.4,1
74,153,2,0.1,0.3,0.1,0.3,0.3,0,0.5,0.2,0.1,0.1,0,31734.5,1
74,157,11,0.8,0,0.4,2.1,0.8,0,3,3,0,0.9,0,207652.3,1
74,161,1,0.1,0,0,0.2,0.1,0,0.2,0.3,0,0.1,0,18877.5,1
74,173,4,0,0.1,0.1,0.8,0.6,0.1,0.7,0.8,0.6,0.2,0,76249.7,1
74,176,3,0,0.1,0.1,0.6,0.5,0,0.5,0.6,0.4,0.2,0,57187.3,1
74,193,6,0.6,0.4,0.1,1.2,1,0,0.8,0.5,0.3,0.7,0.4,125036.1,1
74,201,26,1.7,2.7,2.3,3.8,6.7,0.9,1.3,2.9,2.9,0.4,0.4,661631.3,1
74,202,116,8,10,6,19,28,4,9,13,6,13,0,1974022.3,0
74,203,5,0.2,0.9,0.2,1.1,1.2,0.3,0.1,0.4,0.2,0.3,0.1,98868.7,1
74,209,2,0.1,0.1,0.2,0.2,0.4,0.1,0.4,0.2,0.1,0.1,0.1,36999.7,1
74,211,1,0,0.1,0.1,0.1,0.2,0,0.2,0.1,0.1,0.1,0,18499.9,1
74,216,3,0.1,0.1,0.2,0.4,0.7,0,0.5,0.5,0.1,0.4,0,60275.9,1
74,233,5,0.3,0.6,0.4,1,1.2,0.4,0.5,0.2,0.4,0,0,97482.3,1
74,234,26,1.5,3.3,1.9,5.4,6,2.3,2.5,0.8,1.9,0.2,0.2,506908.1,1
74,235,20,1.1,2.6,1.4,4.2,4.6,1.8,1.9,0.6,1.4,0.2,0.2,389929.3,1
74,236,8,0.4,1,0.6,1.7,1.8,0.7,0.8,0.2,0.6,0.1,0.1,155971.7,1
74,237,4,0.1,0.4,0.1,1,0.6,0.3,0.4,0.7,0.3,0.1,0,81026.1,1
74,251,6,0.7,0.3,0.2,0.7,1.3,0,0.8,1.2,0.3,0.3,0.2,123372.2,1
74,254,1,0.1,0,0,0.3,0.2,0,0.2,0.1,0.1,0,0,22381.9,1
75,6,2,0.1,0,0,0.3,0,0,0.1,1.5,0,0,0,47265.9,1
75,9,10,0,1,1.4,0.8,3.1,0,1.7,1.4,0.2,0,0.4,224913.5,1
75,10,2,0,0.2,0.3,0.2,0.6,0,0.3,0.3,0,0,0.1,44982.7,1
75,13,4,0,0.5,0.1,0.6,0.9,0.1,0.9,0.7,0.2,0,0,104642.9,1
75,19,2,0.1,0.3,0,0.4,0.2,0.1,0.2,0.4,0.1,0.2,0,49243.2,1
75,20,16,0.6,2.6,0.3,3.2,1.7,0.6,1.4,3.2,0.9,1.5,0,393945.3,1
75,21,2,0.1,0.3,0,0.4,0.2,0.1,0.2,0.4,0.1,0.2,0,49243.2,1
75,23,2,0.1,0.1,0.1,0.1,0.4,0,0.5,0.4,0,0.1,0.2,48752.3,1
75,26,4,0.1,0.3,0.2,0.3,0.7,0,1,0.9,0,0.2,0.3,97504.5,1
75,28,49,1,5,2,3,9,0,8,16,1,1,3,1161421.8,0
75,29,127.5,7,9.5,6,16,17,2,11,48,7,3,1,2670711.1,0
75,30,29,0.6,2.8,1.7,2.3,8.5,0,2.3,4.6,2.8,1.7,1.7,591245,1
75,31,209,6,21,11,24,41,9,24,19,18,29,7,4061806.6,0
75,32,188,9,17,6,36,43,7,12,18,10,26,4,3688710.6,0
75,33,206.5,10,19.5,10,37,37,5,25,14,13,28,8,4420344.7,0
75,34,163,15,15,8,37,25,6,10,19,8,17,3,3883430.9,0
75,35,132,1,14,9,21,28,2,14,23,7,8,5,3384995.7,0
75,36,119,0,8,5,18,28,1,15,26,9,5,4,2769810.2,0
75,37,123,7,14,9,19,26,2,19,13,9,5,0,2396265.3,0
75,38,133,1,6,3,12,22,2,9,14,3,60,1,2902796.4,0
75,39,212,7,16,13,29,43,4,20,14,12,49,5,5584330.9,0
75,40,78,4,3.5,5,20,16,2,10,10,3.5,4,0,1802143.8,0
75,41,83,3,13,5,9,17,0,9,15,7,3,2,2048593.7,0
75,42,138.5,7,15.5,6,21,27,4,23,13,7,4,11,3066067.6,0
75,43,204.5,4,19,5,22,41,3,32,45,13.5,16,4,4127397.3,0
75,44,223.5,8,28,12,32,48,4,25,21,15.5,22,8,5105722.2,0
75,45,171.5,7,15,6,27,19,2,34,25,12.5,17,7,4163631.4,0
75,46,7,0.6,0.6,0.5,1.5,1.1,0.3,0.8,0.2,0.7,0.4,0.3,197703.7,1
75,50,17,0.4,1.3,0.5,2,3.1,0.2,3.1,4.1,0.4,0.4,1.5,584989.4,1
75,51,21,0.4,1.6,0.7,2.5,3.9,0.2,3.9,5,0.5,0.5,1.8,722634,1
75,52,5,0.1,0.4,0.3,1,1.3,0.2,0.5,0.4,0.5,0,0.3,103992.3,1
75,58,2,0.1,0.3,0.1,0.2,0.4,0,0.4,0.1,0.1,0.1,0.2,53466.1,1
75,59,4,0.2,0.6,0.1,0.5,0.8,0.1,0.7,0.3,0.1,0.2,0.4,106932.2,1
75,65,4,0.4,0.3,0.2,0.7,0.8,0.1,0.4,0.5,0.4,0.1,0.1,86127.6,1
75,66,7,0.6,0.5,0.3,1.3,1.4,0.2,0.7,1,0.7,0.1,0.2,150723.3,1
75,68,2,0.2,0.1,0.1,0.3,0.4,0.1,0.2,0.3,0.2,0,0.1,43063.8,1
75,78,5,0.2,0.5,0.2,0.9,1.4,0.4,0.5,0.3,0.4,0.1,0.1,115122.1,1
75,79,1,0,0.1,0,0.2,0.3,0.1,0.1,0.1,0.1,0,0,23024.4,1
75,85,5,0.3,0.4,0.5,0.6,0.9,0.1,0,1.5,0.3,0.4,0,105636.7,1
75,87,2,0.1,0.1,0.2,0.1,0.7,0,0.2,0.1,0.1,0.3,0.1,38355.4,1
75,98,4,0.1,0.5,0.3,0.4,0.8,0,0.8,0.8,0.2,0.1,0,74587.2,1
75,99,2,0,0.3,0.1,0.2,0.4,0,0.4,0.4,0.1,0.1,0,37293.6,1
75,100,1,0,0.1,0.1,0.1,0.2,0,0.2,0.2,0.1,0,0,18646.8,1
75,108,6,0.1,1,0.7,0.6,1.7,0,0.7,1,0,0.1,0.1,113309.7,1
75,124,4,0.4,0.6,0.2,0.8,0.6,0.2,0.4,0.1,0.4,0.1,0.2,67323,1
75,128,4,0.4,0.6,0.2,0.8,0.6,0.2,0.4,0.1,0.4,0.1,0.2,67323,1
75,129,14,1.2,2,0.8,2.6,2.1,0.6,1.5,0.5,1.4,0.5,0.8,235630.4,1
75,148,3,0,0.2,0.1,0.3,0.5,0,0.7,0.7,0.1,0.1,0.3,62086.4,1
75,161,2,0.1,0,0.1,0.4,0.2,0,0.5,0.5,0,0.2,0,37755,1
75,163,8,0.6,0.1,0.3,1.6,0.5,0.2,2.2,1.9,0.1,0.5,0,164859.3,1
75,168,3,0.2,0.1,0.1,0.6,0.2,0.1,0.8,0.7,0,0.2,0,61822.3,1
75,177,2,0,0,0.1,0.4,0.3,0,0.4,0.4,0.3,0.1,0,38124.8,1
75,193,4,0.4,0.2,0.1,0.8,0.7,0,0.6,0.3,0.2,0.5,0.2,83357.4,1
75,194,1,0.1,0.1,0,0.2,0.2,0,0.1,0.1,0,0.1,0.1,20839.4,1
75,195,2,0.2,0.1,0.1,0.4,0.3,0,0.3,0.2,0.1,0.2,0.1,41678.7,1
75,202,13,0.5,2.4,0.4,3,3.1,0.7,0.3,1,0.7,0.7,0.2,257058.7,1
75,203,51,3,6,1,12,10,1,3,5,3,5,2,1080566.5,0
75,204,32,1.3,5.8,1.1,7.3,7.6,1.8,0.7,2.6,1.6,1.8,0.4,632759.9,1
75,206,1,0,0.2,0,0.2,0.2,0.1,0,0.1,0.1,0.1,0,19773.7,1
75,207,17,0.5,1.3,2.2,1.5,3.3,0.5,3.3,1.6,1,1.3,0.5,314497.8,1
75,208,1,0,0.1,0.1,0.1,0.2,0,0.2,0.1,0.1,0.1,0,18499.9,1
75,211,12,0.4,0.9,1.5,1.1,2.3,0.4,2.3,1.1,0.7,0.9,0.4,221998.5,1
75,212,8,0.4,0.2,0.6,1.2,1.8,0,1.2,1.4,0.2,1,0,160735.7,1
75,234,20,1.1,2.6,1.4,4.2,4.6,1.8,1.9,0.6,1.4,0.2,0.2,389929.3,1
75,235,29,1.6,3.7,2.1,6,6.7,2.6,2.8,0.9,2.1,0.2,0.3,565397.5,1
75,236,2,0.1,0.3,0.1,0.4,0.5,0.2,0.2,0.1,0.1,0,0,38992.9,1
75,240,11,0.4,1,0.2,2.7,1.6,0.8,1.2,1.9,0.8,0.4,0,222821.8,1
75,249,4.5,0.5,0.2,0.1,0.5,1,0,0.6,0.9,0.3,0.3,0.1,92529.2,1
76,8,20,0,2,2.9,1.6,6.1,0,3.3,2.9,0.4,0,0.8,449827,1
76,19,2,0.1,0.3,0,0.4,0.2,0.1,0.2,0.4,0.1,0.2,0,49243.2,1
76,21,4,0.1,0.7,0.1,0.8,0.4,0.1,0.4,0.8,0.2,0.4,0,98486.3,1
76,28,8,0.2,0.8,0.5,0.6,2.3,0,0.6,1.2,0.8,0.5,0.5,163102.1,1
76,29,417,24,34.5,27,113,80,6,51,48,20.5,9,4,6702930.8,0
76,30,110,4,9,2,5,19,1,16,39,6,8,1,2491320.1,0
76,31,166,4,13.5,10,18,23,3,10,43,11.5,28,2,3547731.2,0
76,32,145.5,4,12.5,5,19,28,7,11,22,7,27,3,3345208.5,0
76,33,250,11,22.5,10.5,35,49,8,24,21,26,41,2,5000881.7,0
76,34,247.5,8,33,13,35,53,10,25,23,17.5,25,5,5402583.3,0
76,35,273,12,27,22,43,57,6,44,26,16,13,7,4825761.5,0
76,36,154.5,2,12.5,5.5,30,27,1,35,18,12.5,6,5,3413771,0
76,37,135,8,10,11,29,38,2,8,10,8,7,4,2611138,0
76,38,116.5,4,9.5,11,27,24,1,11,11,6,7,5,2497794.9,0
76,39,281.5,17,16,51,74,51,6,19,11,21.5,7,8,5670364.9,0
76,40,492,5,15.5,31.5,56,57,2,79,137,7,96,6,1.26330632E7,0
76,41,145.5,6,10,12,42,22,5,14,14,9.5,6,5,3158110.9,0
76,42,167.5,10,12.5,13,29,32,2,20,28,5,14,2,3910699.8,0
76,43,229,4,21,13,33,57,4.5,30,28,11.5,16,11,5593693.8,0
76,44,164,5,12,11,20,35,1,17,30,5,20,8,3867278.6,0
76,45,205,19,20,8,41,36,7,18,21,22,13,0,4505152.1,0
76,46,30,2.5,2.5,2.1,6.7,5,1.2,3.3,0.8,2.9,1.7,1.3,847301.4,1
76,54,4,0.1,0.3,0.2,0.8,1.1,0.1,0.4,0.3,0.4,0,0.3,83193.8,1
76,59,9,0.5,1.2,0.3,1,1.9,0.2,1.6,0.7,0.3,0.5,0.8,240597.5,1
76,65,2,0.2,0.1,0.1,0.3,0.4,0.1,0.2,0.3,0.2,0,0.1,43063.8,1
76,66,5,0.4,0.4,0.2,0.9,1,0.1,0.5,0.7,0.5,0.1,0.2,107659.5,1
76,69,2,0.2,0.1,0.1,0.3,0.4,0.1,0.2,0.3,0.2,0,0.1,43063.8,1
76,77,14,0.6,1.4,0.6,2.6,4,1.2,1.4,0.8,1,0.2,0.2,322341.7,1
76,78,120.5,3.5,25,6,20,35,2.5,3,4,18.5,0,3,2436833.9,0
76,79,88,1,20,6,5,32,1,4,9,4,3,3,1764769.9,0
76,80,25,1.1,2.5,1.1,4.6,7.1,2.1,2.5,1.4,1.8,0.4,0.4,575610.3,1
76,81,8,0.3,0.8,0.3,1.5,2.3,0.7,0.8,0.5,0.6,0.1,0.1,184195.3,1
76,82,25.5,1.4,1.9,2.4,3.4,4.8,0.7,0,7.6,1.4,1.9,0,538747,1
76,85,6,0.3,0.4,0.6,0.8,1.1,0.2,0,1.8,0.3,0.5,0,126764,1
76,99,1,0,0.1,0.1,0.1,0.2,0,0.2,0.2,0.1,0,0,18646.8,1
76,101,5,0.1,0.6,0.3,0.5,1.1,0,1.1,0.9,0.3,0.1,0,93234,1
76,102,2,0,0.3,0.2,0.2,0.6,0,0.2,0.3,0,0.1,0.1,37769.9,1
76,117,4,0.2,0.1,0.3,0.8,0.9,0,0.8,0.5,0.2,0.2,0,81884.1,1
76,122,2,0.2,0.3,0.1,0.4,0.3,0.1,0.2,0,0.2,0.1,0.1,33661.5,1
76,123,2,0.2,0.3,0.1,0.4,0.3,0.1,0.2,0,0.2,0.1,0.1,33661.5,1
76,141,1,0.1,0.1,0.1,0.2,0.2,0,0.1,0,0.1,0.1,0,18557.5,1
76,144,2,0,0.1,0,0.2,0.4,0,0.5,0.5,0,0.1,0.2,41391,1
76,156,3,0.2,0.5,0.2,0.4,0.4,0,0.7,0.3,0.1,0.2,0,47601.8,1
76,157,2,0.1,0,0.1,0.4,0.2,0,0.5,0.5,0,0.2,0,37755,1
76,179,1,0,0,0,0.2,0.2,0,0.2,0.2,0.1,0.1,0,19062.4,1
76,191,7,0,0.7,0.5,0.2,1.2,0.4,0.7,1.6,0.5,1.2,0,138661.4,1
76,193,3,0.3,0.2,0.1,0.6,0.5,0,0.4,0.2,0.2,0.3,0.2,62518.1,1
76,197,4,0.3,0.4,0.4,0.6,1,0.1,0.2,0.4,0.4,0.1,0.1,101789.4,1
76,201,3,0.2,0.3,0.3,0.4,0.8,0.1,0.1,0.3,0.3,0.1,0.1,76342.1,1
76,203,53,4,7,3,6,15,0,9,6,2,0,1,867009.8,0
76,204,34,1,1,0,6,5,2,9,8,1,0,1,699792.2,0
76,205,2,0.1,0.4,0.1,0.4,0.5,0.1,0,0.2,0.1,0.1,0,39547.5,1
76,210,4,0.1,0.3,0.5,0.4,0.8,0.1,0.8,0.4,0.2,0.3,0.1,73999.5,1
76,211,2,0.1,0.1,0.2,0.2,0.4,0.1,0.4,0.2,0.1,0.1,0.1,36999.7,1
76,231,12,1.4,0,0,3.4,2.8,0.7,0.7,1.7,1,0,0.3,229231,1
76,232,2,0.1,0.3,0.1,0.4,0.5,0.2,0.2,0.1,0.1,0,0,38992.9,1
76,235,11,0.6,1.4,0.8,2.3,2.5,1,1.1,0.3,0.8,0.1,0.1,214461.1,1
76,236,2,0.1,0.3,0.1,0.4,0.5,0.2,0.2,0.1,0.1,0,0,38992.9,1
76,239,1,0,0.1,0,0.2,0.2,0.1,0.1,0.2,0.1,0,0,20256.5,1
76,248,9,1,0.4,0.2,1,2,0,1.3,1.8,0.5,0.5,0.3,185058.3,1
77,1,1,0,0.1,0.1,0.2,0.2,0.1,0.1,0.1,0.1,0,0,20394.7,1
77,3,3,0.2,0.2,0,0.3,0.5,0,0.3,0.9,0.2,0.2,0.2,70557.2,1
77,12,6,0.2,0.4,0.2,0.7,1.1,0,2,0.5,0.4,0.5,0,156148.3,1
77,16,5,0.2,0.4,0.2,0.5,0.9,0,1.6,0.4,0.4,0.4,0,130123.6,1
77,17,5,0,0.6,0.1,0.7,1.2,0.1,1.1,0.9,0.3,0,0,130803.7,1
77,18,4,0,0.5,0.1,0.6,0.9,0.1,0.9,0.7,0.2,0,0,104642.9,1
77,19,2,0,0.2,0.1,0.3,0.5,0.1,0.4,0.3,0.1,0,0,52321.5,1
77,25,7,0,0.8,0.4,0.3,2.2,0,0.8,1.2,0.5,0.4,0.4,172596.5,1
77,27,45,0,7,3,1,14,0,5,7,2,3,3,1106442.6,0
77,28,29,0.6,2.1,3.1,2.8,9.7,0.3,3.5,2.8,2.5,1,0.6,735538.3,1
77,29,149,4,3.5,7,33,33,3,30,21,9.5,2,3,2915476.3,0
77,30,211,11.5,21.5,17,38,47,7,19,19,15,12,4,3664111,0
77,31,70,0,3,1,1,10,1,11,31,4,6,2,1786160.2,0
77,32,36,0,2,3,2,9,1,2,11,1,4,1,1067889,0
77,33,53,0,4,2,0,13,1,6,15,1,7,4,1548018.6,0
77,34,156,11,10,6,29,26,5,15,20,19,14,1,3158223.4,0
77,35,128,7,10,7,26,26,4,11,4,14,15,4,2730138.3,0
77,36,254.5,11,14,10,54,47,2,33,47,7.5,26,3,4279441.9,0
77,37,161,2,3,10,23,25,1,19,45,2,30,1,3850027.8,0
77,38,85,3,5.5,14,13,13,0,7,19,3.5,5,2,1891327.1,0
77,39,162,5.5,18.5,14,44,37,5,8,7,11,6,6,3346868.5,0
77,40,179,5,13,26.5,43,34,2,19,15,8.5,9,4,4118696.4,0
77,41,226,7,20.5,19,41,50,8,23,17,18.5,12,10,5655699.2,0
77,42,194,6,18,12,20,53,3,25,26,13,8,10,5563169.8,0
77,43,209.5,8,21,15,42,52,9,25,11,12.5,9,5,5264499.7,0
77,44,216.5,9,14,14.5,42,48,4.5,28,30,11.5,11,4,4630190.4,0
77,45,169,6,21,7,21,50,3,21,16,3,9,12,3917529.3,0
77,46,24,0.4,2.7,0.4,2.3,6.3,0.4,2.3,3.2,3.2,0.5,2.3,507510.9,1
77,47,9,0,0.8,0.5,1.1,3,0.3,0.8,1.1,0.3,0.5,0.6,220380.3,1
77,49,2,0,0.2,0.1,0.2,0.7,0.1,0.2,0.2,0.1,0.1,0.1,48973.4,1
77,50,5,0,0.5,0.3,0.6,1.7,0.1,0.5,0.6,0.1,0.3,0.3,122433.5,1
77,60,9,0.3,0.7,0.5,1.8,2.4,0.3,0.9,0.7,0.9,0,0.5,187186.1,1
77,65,9,0.8,0.7,0.4,1.6,1.8,0.3,0.9,1.2,0.9,0.1,0.3,193787,1
77,72,12,0.2,1.9,0.4,1.3,2.1,0.2,1,2.9,0.8,1,0.2,262628.8,1
77,73,5,0.1,0.8,0.2,0.5,0.9,0.1,0.4,1.2,0.3,0.4,0.1,109428.6,1
77,77,14,0,1.3,0.4,1.1,2.7,0.2,4.9,2.7,0.7,0,0,357429.2,1
77,78,124,6,20,14,18,35,2,13,4,8,1,3,2322346.8,0
77,79,151,6,14,16,15,41,1,22,23,3,5,5,3235213.6,0
77,80,230.5,10.5,20.5,6,35,40,9.5,18,27,16,45,3,3642335.3,0
77,81,61,5,4,1,14,6,0,17,8,1,5,0,1438778.4,0
77,82,132,5,16,7,15,24,4.5,19,15,11.5,12,3,2487108.3,0
77,83,66,4,4,3,13,14,2,5,5,6,9,1,1141484.5,0
77,84,5,0.3,0.7,0.3,0.9,1.2,0.1,0.5,0.3,0.6,0.1,0,96953.6,1
77,90,5,0.1,0.4,0.5,0.4,1.7,0,0.5,0.4,0.1,0.8,0.1,95888.5,1
77,92,2,0,0.3,0.1,0.2,0.4,0,0.4,0.4,0.1,0.1,0,37293.6,1
77,99,3,0.2,0.3,0,0.7,0.6,0.1,0.4,0.3,0.2,0.2,0,51152.4,1
77,111,7,0.2,1.1,0.8,0.6,2,0,0.8,1.1,0,0.2,0.2,132194.6,1
77,117,5,0.3,0.1,0.3,1,1.2,0,1.1,0.6,0.2,0.2,0,102355.1,1
77,120,3,0.2,0.1,0.2,0.6,0.7,0,0.6,0.4,0.1,0.1,0,61413,1
77,125,7,0.6,1,0.4,1.3,1.1,0.3,0.8,0.2,0.7,0.2,0.4,117815.2,1
77,128,9,0.8,1.3,0.5,1.6,1.4,0.4,1,0.3,0.9,0.3,0.5,151476.7,1
77,151,3,0,0.2,0.1,0.3,0.5,0,0.7,0.7,0.1,0.1,0.3,62086.4,1
77,155,9,0.7,1.4,0.5,1.2,1.2,0,2.1,0.9,0.5,0.5,0,142805.3,1
77,171,3,0.2,0.1,0.1,0.6,0.2,0.1,0.8,0.7,0,0.2,0,61822.3,1
77,174,9,0,0.2,0.2,1.8,1.4,0.2,1.6,1.8,1.3,0.5,0,171561.8,1
77,187,5,0,0.5,0.4,0.2,0.8,0.3,0.5,1.2,0.3,0.8,0,99043.9,1
77,199,5,0.5,0.3,0.1,1,0.8,0,0.7,0.4,0.3,0.6,0.3,104196.8,1
77,209,4,0.2,0.2,0.3,0.9,0.4,0.1,0.8,0.6,0.4,0.1,0,91786.1,1
77,210,2,0.1,0.1,0.2,0.4,0.2,0,0.4,0.3,0.2,0.1,0,45893.1,1
77,211,2,0.1,0.1,0.2,0.4,0.2,0,0.4,0.3,0.2,0.1,0,45893.1,1
77,212,4,0.2,0.1,0.3,0.6,0.9,0,0.6,0.7,0.1,0.5,0,80367.8,1
77,231,8,0.3,0.6,0.7,0.7,2,0.2,1.2,0.3,0.4,1.3,0.3,188229.1,1
77,232,21,0.8,1.9,0.4,5.1,3.1,1.5,2.3,3.5,1.6,0.8,0,425387,1
77,234,4,0.1,0.4,0.1,1,0.6,0.3,0.4,0.7,0.3,0.1,0,81026.1,1
77,246,7,0.2,1,0.3,1.2,2.1,0.6,0.4,0.1,1.1,0,0,143606.6,1
77,247,28,3.2,2.6,0.6,8.9,3.8,2.2,0.6,1.9,3.5,0.7,0,533595.3,1
77,248,2,0.2,0.2,0,0.6,0.3,0.2,0,0.1,0.3,0.1,0,38114,1
78,17,4,0,0.5,0.1,0.6,0.9,0.1,0.9,0.7,0.2,0,0,104642.9,1
78,23,1,0,0.1,0,0,0.3,0,0.1,0.2,0.1,0.1,0.1,24656.6,1
78,26,4,0,0.5,0.2,0.1,1.3,0,0.5,0.7,0.3,0.2,0.2,98626.6,1
78,27,121,3,21,8,11,40,1,12,6,8,0,11,3054632.6,0
78,28,115,1,20,9,10,40,0,8,10,3,4,10,2531068.1,0
78,29,88,6,8,6,22,19,2,12,5,4,1,3,1917039.6,0
78,30,158.5,10,13.5,29,37,26,7,15,8,6,2,5,2767547.3,0
78,31,114,5,18,9,10,33,3,6,14,12,2,2,2254740.8,0
78,32,19,0,0.8,2.6,1.1,5.2,0,4.8,0.4,1.5,2.2,0.4,513482.1,1
78,36,64,1,1.5,6.5,10,14,1,12,9,2,7,0,1485345.9,0
78,37,141,2,26,6,21,33,2,20,13,7,5,6,3641778.8,0
78,38,120.5,1,10,14.5,24,25,0,12,19,3,7,5,2710705.3,0
78,39,269,13.5,20,42,85,48,3,22,16,8.5,6,5,5671715.5,0
78,40,179,5,23,16,39,36,4,14,19,4,10,9,4585888.8,0
78,41,184.5,5,12.5,16,46,26,2,37,15,10,13,2,4147946.1,0
78,42,89.5,2,16,6,5,24,2,15,5,2.5,4,8,2369980.3,0
78,43,187,9,9.5,15,44,32,7,25,26,9.5,7,3,4730682.3,0
78,44,168,8,11,16,35,34,5.5,25,19,6.5,6,2,3638411.3,0
78,45,39,0,1,1,3,9,1,10,5,1,4,4,1015264.2,0
78,49,5,0,0.5,0.3,0.6,1.7,0.1,0.5,0.6,0.1,0.3,0.3,122433.5,1
78,52,5,0.1,0.4,0.3,1,1.3,0.2,0.5,0.4,0.5,0,0.3,103992.3,1
78,53,5,0.1,0.4,0.3,1,1.3,0.2,0.5,0.4,0.5,0,0.3,103992.3,1
78,54,4,0.1,0.3,0.2,0.8,1.1,0.1,0.4,0.3,0.4,0,0.3,83193.8,1
78,55,7,0.2,0.6,0.4,1.4,1.9,0.2,0.7,0.5,0.7,0,0.4,145589.2,1
78,58,10,0.3,0.8,0.6,1.9,2.7,0.3,1,0.8,1,0,0.6,207984.6,1
78,63,4,0.4,0.3,0.2,0.7,0.8,0.1,0.4,0.5,0.4,0.1,0.1,86127.6,1
78,64,3,0.3,0.2,0.1,0.5,0.6,0.1,0.3,0.4,0.3,0.1,0.1,64595.7,1
78,68,2,0.2,0.1,0.1,0.3,0.4,0.1,0.2,0.3,0.2,0,0.1,43063.8,1
78,78,80,1,7,6,8,16,0,31,6,2,0,3,1653626.7,0
78,79,115,2,11,8,5,20,1,11,39,3,12,3,2366747.9,0
78,80,48.5,1,2.5,5,7,8,2.5,6,6,2.5,7,1,996570.5,0
78,81,107,1,12,9,17,21,2,9,19,8,8,1,2377483.3,0
78,82,68,2,7,3,11,14,3,6,7,9,6,0,1402426.3,0
78,83,118,6,10,4,21,27,1,9,15,9,12,4,2344435.6,0
78,84,20,1.2,2.8,1.2,3.6,4.8,0.4,2,1.2,2.4,0.4,0,387814.6,1
78,92,3,0,0.4,0.2,0.3,0.6,0,0.6,0.6,0.2,0.1,0,55940.4,1
78,93,9,0.2,1.1,0.6,0.9,1.9,0,1.9,1.7,0.5,0.2,0,167821.1,1
78,102,5,0.3,0.4,0.3,1.3,0.6,0.3,0.8,0.2,0.6,0.1,0.1,94565.1,1
78,113,7,0.4,0.1,0.4,1.5,1.6,0,1.5,0.9,0.3,0.3,0,143297.1,1
78,115,2,0.1,0,0.1,0.4,0.5,0,0.4,0.3,0.1,0.1,0,40942,1
78,133,6,0.3,0.6,0.6,0.9,1.2,0.2,0.8,0,0.6,0.8,0,111344.8,1
78,136,1,0.1,0.1,0.1,0.2,0.2,0,0.1,0,0.1,0.1,0,18557.5,1
78,137,9,0.5,0.9,0.9,1.4,1.8,0.2,1.2,0,0.9,1.2,0,167017.2,1
78,153,2,0.1,0.3,0.1,0.3,0.3,0,0.5,0.2,0.1,0.1,0,31734.5,1
78,162,8,0.6,1,0.1,2.1,1.4,0.4,0.3,0.1,1.7,0,0.3,164749.4,1
78,165,5,0.3,0.6,0.1,1.3,0.9,0.3,0.1,0.1,1.1,0,0.2,102968.4,1
78,173,3,0,0.1,0.1,0.6,0.5,0,0.5,0.6,0.4,0.2,0,57187.3,1
78,183,2,0.2,0.2,0,0.3,0.4,0.1,0.1,0.3,0.2,0.1,0.1,35933.8,1
78,184,14,1.2,1.2,0.2,2.4,2.6,0.9,1,1.9,1.2,0.9,0.5,251536.3,1
78,196,2,0.2,0.1,0.1,0.4,0.3,0,0.3,0.2,0.1,0.2,0.1,41678.7,1
78,197,3,0.3,0.2,0.1,0.6,0.5,0,0.4,0.2,0.2,0.3,0.2,62518.1,1
78,209,15,0.8,0.8,1.3,3.2,1.6,0.3,2.9,2.2,1.4,0.3,0.2,344198,1
78,210,23,1.2,1.2,2,4.9,2.5,0.5,4.4,3.4,2.2,0.5,0.2,527770.3,1
78,211,8,0.4,0.4,0.7,1.7,0.8,0.2,1.5,1.2,0.8,0.2,0.1,183572.3,1
78,212,2,0.1,0,0.2,0.3,0.4,0,0.3,0.4,0,0.3,0,40183.9,1
78,217,7,0.4,0.2,0.5,1,1.6,0,1,1.2,0.2,0.9,0,140643.7,1
78,229,4,0.1,0.3,0.4,0.4,1,0.1,0.6,0.1,0.2,0.7,0.1,94114.6,1
78,240,8,0.4,0.8,0,2.3,1.1,0.6,1.4,0.3,0.8,0.3,0,168029.2,1
78,245,3,0.1,0.4,0.1,0.5,0.9,0.2,0.2,0.1,0.5,0,0,61545.7,1
78,246,41.5,1.3,6,2,7.3,12.6,3.3,2,0.7,6.3,0,0,851382,1
78,247,4,0.4,0.4,0.1,1.3,0.5,0.3,0.1,0.3,0.5,0.1,0,76227.9,1
79,6,4,0.3,0.3,0,0.4,0.7,0,0.4,1.3,0.2,0.2,0.2,94076.3,1
79,12,2,0.1,0.1,0.1,0.2,0.4,0,0.7,0.1,0.1,0.2,0,52049.4,1
79,23,8,0,0.9,0.4,0.3,2.6,0,0.9,1.4,0.6,0.4,0.5,197253.2,1
79,26,15,0,1.7,0.8,0.6,4.8,0,1.7,2.5,1.1,0.9,0.9,369849.7,1
79,27,18,0.4,1.3,1.9,1.7,6,0.2,2.1,1.8,1.6,0.6,0.4,456541,1
79,28,69,2,11,2,6,23,0,3,9,7,2,4,1648801.6,0
79,29,155.5,14,16,12,40,38,9,7,7,11.5,0,1,3200250.4,0
79,30,123,6,13.5,8,20,30,0,22,10,4.5,7,2,2783556.6,0
79,31,47,3,6,2,7,10,4,2,7,4,0,2,903253.7,0
79,33,70,0,0,2,17,7,0,6,18,0,20,0,1601874.7,0
79,34,116,2,0,9,17,17,1,13,37,0,18,2,2817227.8,0
79,35,124,1,4,4,9,16,1,11,56,4,17,1,3304821.1,0
79,36,371,13,39,17,54,78,8,32,64,19,38,9,8810487.8,0
79,37,171.5,1,17.5,11,25,41,3,20,29,7,14,3,4194993.9,0
79,38,179.5,7,20.5,17,43,32,2,23,15,3,15,2,3714521.2,0
79,39,207,11,17,31,58,36,3,19,16,11,5,0,4417588.3,0
79,40,227.5,2,16.5,37,62,41,2,20,19,4,15,9,5089624.4,0
79,41,181.5,8,33,8,31,45,6,19,9,9.5,2,11,4471466,0
79,42,247,13.5,23,14,55,50,7,38,16,18.5,5,7,5997611.9,0
79,43,117,1,13,10,8,27,1,30,13,3,4,7,3278614.2,0
79,44,94.5,5,6,7,12,27,1,23,5,3.5,0,5,2500973.4,0
79,45,3,0,0.3,0.1,0.3,0.8,0,0.3,0.4,0.4,0.1,0.3,63438.9,1
79,50,8,0,0.7,0.5,1,2.7,0.2,0.7,1,0.2,0.5,0.5,195893.6,1
79,51,4,0,0.4,0.2,0.5,1.3,0.1,0.4,0.5,0.1,0.2,0.3,97946.8,1
79,52,7,0.2,0.6,0.4,1.4,1.9,0.2,0.7,0.5,0.7,0,0.4,145589.2,1
79,55,3.5,0.1,0.3,0.2,0.7,0.9,0.1,0.4,0.2,0.4,0,0.2,72794.6,1
79,63,7,0.6,0.5,0.3,1.3,1.4,0.2,0.7,1,0.7,0.1,0.2,150723.3,1
79,75,1,0,0.2,0,0.1,0.2,0,0.1,0.2,0.1,0.1,0,21885.7,1
79,78,38,0,3.6,1.2,3,7.2,0.6,13.3,7.3,1.8,0,0,970165,1
79,79,74,1,4,3,7,3,0,33,13,5,5,0,1667438.3,0
79,80,122,1,11.5,8,15,26,1,11,22,7.5,17,2,2466523.6,0
79,81,142,8.5,15,11,29,31,3,10,13,9.5,5,7,2821893.8,0
79,82,227,18.5,23.5,24,53,33,8,16,12,18,17,4,3887661.5,0
79,83,123,7,11,5,29,17,3,16,18,6,9,2,2292100.6,0
79,84,43,1,0,5,5,8,1,9,13,1,0,0,973811.1,0
79,89,4,0.1,0.3,0.4,0.3,1.3,0,0.4,0.3,0.1,0.7,0.1,76710.8,1
79,90,3,0.1,0.2,0.3,0.2,1,0,0.3,0.2,0.1,0.5,0.1,57533.1,1
79,92,2,0,0.3,0.1,0.2,0.4,0,0.4,0.4,0.1,0.1,0,37293.6,1
79,96,2,0,0.3,0.1,0.2,0.4,0,0.4,0.4,0.1,0.1,0,37293.6,1
79,97,5,0.3,0.4,0,1.2,1,0.2,0.6,0.5,0.4,0.3,0.1,85254,1
79,98,2,0.1,0.2,0,0.5,0.4,0.1,0.3,0.2,0.1,0.1,0,34101.6,1
79,101,3,0.2,0.3,0,0.7,0.6,0.1,0.4,0.3,0.2,0.2,0,51152.4,1
79,102,4,0.2,0.4,0.2,1,0.5,0.3,0.7,0.1,0.5,0.1,0,75652.1,1
79,105,1,0.1,0.1,0,0.3,0.1,0.1,0.2,0,0.1,0,0,18913,1
79,106,7,0.4,0.6,0.4,1.8,0.8,0.4,1.2,0.3,0.8,0.2,0.1,132391.1,1
79,115,4,0.2,0.1,0.3,0.8,0.9,0,0.8,0.5,0.2,0.2,0,81884.1,1
79,121,2,0.1,0,0.1,0.4,0.5,0,0.4,0.3,0.1,0.1,0,40942,1
79,128,5,0.4,0.7,0.3,0.9,0.8,0.2,0.5,0.2,0.5,0.2,0.3,84153.7,1
79,129,2,0.2,0.3,0.1,0.4,0.3,0.1,0.2,0,0.2,0.1,0.1,33661.5,1
79,131,7,0.6,1,0.4,1.3,1.1,0.3,0.8,0.2,0.7,0.2,0.4,117815.2,1
79,142,5,0.1,0.4,0.1,0.5,0.9,0,1.1,1.1,0.1,0.2,0.5,103477.4,1
79,143,4,0.1,0.3,0.1,0.3,0.7,0,0.9,0.9,0.1,0.2,0.4,82781.9,1
79,144,5,0.1,0.4,0.1,0.5,0.9,0,1.1,1.1,0.1,0.2,0.5,103477.4,1
79,150,2,0,0.1,0,0.2,0.4,0,0.5,0.5,0,0.1,0.2,41391,1
79,155,3,0.2,0.5,0.2,0.4,0.4,0,0.7,0.3,0.1,0.2,0,47601.8,1
79,165,8,0.6,1,0.1,2.1,1.4,0.4,0.3,0.1,1.7,0,0.3,164749.4,1
79,173,4,0,0.1,0.1,0.8,0.6,0.1,0.7,0.8,0.6,0.2,0,76249.7,1
79,177,2,0,0,0.1,0.4,0.3,0,0.4,0.4,0.3,0.1,0,38124.8,1
79,183,13,1.1,1.1,0.2,2.2,2.4,0.8,1,1.8,1.1,0.8,0.5,233569.4,1
79,184,43,3,6,1,12,9,2,4,3,3,0,0,773723.9,0
79,185,2,0.2,0.2,0,0.3,0.4,0.1,0.1,0.3,0.2,0.1,0.1,35933.8,1
79,188,2,0,0.2,0.2,0.1,0.3,0.1,0.2,0.5,0.1,0.3,0,39617.6,1
79,192,4,0.4,0.2,0.1,0.8,0.7,0,0.6,0.3,0.2,0.5,0.2,83357.4,1
79,199,9,0.9,0.5,0.2,1.8,1.4,0,1.3,0.7,0.5,1.1,0.6,187554.2,1
79,202,8,0.2,0.6,1,0.7,1.6,0.2,1.6,0.7,0.5,0.6,0.3,147999,1
79,206,4.5,0.1,0.3,0.6,0.4,0.9,0.1,0.9,0.4,0.3,0.4,0.1,83249.4,1
79,207,2,0.1,0.1,0.2,0.4,0.2,0,0.4,0.3,0.2,0.1,0,45893.1,1
79,208,39,4.5,2,0,15,6,6,0,0,5.5,0,0,855012.1,0
79,209,93,7,10,5,21,19,8,7,5,11,0,0,1916523.2,0
79,210,76,2,3,5,11,16,3,4,14,9,6,3,1404861,0
79,211,59,4,9,3,7,17,1,6,4,3,2,3,1119132.6,0
79,212,4,0.2,0.1,0.3,0.6,0.9,0,0.6,0.7,0.1,0.5,0,80367.8,1
79,231,5,0.2,0.4,0.4,0.4,1.3,0.1,0.7,0.2,0.3,0.8,0.2,117643.2,1
79,241,4,0.2,0.4,0,1.2,0.5,0.3,0.7,0.1,0.4,0.2,0,84014.6,1
79,246,4,0.1,0.6,0.2,0.7,1.2,0.3,0.2,0.1,0.6,0,0,82060.9,1
79,249,10,1.1,0.9,0.2,3.2,1.4,0.8,0.2,0.7,1.3,0.2,0,190569.8,1
80,0,5,0.2,0.4,0.4,0.8,0.9,0.3,0.5,0.7,0.8,0,0,101973.6,1
80,24,11,0,1.3,0.6,0.4,3.5,0,1.3,1.9,0.8,0.6,0.6,271223.1,1
80,25,94,8,12,4,21,19,6,7,3,12,0,2,1775683.4,0
80,26,155.5,13,17.5,6,34,27,5,20,13,17,2,1,2941769.7,0
80,27,82,2,3,1,6,10,0,12,31,3,12,2,2071127.4,0
80,28,108,7,9,6,22,20,7,12,11,12,0,2,2688600.2,0
80,29,127,12,14,2,38,17,8,8,7,18,0,3,2843184.5,0
80,30,23.5,0.5,1.6,2.5,2.3,7.9,0.3,2.8,2.3,2,0.8,0.5,596039.7,1
80,31,21,0.5,1.5,2.3,2,7,0.2,2.5,2,1.8,0.7,0.5,532631.2,1
80,33,120.5,0,2.5,5,24,24,0,20,28,1,16,0,2867314.9,0
80,34,299.5,9,17.5,16.5,58,62,6.5,46,45,14,24,1,6051966.5,0
80,35,32,0,1.2,4.4,1.9,8.8,0,8.2,0.6,2.5,3.8,0.6,864812,1
80,36,148.5,0,7,4,18,23,0,20,40,2.5,33,1,3295880.1,0
80,37,146.5,10,5,9.5,37,27,5,15,20,6,11,1,3010056.9,0
80,38,507.5,21,36.5,38.5,80,72,5,47,110,21.5,69,7,9507712.1,0
80,39,123,4,9,4,30,24,6,21,10,5,6,4,3245640.5,0
80,40,263.5,9,11.5,22,47,36,3,29,49,6,45,6,6648780.6,0
80,41,242,7,28,15.5,43,56,2,37,21,10.5,6,16,6158366.3,0
80,42,104,2.5,13,9,14,23,0.5,24,12,0,0,6,2622105,0
80,43,33,1,4,1,3,8,1,4,3,2,5,1,675678.1,0
80,44,68,7,5,2,12,9,4,5,14,5,3,2,1328401.7,0
80,45,55,0,4,2,4,9,1,25,5,3,2,0,1108643.7,0
80,58,3,0.1,0.2,0.2,0.6,0.8,0.1,0.3,0.2,0.3,0,0.2,62395.4,1
80,74,4,0.1,0.6,0.1,0.4,0.7,0.1,0.3,1,0.3,0.3,0.1,87542.9,1
80,75,2,0,0.3,0.1,0.2,0.4,0,0.2,0.5,0.1,0.2,0,43771.5,1
80,78,6,0,0.6,0.2,0.5,1.1,0.1,2.1,1.1,0.3,0,0,153184,1
80,79,90,1,13,3,11,22,0,19,14,5,2,0,1758362.8,0
80,80,59.5,3.5,3,5,9,13,0,6,12,1,5,2,1365537.4,0
80,81,90,7,4,3,19,19,0,10,13,7,7,1,1907149.1,0
80,82,147,7,11.5,11,47,26,1,22,11,7.5,0,3,3131794.1,0
80,83,117.5,7,9.5,7,21,21,7,8,18,15,2,2,2461961,0
80,84,88.5,1,4.5,6,16,26,1.5,15,13,4.5,0,1,1548309.6,0
80,89,3,0.1,0.2,0.3,0.2,1,0,0.3,0.2,0.1,0.5,0.1,57533.1,1
80,91,3,0.1,0.2,0.3,0.2,1,0,0.3,0.2,0.1,0.5,0.1,57533.1,1
80,96,6,0.1,0.7,0.4,0.6,1.3,0,1.3,1.1,0.4,0.1,0,111880.7,1
80,97,2,0.1,0.2,0,0.5,0.4,0.1,0.3,0.2,0.1,0.1,0,34101.6,1
80,99,2,0.1,0.2,0,0.5,0.4,0.1,0.3,0.2,0.1,0.1,0,34101.6,1
80,100,49,2.5,4.5,0,12.1,10.2,1.9,6.4,4.5,3.8,2.5,0.6,835489.6,1
80,102,4,0.2,0.4,0.2,1,0.5,0.3,0.7,0.1,0.5,0.1,0,75652.1,1
80,106,2,0.1,0.2,0.1,0.5,0.2,0.1,0.4,0.1,0.2,0.1,0,37826,1
80,115,1,0.1,0,0.1,0.2,0.2,0,0.2,0.1,0,0.1,0,20471,1
80,140,13,0.7,1.3,1.3,2,2.7,0.3,1.7,0,1.3,1.7,0,241247.1,1
80,144,2,0,0.1,0,0.2,0.4,0,0.5,0.5,0,0.1,0.2,41391,1
80,148,3,0,0.2,0.1,0.3,0.5,0,0.7,0.7,0.1,0.1,0.3,62086.4,1
80,167,2,0.2,0,0.1,0.4,0.1,0.1,0.5,0.5,0,0.1,0,41214.8,1
80,168,7,0.6,0.1,0.3,1.4,0.4,0.2,1.9,1.6,0.1,0.4,0,144251.9,1
80,171,1,0.1,0,0,0.2,0.1,0,0.3,0.2,0,0.1,0,20607.4,1
80,176,6,0,0.1,0.1,1.2,1,0.1,1.1,1.2,0.8,0.4,0,114374.5,1
80,178,3,0,0.1,0.1,0.6,0.5,0,0.5,0.6,0.4,0.2,0,57187.3,1
80,183,22,1.9,1.9,0.3,3.8,4.1,1.3,1.6,3,1.9,1.4,0.8,395271.3,1
80,184,55,0,4,2,10,6,1,11,13,2,5,1,1055770,0
80,185,51,2,1,4,13,9,2,6,9,2,2,1,904874.3,0
80,186,16,1.4,1.4,0.2,2.7,2.9,1,1.2,2.2,1.4,1,0.6,287470,1
80,188,2,0,0.2,0.2,0.1,0.3,0.1,0.2,0.5,0.1,0.3,0,39617.6,1
80,194,1,0.1,0.1,0,0.2,0.2,0,0.1,0.1,0,0.1,0.1,20839.4,1
80,197,1,0.1,0.1,0,0.2,0.2,0,0.1,0.1,0,0.1,0.1,20839.4,1
80,202,7,0.2,0.5,0.9,0.6,1.4,0.2,1.4,0.7,0.4,0.5,0.2,129499.1,1
80,206,5,0.1,0.4,0.6,0.5,1,0.1,1,0.5,0.3,0.4,0.1,92499.4,1
80,207,7,0.4,0.4,0.6,1.5,0.7,0.1,1.3,1,0.7,0.2,0.1,160625.7,1
80,208,59,3,14,3,9,15,1,6,0,6,1,1,1095194.3,0
80,209,25,0,0,1,5,7,0,3,7,0,2,0,610161.8,0
80,210,49,4,1,1,10,8,1,10,7,0,6,1,995001.3,0
80,211,68,2,13,11,7,18,1,5,3,6,0,2,1288867.5,0
80,213,3,0.1,0.1,0.2,0.4,0.7,0,0.5,0.5,0.1,0.4,0,60275.9,1
80,234,2,0.1,0.2,0,0.5,0.3,0.1,0.2,0.3,0.2,0.1,0,40513.1,1
80,235,3,0.1,0.3,0.1,0.7,0.5,0.2,0.3,0.5,0.2,0.1,0,60769.6,1
80,237,10,0.6,1,0,2.9,1.3,0.8,1.7,0.4,0.9,0.4,0,210036.5,1
80,238,5,0.3,0.5,0,1.4,0.7,0.4,0.8,0.2,0.5,0.2,0,105018.3,1
80,244,5,0.2,0.7,0.2,0.9,1.5,0.4,0.2,0.1,0.8,0,0,102576.1,1
81,0,33,2,3,2,7,4,3,6,3,3,0,0,638772.1,0
81,4,19,1.5,1.5,0,1.9,3.4,0,1.9,5.8,1,1,1,446862.2,1
81,5,4,0.3,0.3,0,0.4,0.7,0,0.4,1.3,0.2,0.2,0.2,94076.3,1
81,6,9,0.7,0.7,0,0.9,1.6,0,0.9,2.8,0.4,0.5,0.5,211671.6,1
81,7,17,1.3,0,0,2.6,0,0,0.7,12.4,0,0,0,401759.9,1
81,13,2,0.1,0.1,0.1,0.2,0.4,0,0.7,0.1,0.1,0.2,0,52049.4,1
81,14,10,0.4,0.7,0.4,1.1,1.9,0,3.3,0.7,0.7,0.8,0,260247.1,1
81,15,2,0.1,0.1,0.1,0.2,0.4,0,0.7,0.1,0.1,0.2,0,52049.4,1
81,21,9,0,1.1,0.2,1.3,2.2,0.2,2,1.5,0.5,0,0,235446.6,1
81,22,7,0,0.8,0.4,0.3,2.2,0,0.8,1.2,0.5,0.4,0.4,172596.5,1
81,23,65,3,13,3,8,14,1,11,3,5,2,2,1517160.8,0
81,24,107,4,10.5,3,17,18,1.5,29,15,6,3,0,2495813.7,0
81,25,84,0,0,0,5,7,1,26,33,1,9,2,2291952.2,0
81,26,87,2,1,2,7,5,1,34,30,0,4,1,2509930.3,0
81,27,71,1,3,5,8,8,1,12,21,2,6,4,2046474.2,0
81,28,84.5,6,11.5,3,9,18,4,6,14,7,5,1,2437031.5,0
81,29,85,3,15,4,13,17,4,8,9,12,0,0,1965584.8,0
81,31,1,0,0.1,0.1,0.1,0.4,0,0.1,0.1,0.1,0,0,25363.4,1
81,34,122,3,12,1,14,25,0,21,24,12,9,1,2522172.9,0
81,35,197,14,11,11,33,44,8,21,15,12,25,3,4062988,0
81,36,411.5,25,28.5,31,119,67,8,42,43,21,26,1,7386078.5,0
81,37,187.5,1,4.5,4,10,12,0,12,37,4,102,1,4709208.4,0
81,38,211,12,16,18,50,49,4,22,21,13,6,0,3915272.2,0
81,39,130.5,4,9,6,22,32,4,21,15,5.5,7,5,2797517.3,0
81,40,160,5,14.5,6,27,31,5,22,26,9.5,9,5,3941318.3,0
81,41,59,0,7,1,11,13,0,8,10,3,2,4,1670105.4,0
81,42,26,0.5,2.9,0.5,2.4,6.9,0.5,2.5,3.4,3.4,0.5,2.5,549803.5,1
81,43,45,2,2,5,3,9,0,10,12,1,1,0,944409.4,0
81,61,2,0.1,0.2,0.1,0.4,0.5,0.1,0.2,0.1,0.2,0,0.1,41596.9,1
81,71,5,0.4,0.4,0.2,0.9,1,0.1,0.5,0.7,0.5,0.1,0.2,107659.5,1
81,78,5,0,0.5,0.2,0.4,0.9,0.1,1.7,1,0.2,0,0,127653.3,1
81,79,63.5,1,3,2,5,9,1.5,15,24,0,0,3,1406806.8,0
81,80,88,6,7.5,8,10,14,2,11,22,4.5,1,2,1966221.7,0
81,82,25,1.5,3.5,1.5,4.5,6,0.5,2.5,1.5,3,0.5,0,484768.2,1
81,83,91,4,8.5,4,24,17,7,5,1,18.5,2,0,1946826.7,0
81,84,75,10,4,2,23,6,6,5,5,12,1,1,1633121.6,0
81,98,11,0.6,1,0,2.7,2.3,0.4,1.4,1,0.9,0.6,0.1,187558.9,1
81,99,68,1,0,1,8,5,1,25,20,4,3,0,1483146.3,0
81,100,66,2,2,4,9,6,4.5,9,24,3.5,2,0,1370394.9,0
81,101,121,3,10,2,19,13,3,37,13,16,4,1,2533825,0
81,102,55,3.5,4.9,2.8,14.1,6.4,3.5,9.2,2.1,6.4,1.4,0.7,1040215.8,1
81,112,8,0.5,0.2,0.5,1.7,1.8,0,1.7,1,0.3,0.3,0,163768.1,1
81,115,4,0.2,0.1,0.3,0.8,0.9,0,0.8,0.5,0.2,0.2,0,81884.1,1
81,118,4,0.2,0.1,0.3,0.8,0.9,0,0.8,0.5,0.2,0.2,0,81884.1,1
81,137,4,0.2,0.4,0.4,0.6,0.9,0.1,0.5,0,0.4,0.5,0,74229.9,1
81,145,2,0,0.1,0,0.2,0.4,0,0.5,0.5,0,0.1,0.2,41391,1
81,146,7,0.1,0.5,0.2,0.6,1.3,0,1.6,1.6,0.2,0.3,0.6,144868.4,1
81,156,2,0.1,0.3,0.1,0.3,0.3,0,0.5,0.2,0.1,0.1,0,31734.5,1
81,157,2,0.1,0.3,0.1,0.3,0.3,0,0.5,0.2,0.1,0.1,0,31734.5,1
81,158,9,0.7,1.4,0.5,1.2,1.2,0,2.1,0.9,0.5,0.5,0,142805.3,1
81,164,7,0.5,0.9,0.1,1.9,1.2,0.4,0.2,0.1,1.5,0,0.2,144155.8,1
81,165,9,0.6,1.2,0.1,2.4,1.6,0.5,0.3,0.1,1.9,0,0.3,185343.1,1
81,166,94,6.5,12.2,1.4,25.1,16.5,5,2.9,1.4,20.1,0,2.9,1935805.8,1
81,167,42,2,5,4,7,13,1,5,1,4,0,0,928819.3,0
81,168,12,0.9,0.2,0.5,2.4,0.7,0.4,3.3,2.8,0.1,0.7,0,247289,1
81,169,2,0.2,0,0.1,0.4,0.1,0.1,0.5,0.5,0,0.1,0,41214.8,1
81,171,2,0.2,0,0.1,0.4,0.1,0.1,0.5,0.5,0,0.1,0,41214.8,1
81,175,2,0,0,0.1,0.4,0.3,0,0.4,0.4,0.3,0.1,0,38124.8,1
81,181,2,0,0,0.1,0.4,0.3,0,0.4,0.4,0.3,0.1,0,38124.8,1
81,184,60,3,6,5,15,11,4,6,3,6,0,1,1246948,0
81,185,36,5,0,2,10,4,0,5,1,2,6,1,625673.8,0
81,186,12,1,1,0.2,2.1,2.2,0.7,0.9,1.6,1,0.8,0.5,215602.5,1
81,187,2,0,0.2,0.2,0.1,0.3,0.1,0.2,0.5,0.1,0.3,0,39617.6,1
81,189,2,0,0.2,0.2,0.1,0.3,0.1,0.2,0.5,0.1,0.3,0,39617.6,1
81,197,2,0.2,0.1,0.1,0.4,0.3,0,0.3,0.2,0.1,0.2,0.1,41678.7,1
81,198,2,0.2,0.1,0.1,0.4,0.3,0,0.3,0.2,0.1,0.2,0.1,41678.7,1
81,200,4,0.4,0.2,0.1,0.8,0.7,0,0.6,0.3,0.2,0.5,0.2,83357.4,1
81,207,34,2,3,1,7,7,0,7,4,2,0,1,713351.3,0
81,208,31,1.6,1.7,2.6,6.6,3.3,0.7,5.9,4.6,3,0.7,0.3,711342.6,1
81,209,59,1,5,6,10,11,1,5,11,4,5,0,1045571.5,0
81,210,80,3,5,11,10,11,1.5,10,8,0.5,17,3,1465308,0
81,211,28.5,3,0.5,2,6,3,1,9,3,0,0,1,649273.4,0
81,228,11,0.4,0.8,1,1,2.8,0.2,1.6,0.4,0.6,1.8,0.4,258815.1,1
81,229,23,0.8,1.7,2.1,2.1,5.9,0.4,3.3,0.8,1.3,3.8,0.8,541158.8,1
81,230,4,0.1,0.3,0.4,0.4,1,0.1,0.6,0.1,0.2,0.7,0.1,94114.6,1
81,234,2,0.1,0.2,0,0.5,0.3,0.1,0.2,0.3,0.2,0.1,0,40513.1,1
81,238,18,1.1,1.7,0,5.2,2.4,1.4,3.1,0.7,1.7,0.7,0,378065.7,1
81,239,7,0.4,0.7,0,2,0.9,0.5,1.2,0.3,0.7,0.3,0,147025.6,1
81,244,2,0.1,0.3,0.1,0.3,0.6,0.2,0.1,0,0.3,0,0,41030.5,1
82,1,4,0.3,0,0,0.6,0.4,0.1,0.4,1.6,0,0.6,0,97263.3,1
82,2,11,0.9,0.7,0.9,2.2,2,0.4,1.8,1.1,0.2,0.4,0.4,222363.8,1
82,4,40,1,2,2,4,5,0,9,13,1,2,1,922423.5,0
82,5,87,4,5,5,10,12,0,11,20,2,14,4,1918400.9,0
82,6,155,10,11,5,24,32,4,9,34,9,15,2,3326713.2,0
82,7,116,0,7,3,8,17,2,24,40,10,4,1,2440460,0
82,8,58.5,2,3,0,5,4,1,8,28,2.5,4,1,1335331.2,0
82,9,8,0.7,0,0.3,1.5,0,0.2,1.2,2.4,0.7,1,0,191916.9,1
82,11,1,0.1,0,0,0.2,0,0,0.2,0.3,0.1,0.1,0,23989.6,1
82,19,1,0,0.1,0,0.2,0.3,0,0.2,0.1,0,0,0.1,28073.3,1
82,21,5,0.2,0.5,0.2,0.8,1.3,0.2,0.8,0.6,0,0.1,0.3,140366.7,1
82,23,49.5,1,2,1,5,7,2,17,10,3.5,0,1,1200286.1,0
82,24,109,2,10.5,7.5,12,22,1,23,25,3,3,0,2635793.8,0
82,25,71,1,1,1,6,8,2,23,22,4,1,2,1676015.2,0
82,26,56,1,1,0,6,6,1,10,24,4,2,1,1461193.1,0
82,27,36.5,0,0,3,4,9,1,5,10,1.5,0,3,1110210,0
82,28,3,0,0.6,0,0.2,0.8,0,0.5,0.4,0.3,0.1,0.1,96207.2,1
82,29,13,0.2,2.5,0.1,0.7,3.5,0.1,2.1,2,1.1,0.3,0.4,416897.7,1
82,33,6,0.2,0.4,0.7,1,1.4,0,1,0.3,0.7,0.3,0,118453.6,1
82,34,242,19,18,17,47,52,6,29,26,15,11,2,3453337.3,0
82,35,424,30,31,40,95,77,16,47,40,24,15,9,6576925.7,0
82,36,616,37,58.5,35.5,118,107,13,59,98,49,38,3,1.00084695E7,0
82,37,116,4,9,18,22,17,1,16,16,1,8,4,2261972.7,0
82,38,256,8,24,29.5,48,64,1,31,30,7.5,10,3,5384873.7,0
82,39,141,3,8,15,29,38,3,12,18,3,6,6,3607772.9,0
82,40,121,3,9,17.5,26,28,1,13,11,5.5,3,4,2432108.7,0
82,41,100,8,6.5,8,33,17,4,10,5,6.5,1,1,2215561.7,0
82,42,149.5,2,9,8.5,19,37,2,29,21,9,3,10,3038142,0
82,43,17,0.7,1.8,1.7,1.1,3.6,0,2.4,2.7,0.7,1.7,0.6,372483.2,1
82,44,19,0.8,2,1.9,1.2,4.1,0,2.7,3,0.8,1.9,0.6,416304.7,1
82,47,4,0.4,0.1,0,0.7,0.4,0.1,0.5,1.1,0,0.7,0,95625.5,1
82,54,1,0.1,0.2,0,0.1,0.3,0,0.1,0.1,0,0,0.1,21537.5,1
82,55,2,0.1,0.3,0,0.2,0.5,0,0.3,0.3,0.1,0.1,0.1,43074.9,1
82,56,1,0.1,0.2,0,0.1,0.3,0,0.1,0.1,0,0,0.1,21537.5,1
82,57,2,0.1,0.3,0,0.2,0.5,0,0.3,0.3,0.1,0.1,0.1,43074.9,1
82,65,2,0,0.3,0.1,0.2,0.6,0,0.3,0.2,0.2,0,0.1,38815.7,1
82,71,2,0.2,0,0.1,0.8,0.1,0.1,0.5,0.1,0.1,0,0,45775,1
82,78,2,0,0.1,0,0.3,0.5,0.1,0.5,0.2,0.1,0.1,0.1,55564.1,1
82,79,16,0,0.9,0,2.6,3.6,0.9,3.6,1.5,1.1,0.7,1.1,444512.5,1
82,80,11,0,0.6,0,1.8,2.5,0.6,2.5,1,0.7,0.5,0.8,305602.3,1
82,82,2,0,0.5,0,0.1,0.6,0,0.4,0.4,0,0,0,50100.3,1
82,86,7,0,1.6,0,0.5,2.2,0,1.3,1.4,0,0,0,175351.1,1
82,90,5,0.2,0.8,0.7,0.4,1.4,0,0.5,0,0.5,0.2,0.3,94227.7,1
82,95,2,0.1,0.4,0,0.2,0.5,0,0.2,0.2,0.3,0.1,0,40986.5,1
82,99,66,6,4,3,17,7,3,5,8,6,7,0,1317332.3,0
82,100,95,7,4,11,27,14,4,3,11,5,9,0,1729192.5,0
82,101,73,2,11,0,15,17,1,4,9,4,8,2,1538621.1,0
82,102,20,1.2,2.4,1.2,3.2,3.6,0.8,2.8,1.6,3.2,0,0,412235,1
82,115,3,0,0.5,0.2,0.3,0.8,0,0.4,0.4,0.1,0.1,0.2,55772.1,1
82,126,4,0.1,0.1,0,0.7,1,0.4,0.4,0.4,0.6,0.1,0.2,67696.5,1
82,131,9,0.5,1.1,0.1,1.5,1.5,0.3,2.1,1.1,0.5,0.1,0.2,190147,1
82,147,12,0,1.8,1.4,0.6,3.6,0,2.4,1.2,0,0,1,258969.7,1
82,148,9,0,1.3,1,0.5,2.7,0,1.8,0.9,0,0,0.8,194227.3,1
82,155,4,0.3,0.8,0.4,0.5,1.1,0,0.5,0.1,0.1,0.1,0.1,69049.8,1
82,156,4,0.3,0.8,0.4,0.5,1.1,0,0.5,0.1,0.1,0.1,0.1,69049.8,1
82,165,30,2.8,0.5,1.1,9.4,2.8,1.1,7.2,0.6,3.3,0.6,0.6,637991.8,1
82,166,78.5,8,10.5,6,18,17,5,1,4,9,0,0,1412428.6,0
82,167,45,1,8,4,5,9,2,2,4,5,4,1,697621.7,0
82,168,44.5,2,2,4,12,4,2,4,5,3.5,6,0,812676.8,0
82,170,2,0.1,0.2,0.1,0.3,0.4,0.1,0.4,0.2,0.1,0,0.1,41346.2,1
82,172,2,0.1,0.1,0.2,0.5,0.2,0,0.2,0.3,0.3,0.1,0,38894.6,1
82,175,3,0.1,0.1,0.3,0.8,0.3,0.1,0.3,0.4,0.4,0.2,0,58341.8,1
82,182,2,0,0.1,0.1,0.4,0.5,0,0.1,0.3,0.2,0.2,0.1,37900.4,1
82,184,40,6,4,1,13,6,2,4,1,3,0,0,788201.5,0
82,194,1,0,0.2,0.1,0.1,0.2,0,0.1,0.1,0.1,0,0.1,21501.1,1
82,197,5,0.1,0.8,0.3,0.6,1.3,0.1,0.7,0.4,0.3,0.1,0.3,107505.6,1
82,200,2,0,0.3,0.1,0.2,0.5,0.1,0.3,0.2,0.1,0.1,0.1,43002.2,1
82,203,21,0,0,1,7,4,1,4,3,1,0,0,499693.8,0
82,204,24,2,3.3,2.7,3.3,5.3,0,2,2.7,2,0.7,0,472734.1,1
82,206,3,0.2,0.4,0.3,0.4,0.7,0,0.3,0.3,0.3,0.1,0,59091.8,1
82,209,17,1,2.4,0.7,1.5,4.1,0,3.4,2.4,0.5,1,0,338276.9,1
82,210,31,1.8,4.4,1.3,2.7,7.5,0,6.2,4.4,0.9,1.8,0,616857.9,1
82,211,91,10,10.5,11,19,17,1,8,5,5.5,2,2,1656665.3,0
82,212,6,0.1,0.2,0.7,0.9,1,0,1.1,1.4,0,0.6,0,137914.8,1
82,213,5,0.1,0.1,0.6,0.7,0.8,0,1,1.2,0,0.5,0,114929,1
82,228,2,0.1,0.2,0.1,0.3,0.3,0.1,0.2,0.5,0,0.2,0,41231.6,1
82,229,10,0.7,1,0.5,1.6,1.3,0.4,1,2.6,0.1,0.8,0,206158,1
82,230,2,0.1,0.2,0.1,0.3,0.3,0.1,0.2,0.5,0,0.2,0,41231.6,1
82,231,17,1.2,1.8,0.8,2.7,2.2,0.6,1.8,4.3,0.2,1.4,0,350468.6,1
82,232,22,2.3,1.7,0.4,5.1,3.9,1,1.8,1.9,2.5,1.4,0,470440.7,1
82,234,9,0.9,0.7,0.2,2.1,1.6,0.4,0.7,0.8,1,0.6,0,192453,1
82,235,1,0.1,0.1,0,0.2,0.2,0,0.1,0.1,0.1,0.1,0,21383.7,1
82,238,22,0.6,2.6,0.6,2.9,7.6,0.9,0,1.8,3.2,0,1.8,398843.8,1
82,239,2,0,0.2,0,0.3,0.7,0.1,0,0.2,0.3,0,0.2,36258.5,1
82,241,3,0.1,0.4,0.1,0.4,1.1,0.1,0,0.2,0.4,0,0.2,54387.8,1
82,242,2,0,0.2,0.1,0.3,0.4,0.1,0.2,0.1,0.3,0.2,0.1,35029.6,1
82,250,6,0.3,0.4,0.7,1.4,1,0.1,1,0.6,0.5,0,0,127586.6,1
82,251,3,0.1,0.2,0.3,0.7,0.5,0.1,0.5,0.3,0.3,0,0,63793.3,1
83,3,15,1.2,0.9,1.2,3,2.7,0.6,2.4,1.5,0.3,0.6,0.6,303223.4,1
83,4,68,7,3.5,3,29,8,5,4,1,6.5,0,1,1546538.8,0
83,5,79.5,3,5.5,10,15,13,1,8,9,9,4,2,1692385.9,0
83,6,77,1,2,8,8,16,2,7,21,1,10,1,1437269,0
83,7,73,3,2,5,13,11,1,6,24,5,3,0,1534974.5,0
83,8,91,1,7,4,8,12,3,21,23,5,3,4,2114016.6,0
83,9,41,0,0,2,1,1,0,15,21,0,1,0,900686.8,0
83,18,1,0,0.1,0,0.2,0.3,0,0.2,0.1,0,0,0.1,28073.3,1
83,19,3,0.1,0.3,0.1,0.5,0.8,0.1,0.5,0.4,0,0,0.2,84220,1
83,20,7,0.2,0.7,0.3,1.1,1.9,0.3,1.1,0.8,0.1,0.1,0.4,196513.3,1
83,24,5,0.6,0.3,0.3,0.7,0.5,0.2,1.1,0.8,0,0.3,0.2,125361.3,1
83,29,6,0.1,1.2,0,0.4,1.6,0,1,0.9,0.5,0.1,0.2,192414.3,1
83,30,9,0.1,1.8,0.1,0.5,2.4,0.1,1.4,1.4,0.8,0.2,0.2,288621.5,1
83,31,7,0.1,1.4,0,0.4,1.9,0,1.1,1.1,0.6,0.2,0.2,224483.4,1
83,32,139,5,24,10,16,35,2,16,18,4,5,4,2891746,0
83,33,148.5,8,11,9,27,34,7,21,13,12.5,3,3,3152598,0
83,34,147.5,5,11.5,9,31,25,5,18,24,8,7,4,2608737.8,0
83,35,204,4,23.5,11.5,41,45,5,30,20,13,9,2,2928783.1,0
83,36,194.5,9.5,10.5,4,27,17,3,12,19,11.5,80,1,3866633.9,0
83,37,134.5,6,8.5,7,31,13,2,14,21,12,18,2,2889153.3,0
83,38,209.5,7,16.5,12,32,40,6,25,28,19,21,3,4428151,0
83,39,109.5,4,7,6,27,22,3,9,12,6.5,6,7,2283772.1,0
83,40,69,0,5,2.5,9,13,1,23,11,1.5,1,2,1618502.8,0
83,41,124,3,8,1,20,26,5,18,20,12,8,3,3210641.2,0
83,42,155,11,14,8,27,29,3,24,18,10,8,3,4003606,0
83,43,129,2,13.5,9,21,32,2,14,19,6.5,7,3,2723926.4,0
83,44,10,0.4,1.1,1,0.7,2.1,0,1.4,1.6,0.4,1,0.3,219107.7,1
83,46,8,0.3,0.9,0.8,0.5,1.7,0,1.1,1.3,0.3,0.8,0.3,175286.2,1
83,47,8,0.9,0.2,0,1.3,0.9,0.2,0.9,2.2,0,1.4,0,191251,1
83,57,9,0.6,1.4,0.1,1,2.3,0.1,1.3,1.1,0.3,0.4,0.4,193837.2,1
83,65,6.5,0.1,1,0.3,0.7,1.8,0.1,0.9,0.6,0.7,0.1,0.2,126151.1,1
83,69,2,0.2,0,0.1,0.8,0.1,0.1,0.5,0.1,0.1,0,0,45775,1
83,70,2,0.2,0,0.1,0.8,0.1,0.1,0.5,0.1,0.1,0,0,45775,1
83,71,11,1.1,0,0.4,4.5,0.4,0.4,3,0.8,0.4,0,0,251762.6,1
83,76,2,0.2,0.1,0.3,0.3,0.3,0.1,0.3,0.2,0.2,0,0,38294.6,1
83,77,2,0,0.1,0,0.3,0.5,0.1,0.5,0.2,0.1,0.1,0.1,55564.1,1
83,79,6,0,0.3,0,1,1.4,0.3,1.4,0.5,0.4,0.3,0.4,166692.2,1
83,84,6,0,1.4,0,0.5,1.8,0,1.1,1.2,0,0,0,150300.9,1
83,90,6,0.2,0.9,0.8,0.5,1.8,0,0.6,0,0.6,0.2,0.4,113073.3,1
83,91,5,0.2,0.8,0.7,0.4,1.4,0,0.5,0,0.5,0.2,0.3,94227.7,1
83,95,5,0.3,0.9,0.1,0.4,1.3,0,0.6,0.4,0.6,0.3,0.1,102466.3,1
83,99,8,0.6,1.4,0.1,0.7,2.1,0,0.9,0.6,1,0.5,0.1,163946,1
83,100,136,11,8,16,24,35,6,14,6,8,2,6,2555255.3,0
83,101,83,5,10,3,13,15,2,14,12,2,2,5,1731866.8,0
83,102,75,6,8,2,19,17,5,4,1,11,1,1,1602028.6,0
83,106,2,0.1,0.2,0.1,0.3,0.4,0.1,0.3,0.2,0.3,0,0,41223.5,1
83,107,1,0,0.1,0,0.1,0.1,0,0.2,0.4,0.1,0,0,21099.3,1
83,110,2,0.1,0.2,0,0.2,0.2,0.1,0.4,0.7,0.1,0,0,42198.5,1
83,124,3,0.1,0.1,0,0.5,0.7,0.3,0.3,0.3,0.4,0.1,0.2,50772.4,1
83,128,1,0.1,0.1,0,0.2,0.2,0,0.2,0.1,0.1,0,0,21127.4,1
83,129,65,6,8,2,22,6,4,7,3,7,0,0,1279266,0
83,130,76,7,7,9,12,12,4,7,8,8,2,0,1277079.5,0
83,131,59,9,0,6,18,9,3,4,2,4,2,2,1191242,0
83,132,21,0,2.3,1.9,1.9,8,0,2.3,1.9,0.8,0.8,1.1,426297.4,1
83,133,25,0,2.7,2.3,2.3,9.5,0,2.7,2.3,0.9,0.9,1.4,507496.9,1
83,135,6,0,0.7,0.5,0.5,2.3,0,0.7,0.6,0.2,0.2,0.3,121799.3,1
83,139,4,0.2,0.6,0.4,0.4,1,0,0.6,0.3,0.4,0.1,0,78261.8,1
83,142,6,0.2,0.5,0.2,1.2,1,0.1,1.2,0.8,0.2,0.4,0.2,144835.2,1
83,145,2,0,0.2,0.1,0.4,0.3,0,0.4,0.3,0.1,0.1,0.1,48278.4,1
83,146,28,1,1,2,7,3,1,8,4,1,0,0,510688.2,0
83,147,69,0,20,1,3,20,1,7,5,9,2,1,1295618.2,0
83,148,1,0,0.1,0.1,0.1,0.3,0,0.2,0.1,0,0,0.1,21580.8,1
83,154,3,0.2,0.6,0.2,0.4,0.8,0,0.4,0.1,0.1,0.1,0.1,51787.3,1
83,165,1,0.1,0,0.1,0.3,0.1,0,0.3,0,0.1,0,0,21266.4,1
83,166,16,1.5,0.3,0.6,5,1.5,0.6,3.8,0.3,1.8,0.3,0.3,340262.3,1
83,167,36,0,3,5,3,10,1,4,6,0,4,0,651616.3,0
83,168,70,7,6,3,21,9,2,6,9,4,3,0,1320220.7,0
83,169,2,0.1,0.2,0.1,0.3,0.4,0.1,0.4,0.2,0.1,0,0.1,41346.2,1
83,173,5,0.2,0.2,0.5,1.4,0.5,0.1,0.5,0.7,0.6,0.3,0,97236.4,1
83,186,4.5,0.1,0.3,0.3,0.8,1.1,0.1,0.1,0.7,0.4,0.5,0.1,85275.9,1
83,194,3,0.1,0.5,0.2,0.3,0.7,0.1,0.4,0.2,0.2,0.1,0.2,64503.3,1
83,203,4,0.3,0.6,0.4,0.6,0.9,0,0.3,0.5,0.3,0.1,0,78789,1
83,211,17,1,2.4,0.7,1.5,4.1,0,3.4,2.4,0.5,1,0,338276.9,1
83,212,45,3,1,2,9,9,2,6,5,3,4,1,967447.1,0
83,213,9,0.2,0.2,1.1,1.3,1.5,0,1.7,2.1,0,0.9,0,206872.2,1
83,221,1,0.1,0,0,0.3,0.1,0.1,0.1,0.2,0,0.1,0,21890.8,1
83,228,2,0.1,0.2,0.1,0.3,0.3,0.1,0.2,0.5,0,0.2,0,41231.6,1
83,229,2,0.1,0.2,0.1,0.3,0.3,0.1,0.2,0.5,0,0.2,0,41231.6,1
83,230,1,0.1,0.1,0,0.2,0.1,0,0.1,0.3,0,0.1,0,20615.8,1
83,231,17,1.2,1.8,0.8,2.7,2.2,0.6,1.8,4.3,0.2,1.4,0,350468.6,1
83,232,27,2.9,2,0.5,6.2,4.8,1.2,2.2,2.4,3.1,1.7,0,577359.1,1
83,234,23.5,2.5,1.8,0.4,5.4,4.2,1,1.9,2.1,2.7,1.5,0,502516.2,1
83,236,11,1.2,0.8,0.2,2.5,1.9,0.5,0.9,1,1.3,0.7,0,235220.4,1
83,237,4,0.1,0.5,0.1,0.5,1.4,0.2,0,0.3,0.6,0,0.3,72517.1,1
83,238,6.5,0.2,0.8,0.2,0.9,2.2,0.3,0,0.5,0.9,0,0.5,117840.2,1
83,242,5,0.1,0.6,0.1,0.9,1.1,0.1,0.5,0.2,0.7,0.4,0.3,87574.1,1
83,243,32,0.7,3.9,0.7,5.5,7,0.7,3.3,1.1,4.6,2.6,1.9,560474.3,1
83,244,8,0.2,1,0.2,1.4,1.7,0.2,0.8,0.3,1.1,0.6,0.5,140118.6,1
84,3,5,0.4,0.3,0.4,1,0.9,0.2,0.8,0.5,0.1,0.2,0.2,101074.5,1
84,4,141,2,34,11,7,61,2,2,0,8,0,14,3083881,0
84,5,78,0,13,6,4,32,0,3,8,6,2,4,1834858.8,0
84,6,118,4,7,8,22,15,3,11,20,6,22,0,2498432.5,0
84,7,52,3,8,3,7,9,3,2,7,5,3,2,1085999.8,0
84,8,38,0,9,0,5,9,1,5,3,6,0,0,1062110.7,0
84,11,2,0.2,0,0.1,0.4,0,0,0.3,0.6,0.2,0.2,0,47979.2,1
84,14,2,0.1,0.2,0.1,0.3,0.6,0.1,0.3,0.2,0,0,0.1,56146.7,1
84,17,5,0.2,0.5,0.2,0.8,1.3,0.2,0.8,0.6,0,0.1,0.3,140366.7,1
84,20,2,0.1,0.2,0.1,0.3,0.6,0.1,0.3,0.2,0,0,0.1,56146.7,1
84,24,11,1.4,0.7,0.7,1.4,1.1,0.3,2.5,1.8,0,0.7,0.4,275794.9,1
84,26,8,1,0.5,0.5,1,0.8,0.3,1.8,1.3,0,0.5,0.3,200578.1,1
84,27,13,0.2,2.5,0.1,0.7,3.5,0.1,2.1,2,1.1,0.3,0.4,416897.7,1
84,28,30,0.4,5.9,0.2,1.7,8,0.2,4.8,4.6,2.6,0.7,0.9,962071.5,1
84,29,34,1,3,0,2,13,0,6,3,4,0,2,1022937.5,0
84,30,16,0.2,3.1,0.1,0.9,4.3,0.1,2.6,2.4,1.4,0.4,0.5,513104.8,1
84,31,186.5,18,24.5,17,35,33,9,15,12,16,2,5,2880176.4,0
84,32,147,4,22,8,18,35,3,13,28,7,6,3,2883741.1,0
84,33,176,4,12,7,24,32,5,22,37,12,20,1,3704837.2,0
84,34,137,12,16,13,15,32,4,19,4,9,12,1,2619861.8,0
84,35,331.5,23,32,22,65,71,13,39,36,27.5,2,1,4925343,0
84,36,146,8,18,10,30,21,3,13,23,10,7,3,3043404.7,0
84,37,166,5,14,8,21,37,0,24,32,6,16,3,3476659.9,0
84,38,179.5,3,19,7.5,31,42,2,23,25,15,9,3,3898729.1,0
84,39,159,10,15,8,31,28,2,28,20,6,7,4,3462000.6,0
84,40,41,2,2,4,6,9,0,4,11,2,1,0,881145.9,0
84,41,320.5,10,14.5,16.5,75,64,9.5,34,59,9,21,8,6616600.1,0
84,42,124.5,3,10,5,8,23,2,13,40,3.5,15,2,2937152,0
84,43,97,3.5,11,5,20,19,4,11,11,8.5,4,0,2079515,0
84,44,13,0.5,1.4,1.3,0.9,2.8,0,1.8,2.1,0.5,1.3,0.4,284840.1,1
84,45,1,0,0.1,0.1,0.1,0.2,0,0.1,0.2,0.1,0.1,0,21910.8,1
84,62,13,0.2,1.9,0.6,1.5,3.6,0.2,1.7,1.3,1.4,0.2,0.4,252302.2,1
84,65,1,0,0.2,0.1,0.1,0.3,0,0.1,0.1,0.1,0,0,19407.9,1
84,67,3,0.3,0,0.1,1.3,0.1,0.1,0.8,0.2,0.1,0,0,68662.5,1
84,69,3,0.3,0,0.1,1.3,0.1,0.1,0.8,0.2,0.1,0,0,68662.5,1
84,85,2,0,0.5,0,0.1,0.6,0,0.4,0.4,0,0,0,50100.3,1
84,90,5,0.2,0.8,0.7,0.4,1.4,0,0.5,0,0.5,0.2,0.3,94227.7,1
84,98,3,0.2,0.5,0,0.3,0.8,0,0.4,0.2,0.4,0.2,0,61479.8,1
84,99,10,0.7,1.7,0.1,0.9,2.6,0,1.2,0.7,1.3,0.6,0.2,204932.5,1
84,100,66,3,10,9,7,24,1,4,5,2,0,1,1424632.7,0
84,101,55,3,9,5,13,13,4,2,0,6,0,0,1118091.6,0
84,102,78,6,8,1,18,15,3,5,7,13,0,2,1494840.3,0
84,103,6,0.3,0.7,0.4,1,1.1,0.2,0.8,0.5,1,0,0,123670.5,1
84,104,5,0.3,0.6,0.3,0.8,0.9,0.2,0.7,0.4,0.8,0,0,103058.8,1
84,113,2,0,0.3,0.1,0.2,0.5,0,0.3,0.3,0,0.1,0.2,37181.4,1
84,121,13,0.2,1.9,0.9,1.2,3.5,0.2,1.7,1.7,0.3,0.4,1,241679.1,1
84,122,1,0,0,0,0.2,0.2,0.1,0.1,0.1,0.2,0,0.1,16924.1,1
84,124,6,0.2,0.2,0,1.1,1.5,0.5,0.5,0.5,0.9,0.2,0.4,101544.8,1
84,125,8,0.2,0.3,0,1.5,1.9,0.7,0.7,0.7,1.2,0.3,0.5,135393.1,1
84,129,28,1.4,3.3,0.5,4.7,4.8,1,6.6,3.3,1.4,0.5,0.5,591568.4,1
84,130,56,2,1,1,12,1,2,15,12,3,7,0,1053607.9,0
84,131,86,4,10,8,11,20,1,10,10,1,9,2,1573165.1,0
84,132,56,2,7,4,13,12,1,3,4,3,5,2,1058479.2,0
84,133,27,2,0,1,10,3,0,3,3,3,2,0,472928.4,0
84,137,6,0.3,0.8,0.7,0.6,1.4,0,0.9,0.5,0.6,0.2,0,117392.7,1
84,144,4,0.1,0.3,0.2,0.8,0.7,0.1,0.8,0.5,0.1,0.3,0.1,96556.8,1
84,145,48.5,2,2.5,0,9,3,0.5,7,14,0.5,8,2,1117357.4,0
84,146,95,2,10,2,22,13,1,17,18,7,2,1,1756516.2,0
84,147,111.5,13,12,1,36,13,8,5,1,20.5,2,0,2202711.5,0
84,148,10,0,1.5,1.2,0.5,3,0,2,1,0,0,0.8,215808.1,1
84,156,3,0.2,0.6,0.2,0.4,0.8,0,0.4,0.1,0.1,0.1,0.1,51787.3,1
84,159,1,0.1,0.2,0.1,0.1,0.3,0,0.1,0,0,0,0.1,17262.4,1
84,166,5,0.4,0.1,0.2,1.6,0.5,0.2,1.2,0.1,0.5,0.1,0.1,106332,1
84,167,60,0,4,1,11,15,1,15,7,2,3,1,1076082.7,0
84,168,76,4,6,5,12,11,3,12,14,5,4,0,1300820.5,0
84,169,34,0,2,3,3,11,1,6,4,2,1,1,786283.7,0
84,170,8,0.5,0.7,0.4,1.1,1.6,0.4,1.6,0.9,0.6,0,0.2,165384.8,1
84,173,4,0.2,0.2,0.4,1.1,0.4,0,0.4,0.6,0.5,0.2,0,77789.1,1
84,174,4,0.2,0.2,0.4,1.1,0.4,0,0.4,0.6,0.5,0.2,0,77789.1,1
84,178,1,0,0.1,0.1,0.3,0.1,0,0.1,0.1,0.1,0.1,0,19447.3,1
84,185,7,0.1,0.5,0.5,1.3,1.7,0.1,0.2,1.1,0.5,0.8,0.2,132651.5,1
84,186,5,0.1,0.3,0.4,0.9,1.2,0.1,0.1,0.8,0.4,0.6,0.1,94751.1,1
84,193,1,0,0.2,0.1,0.1,0.2,0,0.1,0.1,0.1,0,0.1,21501.1,1
84,202,5,0.4,0.7,0.6,0.7,1.1,0,0.4,0.6,0.4,0.1,0,98486.3,1
84,211,2,0.1,0.3,0.1,0.2,0.5,0,0.4,0.3,0,0.1,0,39797.3,1
84,212,7,0.2,0.2,0.8,1,1.1,0,1.3,1.7,0,0.7,0,160900.6,1
84,213,1,0,0,0.1,0.2,0.2,0,0.2,0.2,0,0.1,0,22985.8,1
84,222,15,0.5,1,0.5,2,5,0.5,1.5,1.5,1.5,1,0,342145.7,1
84,228,34,0,3,4,0,11,0,9,5,1,0,1,764819.3,0
84,229,94,4,19,9,13,23,2,9,2,7,2,4,1739746.5,0
84,230,98,5,22,2,20,24,1,2,3,18,0,1,2004334.3,0
84,231,41,1,0.5,2,6,8,2,6,6,5.5,2,2,1054704.2,0
84,232,32,0,2,1,1,7,0,11,7,3,0,0,820799.2,0
84,234,42.5,0,6,3.5,9,12,0,3,1,4,2,2,898256.8,0
84,243,22,0.5,2.6,0.5,3.8,4.8,0.5,2.3,0.7,3.2,1.8,1.3,385326.1,1
84,244,18,0.4,2.2,0.4,3.1,3.9,0.4,1.9,0.6,2.6,1.5,1,315266.8,1
84,249,8,0.4,0.6,0.9,1.9,1.3,0.2,1.3,0.7,0.7,0,0,170115.5,1
85,3,2,0.2,0.1,0.2,0.4,0.3,0.1,0.3,0.2,0,0.1,0.1,40429.8,1
85,4,50,1,13,5,2,20,0,1,2,2,1,3,1133176.4,0
85,5,78.5,1,8,4,8,17,2,25,9,3.5,1,0,1926117.8,0
85,6,61,4,4,4,17,15,1,4,6,2,3,1,1446495.3,0
85,7,137,6,9,11,23,30,5,13,21,5,13,1,2858499,0
85,8,94,7,16.5,5,17,22,4,4,5,11.5,0,2,1931410.4,0
85,9,2,0.2,0,0.1,0.4,0,0,0.3,0.6,0.2,0.2,0,47979.2,1
85,11,2,0.2,0,0.1,0.4,0,0,0.3,0.6,0.2,0.2,0,47979.2,1
85,12,3,0.1,0.3,0.1,0.5,0.8,0.1,0.5,0.4,0,0,0.2,84220,1
85,16,2,0.1,0.2,0.1,0.3,0.6,0.1,0.3,0.2,0,0,0.1,56146.7,1
85,17,2,0.1,0.2,0.1,0.3,0.6,0.1,0.3,0.2,0,0,0.1,56146.7,1
85,19,2,0.1,0.2,0.1,0.3,0.6,0.1,0.3,0.2,0,0,0.1,56146.7,1
85,27,26,0.4,5.1,0.2,1.5,7,0.2,4.1,3.9,2.3,0.6,0.7,833795.3,1
85,28,15,0.2,2.9,0.1,0.9,4,0.1,2.4,2.3,1.3,0.3,0.5,481035.8,1
85,29,99,6,14,3,10,29,2,8,10,15,1,1,2606704.1,0
85,30,110,4,18,6,16,28,6,10,3,12,1,6,2333648.5,0
85,31,150,3,15,7,15,33,2,13,38,8,16,0,3374008.5,0
85,32,180,8,13,9.5,18,24,7,9,49,12.5,23,7,3713779.7,0
85,33,207.5,10,18,11,27,34,4,14,53,14.5,19,3,4551740.3,0
85,34,75.5,2,8.5,8,11,14,1,10,9,3,8,1,1614590.3,0
85,36,25,0.6,1.8,3,4.1,5.9,0,4.2,1.2,3,1.2,0,493556.5,1
85,37,130.5,7,8.5,5,24,22,1,30,18,6,7,2,2779557.8,0
85,38,218,9,26.5,10,31,46,2,18,29,17.5,25,4,4678820.9,0
85,39,51,1.4,9.6,0,7.6,11.7,0.7,2.8,8.3,2.7,4.1,2.1,1173966.2,1
85,40,89,7,4.5,4,19,12,3,9,13,13.5,1,3,2004114.9,0
85,41,35,0,3,3,2,7,0,3,9,3,5,0,771372.7,0
85,42,22,0.9,2.4,2.2,1.4,4.7,0,3.1,3.5,0.9,2.2,0.7,482037,1
85,43,20,0.8,2.2,2,1.3,4.3,0,2.8,3.1,0.8,2,0.7,438215.5,1
85,45,10,0.4,1.1,1,0.7,2.1,0,1.4,1.6,0.4,1,0.3,219107.7,1
85,58,2,0.1,0.3,0,0.2,0.5,0,0.3,0.3,0.1,0.1,0.1,43074.9,1
85,74,5,0.4,0.2,0.9,0.8,0.8,0.2,0.7,0.6,0.4,0,0,95736.5,1
85,82,4,0,0.9,0,0.3,1.2,0,0.8,0.8,0,0,0,100200.6,1
85,83,4,0,0.9,0,0.3,1.2,0,0.8,0.8,0,0,0,100200.6,1
85,84,1,0,0.2,0,0.1,0.3,0,0.2,0.2,0,0,0,25050.2,1
85,99,1,0.1,0.2,0,0.1,0.3,0,0.1,0.1,0.1,0,0,20493.3,1
85,102,7,0.4,0.8,0.4,1.1,1.3,0.3,1,0.6,1.1,0,0,144282.3,1
85,103,2,0.1,0.2,0.1,0.3,0.4,0.1,0.3,0.2,0.3,0,0,41223.5,1
85,105,3,0.2,0.4,0.2,0.5,0.5,0.1,0.4,0.2,0.5,0,0,61835.3,1
85,124,11,0.3,0.3,0,2,2.7,1,1,1,1.7,0.3,0.7,186165.5,1
85,130,5,0.2,0.6,0.1,0.8,0.8,0.2,1.2,0.6,0.3,0.1,0.1,105637.2,1
85,131,41,3,2,1,10,10,1,5,3,4,2,0,912637.6,0
85,134,1,0,0.1,0.1,0.1,0.4,0,0.1,0.1,0,0,0.1,20299.9,1
85,140,4,0.2,0.6,0.4,0.4,1,0,0.6,0.3,0.4,0.1,0,78261.8,1
85,144,24,0.7,2,1,4.6,4,0.3,5,3.3,0.7,1.7,0.7,579340.8,1
85,145,55,1,2,4,6,12,1,7,6,2,14,0,1131080.6,0
85,146,40,1,1,6,5,4,0,4,15,0,4,0,914276.8,0
85,147,51,2,10,5,11,8,2,2,1,9,1,0,1070686,0
85,159,10,0.7,2,0.9,1.2,2.7,0,1.2,0.3,0.3,0.3,0.4,172624.5,1
85,166,2,0.2,0,0.1,0.6,0.2,0.1,0.5,0,0.2,0,0.1,42532.8,1
85,167,24,1.6,2.2,1.1,3.3,4.9,1.1,4.9,2.7,1.6,0,0.6,496154.4,1
85,168,37,3,0,0,5,8,1,8,11,0,1,0,863310.1,0
85,169,56,1,7,3,6,13,0,5,7,11,2,1,1184860.8,0
85,170,5,0.3,0.5,0.2,0.7,1,0.2,1,0.6,0.4,0,0.1,103365.5,1
85,175,1,0,0.1,0.1,0.3,0.1,0,0.1,0.1,0.1,0.1,0,19447.3,1
85,178,2,0.1,0.1,0.2,0.5,0.2,0,0.2,0.3,0.3,0.1,0,38894.6,1
85,195,9,0.2,1.4,0.5,1,2.2,0.2,1.3,0.8,0.5,0.3,0.6,193510,1
85,196,5,0.1,0.8,0.3,0.6,1.3,0.1,0.7,0.4,0.3,0.1,0.3,107505.6,1
85,197,3,0.1,0.5,0.2,0.3,0.7,0.1,0.4,0.2,0.2,0.1,0.2,64503.3,1
85,211,3,0.2,0.4,0.1,0.3,0.7,0,0.6,0.4,0.1,0.2,0,59695.9,1
85,212,2,0,0.1,0.2,0.3,0.3,0,0.4,0.5,0,0.2,0,45971.6,1
85,222,6,0.2,0.4,0.2,0.8,2,0.2,0.6,0.6,0.6,0.4,0,136858.3,1
85,223,8,0.3,0.5,0.3,1.1,2.6,0.3,0.8,0.8,0.8,0.5,0,182477.7,1
85,228,21,2,1,0,4,2,0,0,6,0,5,1,461470.4,0
85,229,29,2,1,3,4,4,1,4,4,3,3,0,652743.1,0
85,230,8,0.6,0.8,0.4,1.3,1,0.3,0.8,2,0.1,0.7,0,164926.4,1
85,231,2,0.1,0.2,0.1,0.3,0.3,0.1,0.2,0.5,0,0.2,0,41231.6,1
85,233,16,1.7,1.2,0.3,3.7,2.8,0.7,1.3,1.4,1.9,1,0,342138.7,1
85,234,55.5,3,8,1.5,8,9,2,8,10,2,3,1,1211028.5,0
85,249,3,0.1,0.2,0.3,0.7,0.5,0.1,0.5,0.3,0.3,0,0,63793.3,1
86,1,2,0.1,0,0,0.3,0.2,0.1,0.2,0.8,0,0.3,0,48631.7,1
86,2,3,0.2,0.2,0.2,0.6,0.6,0.1,0.5,0.3,0.1,0.1,0.1,60644.7,1
86,3,6,0.5,0.4,0.5,1.2,1.1,0.2,1,0.6,0.1,0.2,0.2,121289.3,1
86,4,8,0.6,0.5,0.7,1.6,1.4,0.3,1.3,0.8,0.2,0.3,0.3,161719.1,1
86,5,130,5,8,9.5,15,46,2,22,7,4.5,2,9,2979569.9,0
86,6,117,3,11,13,9,36,1,12,19,6,4,3,2679679.7,0
86,7,139,9,13,5,24,29,3,17,26,9,2,2,3221447.9,0
86,8,115.5,12,7.5,4,34,16,6,12,6,17,0,1,2493517.4,0
86,9,18,1.6,0,0.6,3.3,0,0.5,2.7,5.5,1.6,2.2,0,431813,1
86,12,4,0.1,0.4,0.2,0.6,1.1,0.2,0.6,0.5,0,0,0.3,112293.3,1
86,14,4,0.1,0.4,0.2,0.6,1.1,0.2,0.6,0.5,0,0,0.3,112293.3,1
86,15,4,0.1,0.4,0.2,0.6,1.1,0.2,0.6,0.5,0,0,0.3,112293.3,1
86,29,58.5,1,14,2,6,23,0,2,2,7.5,0,1,1579493.1,0
86,30,76.5,4,12.5,2,9,20,0,10,11,4,1,3,2060826.4,0
86,31,155,4,18,6,23,37,2,12,27,13,8,5,3581427.2,0
86,32,152,1,16,8,14,29,2,10,47,11,12,2,3075130.6,0
86,33,66,2,5,1,7,13,2,11,14,3,7,1,1546993.4,0
86,35,11,0.3,0.8,1.3,1.8,2.6,0,1.9,0.5,1.3,0.5,0,217164.9,1
86,36,99.5,4.5,12,12,28,16,1,8,8,6,2,2,1786579.1,0
86,37,104,5,9.5,2,12,19,1,23,27,5.5,0,0,2348275.6,0
86,38,88,0,10.5,2,5,16,1,24,13,5.5,10,1,1965635.3,0
86,39,55,0,6,0,4,11,0,16,14,1,1,2,1230100.4,0
86,40,23,0.6,4.4,0,3.4,5.3,0.3,1.3,3.7,1.2,1.9,0.9,529435.7,1
86,41,61.5,2.5,6,4,7,11,1,8,18,3,0,1,1486132.7,0
86,46,1,0,0.1,0.1,0.1,0.2,0,0.1,0.2,0.1,0.1,0,21910.8,1
86,51,7,0.8,0.2,0,1.1,0.8,0.2,0.8,1.9,0,1.2,0,167344.7,1
86,52,1,0.1,0.2,0,0.1,0.3,0,0.1,0.1,0,0,0.1,21537.5,1
86,70,6,0.6,0,0.2,2.5,0.2,0.2,1.7,0.4,0.2,0,0,137325.1,1
86,74,4,0.3,0.2,0.7,0.6,0.6,0.1,0.6,0.5,0.4,0,0,76589.2,1
86,78,7,0,0.4,0,1.1,1.6,0.4,1.6,0.6,0.5,0.3,0.5,194474.2,1
86,87,7,0.2,1.1,1,0.6,2,0,0.7,0,0.7,0.2,0.5,131918.8,1
86,94,3,0.2,0.5,0,0.3,0.8,0,0.4,0.2,0.4,0.2,0,61479.8,1
86,97,4,0.3,0.7,0.1,0.3,1,0,0.5,0.3,0.5,0.2,0.1,81973,1
86,98,3,0.2,0.5,0,0.3,0.8,0,0.4,0.2,0.4,0.2,0,61479.8,1
86,103,5,0.3,0.6,0.3,0.8,0.9,0.2,0.7,0.4,0.8,0,0,103058.8,1
86,111,2,0.1,0.2,0,0.2,0.2,0.1,0.4,0.7,0.1,0,0,42198.5,1
86,112,2,0,0.3,0.1,0.2,0.5,0,0.3,0.3,0,0.1,0.2,37181.4,1
86,113,2,0,0.3,0.1,0.2,0.5,0,0.3,0.3,0,0.1,0.2,37181.4,1
86,114,5,0.1,0.7,0.3,0.5,1.3,0.1,0.7,0.7,0.1,0.1,0.4,92953.5,1
86,116,3,0,0.5,0.2,0.3,0.8,0,0.4,0.4,0.1,0.1,0.2,55772.1,1
86,117,6,0.1,0.9,0.4,0.6,1.6,0.1,0.8,0.8,0.1,0.1,0.5,111544.2,1
86,119,13,0.2,1.9,0.9,1.2,3.5,0.2,1.7,1.7,0.3,0.4,1,241679.1,1
86,128,2,0.1,0.2,0,0.4,0.4,0.1,0.5,0.2,0.1,0,0,42254.9,1
86,130,14,0.7,1.7,0.2,2.4,2.4,0.5,3.3,1.7,0.7,0.2,0.2,295784.2,1
86,131,77,2,15,5,8,24,0,13,1,7,0,2,1554699.4,0
86,132,2,0,0.2,0.2,0.2,0.7,0,0.2,0.2,0.1,0.1,0.1,40599.8,1
86,141,1,0.1,0.1,0.1,0.1,0.2,0,0.2,0.1,0.1,0,0,19565.5,1
86,143,25,0.7,2.1,1,4.9,4.2,0.3,5.2,3.5,0.7,1.7,0.7,603480,1
86,144,84,3,14,4,13,18,3,10,6,10,1,2,1807586.8,0
86,145,11,0.3,0.9,0.5,2.1,1.8,0.2,2.3,1.5,0.3,0.8,0.3,265531.2,1
86,146,97,2,8,7,20,19,0,11,17,6,7,0,1958462.2,0
86,147,59,3,4,6,12,16,1,5,2,7,1,2,1247129.7,0
86,148,28,0,4.2,3.3,1.4,8.4,0,5.6,2.8,0,0,2.3,604262.6,1
86,168,3,0.2,0.3,0.1,0.4,0.6,0.1,0.6,0.4,0.2,0,0.1,62019.3,1
86,182,7,0.1,0.5,0.5,1.3,1.7,0.1,0.2,1.1,0.5,0.8,0.2,132651.5,1
86,192,5,0.1,0.8,0.3,0.6,1.3,0.1,0.7,0.4,0.3,0.1,0.3,107505.6,1
86,214,12,0.3,0.3,1.4,1.7,2,0,2.3,2.9,0,1.1,0,275829.6,1
86,223,1,0,0.1,0.1,0.1,0.3,0,0.1,0.1,0.1,0.1,0,22809.7,1
86,228,57,1,2,4,5,19,2,11,5,1,6,1,1178835.2,0
86,229,28,0,1,1,3,5,0,2,9,0,6,1,585614.5,0
86,230,11,0.8,1.1,0.5,1.8,1.4,0.4,1.2,2.8,0.1,0.9,0,226773.8,1
86,231,12,0.8,1.3,0.6,1.9,1.5,0.4,1.3,3.1,0.1,1,0,247389.6,1
86,232,1,0.1,0.1,0,0.2,0.2,0,0.1,0.1,0.1,0.1,0,21383.7,1
86,233,55,1,1,2,6,8,0,12,17,5,2,1,1218004,0
86,235,2,0.2,0.1,0,0.5,0.4,0.1,0.2,0.2,0.2,0.1,0,42767.3,1
87,0,1,0.1,0,0,0.1,0.1,0,0.1,0.4,0,0.2,0,24315.8,1
87,1,2,0.1,0,0,0.3,0.2,0.1,0.2,0.8,0,0.3,0,48631.7,1
87,2,2,0.1,0.4,0.1,0.4,0.3,0.1,0.3,0.2,0.1,0,0,41902.9,1
87,4,10,0.4,1.8,0.4,2.1,1.5,0.4,1.5,1.2,0.3,0.2,0.2,209514.6,1
87,5,133.5,1,31,6,6,50,2,12,7,12.5,1,5,2762691.6,0
87,6,44,0,3.5,1.5,6,9,1,11,5,4,2,1,1019578.2,0
87,7,24,2.2,1.1,0.5,4.5,2.8,0,4.5,6.7,1.1,0.6,0,635345.5,1
87,13,4,0.1,0.4,0.2,0.6,1.1,0.2,0.6,0.5,0,0,0.3,112293.3,1
87,21,4,0.1,0.4,0.2,0.6,1.1,0.2,0.6,0.5,0,0,0.3,112293.3,1
87,27,11,0.5,0.5,1.3,0.5,2.8,0.4,1.6,2.5,0.5,0.4,0,258662.6,1
87,29,47.5,2.5,5.5,6,12,10,3.5,1,2,4,1,0,842868.8,0
87,30,94.5,6,12.5,3,27,19,4,3,4,16,0,0,2170443.2,0
87,31,136.5,8,7,6,20,30,5.5,20,23,6,8,3,3027059.3,0
87,32,45,0,4.5,0,7,6,0,8,13,1.5,4,1,950859.9,0
87,33,127.5,7,14,7,32,26,8.5,2,9,18,3,1,2304584.4,0
87,34,182,4,32,12,30,44,5,18,10,17,2,8,3572040.1,0
87,35,107.5,3,0.5,14,15,21,2,18,28,1,2,3,2545709.9,0
87,36,110,1,10,9,12,16,0,16,42,0,1,3,2250904.3,0
87,37,120,5,14,9,14,22,3,21,20,7,2,3,2421964.9,0
87,38,30,2,0,2,4,2,0,5,12,2,1,0,761092,0
87,39,22,1.5,2.2,0.7,4.4,2.2,0,2.9,6.6,0,1.5,0,480063.8,1
87,41,29,1,3,0,5,5,0,5,5,2,2,1,553220.4,0
87,42,86,1,13,2,10,24,2,17,5,11,0,1,1825414.6,0
87,50,4,0.4,0.1,0,0.7,0.4,0.1,0.5,1.1,0,0.7,0,95625.5,1
87,52,3,0.2,0.5,0.1,0.3,0.8,0,0.4,0.4,0.1,0.1,0.1,64612.4,1
87,70,5,0.1,0.7,0.2,0.6,1.4,0.1,0.6,0.5,0.5,0.1,0.2,97039.3,1
87,78,6,0.5,0.3,1.1,0.9,1,0.2,0.8,0.7,0.5,0,0,114883.8,1
87,87,8,0.3,1.2,1.1,0.7,2.3,0,0.8,0,0.8,0.3,0.5,150764.3,1
87,93,4,0.3,0.7,0.1,0.3,1,0,0.5,0.3,0.5,0.2,0.1,81973,1
87,98,8,0.6,1.4,0.1,0.7,2.1,0,0.9,0.6,1,0.5,0.1,163946,1
87,105,3,0.1,0.3,0,0.3,0.4,0.1,0.6,1.1,0.1,0,0,63297.8,1
87,111,2,0,0.4,0.1,0.3,0.5,0.1,0.1,0.4,0.1,0,0,43412.3,1
87,114,4,0,0.5,0.1,0.2,0.9,0,1,0.8,0.3,0.2,0,99586.8,1
87,119,4,0,0.6,0.3,0.4,1.1,0.1,0.5,0.5,0.1,0.1,0.3,74362.8,1
87,123,5,0.4,0.8,0.1,1,1.1,0.4,0.2,0.2,0.8,0,0,101752.2,1
87,127,1,0.1,0.2,0,0.2,0.2,0.1,0,0,0.2,0,0,20350.4,1
87,131,12,0.8,2,0.3,2.5,2.5,0.8,0.6,0.6,1.9,0,0,244205.4,1
87,132,4,0.2,0.6,0.4,0.4,1,0,0.6,0.3,0.4,0.1,0,78261.8,1
87,133,1,0.1,0.1,0.1,0.1,0.2,0,0.2,0.1,0.1,0,0,19565.5,1
87,143,3,0.3,0.2,0.1,0.8,0.5,0.1,0.3,0,0.6,0,0.1,73621,1
87,144,97,12,4,2,38,12,8,1,3,16,1,0,1969001.2,0
87,146,3,0.3,0.2,0.1,0.8,0.5,0.1,0.3,0,0.6,0,0.1,73621,1
87,147,29,0.6,3.6,1.2,3.6,6.5,0.6,4.2,4.2,1.5,1.2,1.8,658059,1
87,148,2.5,0,0.3,0.1,0.3,0.6,0,0.4,0.4,0.1,0.1,0.2,56729.2,1
87,151,2,0,0.2,0.1,0.3,0.5,0,0.3,0.3,0.1,0.1,0.1,45383.4,1
87,161,6,0.4,1.2,0.5,0.7,1.7,0,0.7,0.2,0.2,0.2,0.2,103574.7,1
87,164,5,0.1,0.5,0.1,0.5,1.4,0,1.1,0.9,0.2,0,0.2,89088.7,1
87,168,4,0.1,0.4,0.1,0.4,1.1,0,0.9,0.7,0.2,0,0.1,71271,1
87,172,5,0.2,0.2,0.5,1.4,0.5,0.1,0.5,0.7,0.6,0.3,0,97236.4,1
87,185,3,0.1,0.2,0.2,0.5,0.7,0.1,0.1,0.5,0.2,0.3,0.1,56850.6,1
87,195,3,0.1,0.5,0.2,0.3,0.7,0.1,0.4,0.2,0.2,0.1,0.2,64503.3,1
87,196,2,0,0.3,0.1,0.2,0.5,0.1,0.3,0.2,0.1,0.1,0.1,43002.2,1
87,198,3,0.1,0.5,0.2,0.3,0.7,0.1,0.4,0.2,0.2,0.1,0.2,64503.3,1
87,206,19,1.7,1.4,1.7,4.5,3.8,0.4,1.4,1.7,1,0.7,0.7,386993.5,1
87,207,4,0.2,0.8,0.1,0.6,0.9,0.2,0.4,0.6,0,0.2,0,73724.5,1
87,210,7,0.3,1.4,0.2,1,1.6,0.4,0.7,1,0,0.4,0,129017.9,1
87,213,3,0.3,0.1,0,0.8,0.3,0.2,0.3,0.5,0.1,0.4,0,65672.4,1
87,225,4,0,0.3,0.3,0.8,0.7,0.1,0.3,0.9,0.3,0.3,0,78761.6,1
87,228,45,2,4,3,9,4,1,10,5,2,3,2,840766.9,0
87,229,77,1,1,1,19,15,4,7,10,9,9,1,1689271.4,0
87,230,9,0,0,0,1,2,0,0.5,2.5,0,3,0,169495.3,1
87,231,84.5,7,3,2.5,20,9,5,9,15,3,11,0,1690725.7,0
87,232,87.5,2,13.5,4,13,21,2,9,11,3,8,1,1631122.1,0
87,233,65,2,4,6,10,12,2,10,9,4,4,2,1125676.3,0
87,242,9,0.4,0.6,1.1,2.1,1.5,0.2,1.5,0.8,0.8,0,0,191379.9,1
88,0,6,0.4,0,0,0.9,0.6,0.2,0.6,2.4,0,0.9,0,145895,1
88,4,10,0.4,1.8,0.4,2.1,1.5,0.4,1.5,1.2,0.3,0.2,0.2,209514.6,1
88,5,41,0,6,3,2,12,1,4,6,1,2,4,1075416.6,0
88,6,82,11,6,2,26,11,6,3,7,8,0,2,1985433.7,0
88,7,45,2,4,5,12,11,3,3,3,1,0,1,984834.1,0
88,8,4,0.4,0.2,0.1,0.7,0.5,0,0.7,1.1,0.2,0.1,0,105890.9,1
88,12,2,0.1,0.2,0.1,0.3,0.6,0.1,0.3,0.2,0,0,0.1,56146.7,1
88,21,7,0.2,0.7,0.3,1.1,1.9,0.3,1.1,0.8,0.1,0.1,0.4,196513.3,1
88,27,9,0.4,0.5,1,0.5,2.3,0.3,1.3,2,0.4,0.3,0,211633,1
88,29,65,7.5,8,9,20,10,0,4,2,3.5,0,1,1111565.7,0
88,30,46,2,9,2,7,13,2,3,4,3,0,1,956397.6,0
88,31,10,0.5,0.5,1.1,0.5,2.6,0.3,1.4,2.3,0.5,0.3,0,235147.8,1
88,32,56,7.1,3.9,2.2,14.3,7.1,1.4,9.3,9.3,1.4,0,0,1043959.5,1
88,33,182.5,4,29,8,24,47,3,19,22,12.5,8,6,3471456.5,0
88,34,58,4,5,3,9,13,0,16,6,2,0,0,1365606.6,0
88,35,163,10,13,6,24,29,6,26,31,8,7,3,3139204.8,0
88,36,115,3,9,4,11,18,2,11,47,6,3,1,2347733.7,0
88,37,4,0.3,0.4,0.1,0.8,0.4,0,0.5,1.2,0,0.3,0,87284.3,1
88,42,41,3,2,2,6,9,2,4,11,2,0,0,898856.1,0
88,47,2,0.2,0.1,0,0.3,0.2,0.1,0.2,0.6,0,0.3,0,47812.8,1
88,48,2,0.2,0.1,0,0.3,0.2,0.1,0.2,0.6,0,0.3,0,47812.8,1
88,49,5,0.6,0.1,0,0.8,0.6,0.1,0.6,1.4,0,0.8,0,119531.9,1
88,50,2,0.2,0.1,0,0.3,0.2,0.1,0.2,0.6,0,0.3,0,47812.8,1
88,59,5,0.3,0.8,0.1,0.5,1.3,0.1,0.7,0.6,0.2,0.2,0.2,107687.3,1
88,66,2,0,0.3,0.1,0.2,0.6,0,0.3,0.2,0.2,0,0.1,38815.7,1
88,77,9,0.7,0.4,1.6,1.4,1.4,0.3,1.3,1.1,0.8,0,0,172325.7,1
88,85,2,0,0.3,0.3,0.2,0.6,0,0.2,0,0.2,0.1,0.1,37691.1,1
88,86,2,0,0.3,0.3,0.2,0.6,0,0.2,0,0.2,0.1,0.1,37691.1,1
88,97,2,0.1,0.4,0,0.2,0.5,0,0.2,0.2,0.3,0.1,0,40986.5,1
88,104,2,0.1,0.2,0,0.2,0.2,0.1,0.4,0.7,0.1,0,0,42198.5,1
88,105,4,0.1,0.4,0,0.4,0.5,0.1,0.8,1.5,0.2,0,0,84397.1,1
88,113,9,0,1.1,0.4,0.4,2,0,2.2,1.8,0.7,0.4,0,224070.3,1
88,114,17,0,2.1,0.7,0.7,3.8,0,4.1,3.5,1.4,0.7,0,423243.9,1
88,136,2,0.1,0.3,0.2,0.2,0.5,0,0.3,0.1,0.2,0.1,0,39130.9,1
88,138,2,0.1,0.3,0.2,0.2,0.5,0,0.3,0.1,0.2,0.1,0,39130.9,1
88,144,17,1.6,1.2,0.8,4.3,2.8,0.8,1.6,0,3.1,0,0.8,417185.4,1
88,150,8,0.2,1,0.3,1,1.8,0.2,1.1,1.2,0.4,0.3,0.5,181533.5,1
88,153,10,0.7,2,0.9,1.2,2.7,0,1.2,0.3,0.3,0.3,0.4,172624.5,1
88,162,1,0,0.1,0,0.1,0.3,0,0.2,0.2,0.1,0,0,17817.7,1
88,171,2,0,0.2,0.1,0.2,0.5,0,0.4,0.4,0.1,0,0.1,35635.5,1
88,185,5,0.1,0.3,0.4,0.9,1.2,0.1,0.1,0.8,0.4,0.6,0.1,94751.1,1
88,193,7,0.2,1,0.4,0.8,1.7,0.2,1,0.6,0.4,0.2,0.5,150507.8,1
88,195,2,0,0.3,0.1,0.2,0.5,0.1,0.3,0.2,0.1,0.1,0.1,43002.2,1
88,206,2,0.2,0.1,0.2,0.5,0.4,0,0.1,0.2,0.1,0.1,0.1,40736.2,1
88,210,10,0.5,2,0.2,1.5,2.3,0.5,1,1.5,0,0.5,0,184311.3,1
88,211,2,0.1,0.4,0,0.3,0.5,0.1,0.2,0.3,0,0.1,0,36862.3,1
88,212,10,0.9,0.3,0,2.6,1.2,0.6,1.2,1.7,0.3,1.2,0,218907.9,1
88,221,5,0.4,0.2,0,1.3,0.6,0.3,0.6,0.9,0.1,0.6,0,109454,1
88,223,17,0,1.5,1.2,3.4,3.2,0.5,1.2,3.6,1.2,1.2,0,334737,1
88,224,10,0,0.9,0.7,2,1.9,0.3,0.7,2.1,0.7,0.7,0,196904.1,1
88,228,3,0,0,0,0.3,0.7,0,0.2,0.8,0,1,0,56498.4,1
88,229,112,3,11,13.5,18,25,2,6,16,10.5,6,1,2408628.1,0
88,230,20,1,0,0,4,2,0,7,6,0,0,0,458557.6,0
88,231,88,3,10,8,6,29,0,5,8,8,9,2,1753905.9,0
88,232,74,3,7,3,5,17,0,6,14,6,9,4,1488892.4,0
88,233,26,1.6,4.5,1.6,3.1,5.8,0.2,2.5,4,1.8,0.4,0.5,475811.2,1
88,235,9,0.5,1.5,0.5,1.1,2,0.1,0.9,1.4,0.6,0.2,0.2,164703.9,1
89,4,9,0.3,1.6,0.4,1.9,1.3,0.4,1.3,1.1,0.3,0.2,0.2,188563.1,1
89,6,5,0.2,0.9,0.2,1.1,0.7,0.2,0.7,0.6,0.2,0.1,0.1,104757.3,1
89,8,9,0.8,0.4,0.2,1.7,1.1,0,1.7,2.5,0.4,0.2,0,238254.6,1
89,23,1,0.1,0.1,0.1,0.1,0.1,0,0.2,0.2,0,0.1,0,25072.3,1
89,27,5,0.2,0.2,0.6,0.3,1.3,0.2,0.7,1.1,0.2,0.2,0,117573.9,1
89,31,9,0.4,0.5,1,0.5,2.3,0.3,1.3,2,0.4,0.3,0,211633,1
89,32,190,4,23,19,20,50,3,46,10,9,1,5,4056069.8,0
89,33,236.5,15,20.5,15,55,54,11,21,15,23,5,2,5011884.6,0
89,34,146,7,13.5,11,28,36,3,23,11,6.5,3,4,3241152.2,0
89,35,148,3,13,5,16,24,3,18,45,12,5,4,3230234.9,0
89,36,56,0,0,7,4,10,0,11,20,2,1,1,1311171,0
89,42,1,0,0.1,0.1,0.1,0.1,0,0.2,0.3,0.1,0,0,21985.6,1
89,43,9,0.1,0.7,0.6,0.9,1.3,0.2,1.5,2.4,0.6,0.5,0.2,197870.4,1
89,44,12,0.2,0.9,0.8,1.3,1.7,0.3,2,3.1,0.8,0.6,0.3,263827.1,1
89,45,7,0.1,0.5,0.5,0.7,1,0.2,1.2,1.8,0.4,0.4,0.2,153899.2,1
89,50,1,0.1,0,0,0.2,0.1,0,0.1,0.3,0,0.2,0,23906.4,1
89,54,2,0.1,0.3,0,0.2,0.5,0,0.3,0.3,0.1,0.1,0.1,43074.9,1
89,61,2,0.1,0.3,0,0.2,0.5,0,0.3,0.3,0.1,0.1,0.1,43074.9,1
89,62,3,0.1,0.4,0.1,0.3,0.8,0.1,0.4,0.3,0.3,0.1,0.1,58223.6,1
89,63,4,0.1,0.6,0.2,0.4,1.1,0.1,0.5,0.4,0.4,0.1,0.1,77631.4,1
89,69,20,0.3,2.9,1,2.3,5.5,0.3,2.6,2,2.1,0.3,0.7,388157.2,1
89,72,4,0.3,0.2,0.7,0.6,0.6,0.1,0.6,0.5,0.4,0,0,76589.2,1
89,85,1,0,0.2,0.1,0.1,0.3,0,0.1,0,0.1,0,0.1,18845.5,1
89,104,2,0.1,0.2,0,0.2,0.2,0.1,0.4,0.7,0.1,0,0,42198.5,1
89,105,2,0.1,0.2,0,0.2,0.2,0.1,0.4,0.7,0.1,0,0,42198.5,1
89,106,2,0.1,0.2,0,0.2,0.2,0.1,0.4,0.7,0.1,0,0,42198.5,1
89,113,32.5,1,1,1,3,5,2.5,3,13,1,1,1,705302.5,0
89,114,64,6,4,4,7,13,1,9,14,4,2,0,1275559.1,0
89,115,62.5,3,6,5,11,13,1,8,4,9.5,2,0,1285653.1,0
89,118,5,0.1,0.7,0.3,0.5,1.3,0.1,0.7,0.7,0.1,0.1,0.4,92953.5,1
89,123,6,0.4,1,0.1,1.2,1.3,0.4,0.3,0.3,1,0,0,122102.7,1
89,126,3,0.2,0.5,0.1,0.6,0.6,0.2,0.1,0.2,0.5,0,0,61051.3,1
89,139,1,0.1,0.1,0.1,0.1,0.2,0,0.2,0.1,0.1,0,0,19565.5,1
89,140,2,0.1,0.3,0.2,0.2,0.5,0,0.3,0.1,0.2,0.1,0,39130.9,1
89,143,6,0.5,0.4,0.3,1.5,1,0.3,0.6,0,1.1,0,0.3,147241.9,1
89,145,3,0.3,0.2,0.1,0.8,0.5,0.1,0.3,0,0.6,0,0.1,73621,1
89,146,5,0.5,0.4,0.2,1.3,0.8,0.2,0.5,0,0.9,0,0.2,122701.6,1
89,148,6,0.1,0.7,0.2,0.7,1.4,0.1,0.9,0.9,0.3,0.3,0.4,136150.1,1
89,152,3,0.2,0.6,0.2,0.4,0.8,0,0.4,0.1,0.1,0.1,0.1,51787.3,1
89,154,5,0.3,1,0.4,0.6,1.3,0,0.6,0.2,0.2,0.2,0.2,86312.2,1
89,167,6.5,0.2,0.6,0.2,0.6,1.8,0,1.4,1.2,0.3,0,0.2,115815.3,1
89,173,3,0.1,0.1,0.3,0.8,0.3,0.1,0.3,0.4,0.4,0.2,0,58341.8,1
89,178,7,0.3,0.3,0.7,1.9,0.7,0.1,0.7,1,0.9,0.4,0,136130.9,1
89,190,3,0.1,0.2,0.2,0.5,0.7,0.1,0.1,0.5,0.2,0.3,0.1,56850.6,1
89,211,2,0.1,0.4,0,0.3,0.5,0.1,0.2,0.3,0,0.1,0,36862.3,1
89,212,1,0.1,0,0,0.3,0.1,0.1,0.1,0.2,0,0.1,0,21890.8,1
89,222,1,0,0.1,0.1,0.2,0.2,0,0.1,0.2,0,0.1,0,19690.4,1
89,226,1,0,0.1,0.1,0.2,0.2,0,0.1,0.2,0,0.1,0,19690.4,1
89,229,49,0,3,4,3,11,0,12,6,6,4,0,1295229.7,0
89,230,134,6,17,11.5,21,27,2,15,20,4.5,8,2,2970740.8,0
89,231,52.5,3.5,4,9,7,11,2,4,5,5,1,1,902111.5,0
89,232,28,1.7,4.8,1.7,3.4,6.3,0.2,2.7,4.3,1.9,0.5,0.5,512412,1
89,235,13,0.8,2.3,0.8,1.6,2.9,0.1,1.2,2,0.9,0.2,0.2,237905.6,1
89,236,26,1.6,4.5,1.6,3.1,5.8,0.2,2.5,4,1.8,0.4,0.5,475811.2,1
89,237,8,0.3,0.4,0.4,1.6,1.7,0.4,1.1,1.7,0.4,0,0,173228.4,1
89,238,9,0.4,0.4,0.4,1.8,1.9,0.4,1.3,2,0.4,0,0,194882,1
89,241,3,0.1,0.1,0.2,0.6,0.7,0.1,0.4,0.7,0.1,0,0,64960.7,1
89,251,1,0,0.1,0.1,0.2,0.2,0,0.2,0.1,0.1,0,0,21264.4,1
89,252,4,0.1,0.7,0.3,0.7,0.8,0.1,0.5,0.3,0.3,0.1,0.1,78082.2,1
90,4,2,0.1,0.4,0.1,0.4,0.3,0.1,0.3,0.2,0.1,0,0,41902.9,1
90,8,4,0.4,0.2,0.1,0.7,0.5,0,0.7,1.1,0.2,0.1,0,105890.9,1
90,12,4,0.1,0.4,0.2,0.6,1.1,0.2,0.6,0.5,0,0,0.3,112293.3,1
90,18,3,0.1,0.3,0.1,0.5,0.8,0.1,0.5,0.4,0,0,0.2,84220,1
90,23,6,0.8,0.4,0.4,0.8,0.6,0.2,1.3,0.9,0,0.4,0.2,150433.6,1
90,27,1,0,0.1,0.1,0.1,0.3,0,0.1,0.2,0.1,0,0,23514.8,1
90,30,6,0.3,0.3,0.7,0.3,1.5,0.2,0.9,1.3,0.3,0.2,0,141088.7,1
90,31,26,1.5,3,0,4,5,1,2,6,1.5,2,0,585586.4,0
90,32,96.5,5,6,4,12,28,0,25,7,4.5,1,4,2229897.4,0
90,33,91,7,9,2,15,17,3,8,15,6,2,7,1781850.7,0
90,34,69,3,6,10,7,14,1,7,18,1,2,0,1435782.2,0
90,35,19.5,2.5,1.4,0.7,5,2.5,0.5,3.2,3.2,0.5,0,0,363521.6,1
90,36,3,0.4,0.2,0.1,0.7,0.4,0.1,0.5,0.5,0.1,0,0,55926.4,1
90,39,2,0.1,0.2,0.1,0.4,0.2,0,0.3,0.6,0,0.1,0,43642.2,1
90,43,2,0,0.2,0.1,0.2,0.3,0.1,0.3,0.5,0.1,0.1,0.1,43971.2,1
90,44,2,0,0.2,0.1,0.2,0.3,0.1,0.3,0.5,0.1,0.1,0.1,43971.2,1
90,45,14,0.2,1.1,0.9,1.4,2,0.4,2.4,3.6,0.9,0.7,0.4,307798.3,1
90,46,5,0.1,0.4,0.3,0.5,0.7,0.1,0.9,1.3,0.3,0.3,0.1,109928,1
90,55,12,0.7,1.9,0.2,1.3,3,0.2,1.7,1.5,0.4,0.5,0.6,258449.6,1
90,56,5,0.3,0.8,0.1,0.5,1.3,0.1,0.7,0.6,0.2,0.2,0.2,107687.3,1
90,67,5,0.1,0.7,0.2,0.6,1.4,0.1,0.6,0.5,0.5,0.1,0.2,97039.3,1
90,82,4,0.1,0.6,0.6,0.3,1.2,0,0.4,0,0.4,0.1,0.3,75382.2,1
90,84,4,0.1,0.6,0.6,0.3,1.2,0,0.4,0,0.4,0.1,0.3,75382.2,1
90,85,2,0,0.3,0.3,0.2,0.6,0,0.2,0,0.2,0.1,0.1,37691.1,1
90,90,6,0.2,0.9,0.8,0.5,1.8,0,0.6,0,0.6,0.2,0.4,113073.3,1
90,95,6,0.4,1,0.1,0.5,1.6,0,0.7,0.4,0.8,0.4,0.1,122959.5,1
90,96,5,0.3,0.9,0.1,0.4,1.3,0,0.6,0.4,0.6,0.3,0.1,102466.3,1
90,105,2,0.1,0.2,0,0.2,0.2,0.1,0.4,0.7,0.1,0,0,42198.5,1
90,106,3,0.1,0.3,0,0.3,0.4,0.1,0.6,1.1,0.1,0,0,63297.8,1
90,107,5,0.1,0.9,0.3,0.6,1.3,0.2,0.3,0.9,0.3,0.1,0,108530.7,1
90,109,5,0.1,0.9,0.3,0.6,1.3,0.2,0.3,0.9,0.3,0.1,0,108530.7,1
90,113,55,0,2,1,3,8,2,5,14,2,18,0,981170.7,0
90,114,77,7,5,0,15,11,1,8,13,6,11,0,1453320.9,0
90,115,106.5,3,9,7,13,20,2,27,15,2.5,6,2,2195435.1,0
90,116,53,3,11,3,8,14,4,4,3,1,2,0,1090352.8,0
90,117,5,0.1,0.7,0.3,0.5,1.3,0.1,0.7,0.7,0.1,0.1,0.4,92953.5,1
90,118,2,0,0.3,0.1,0.2,0.5,0,0.3,0.3,0,0.1,0.2,37181.4,1
90,121,7,0.1,1,0.5,0.6,1.9,0.1,0.9,0.9,0.2,0.2,0.6,130134.9,1
90,124,1,0.1,0.2,0,0.2,0.2,0.1,0,0,0.2,0,0,20350.4,1
90,130,4,0.3,0.7,0.1,0.8,0.8,0.3,0.2,0.2,0.6,0,0,81401.8,1
90,132,7,0.3,1,0.8,0.7,1.7,0,1.1,0.5,0.7,0.2,0,136958.2,1
90,135,5,0.2,0.7,0.5,0.5,1.2,0,0.8,0.4,0.5,0.2,0,97827.3,1
90,141,4,0.2,0.6,0.4,0.4,1,0,0.6,0.3,0.4,0.1,0,78261.8,1
90,146,6,0.5,0.4,0.3,1.5,1,0.3,0.6,0,1.1,0,0.3,147241.9,1
90,148,1,0,0.1,0,0.1,0.2,0,0.2,0.2,0.1,0,0.1,22691.7,1
90,154,4,0.3,0.8,0.4,0.5,1.1,0,0.5,0.1,0.1,0.1,0.1,69049.8,1
90,162,3,0.1,0.3,0.1,0.3,0.8,0,0.6,0.6,0.1,0,0.1,53453.2,1
90,165,2,0,0.2,0.1,0.2,0.5,0,0.4,0.4,0.1,0,0.1,35635.5,1
90,169,4,0.1,0.4,0.1,0.4,1.1,0,0.9,0.7,0.2,0,0.1,71271,1
90,170,3,0.1,0.3,0.1,0.3,0.8,0,0.6,0.6,0.1,0,0.1,53453.2,1
90,181,12,0.6,0.6,1.1,3.2,1.1,0.2,1.2,1.7,1.5,0.8,0,233367.3,1
90,185,8,0.2,0.5,0.5,1.4,2,0.2,0.2,1.3,0.6,0.9,0.2,151601.7,1
90,200,7,0.2,1,0.4,0.8,1.7,0.2,1,0.6,0.4,0.2,0.5,150507.8,1
90,202,5,0.4,0.4,0.4,1.2,1,0.1,0.4,0.4,0.3,0.2,0.2,101840.4,1
90,203,10,0.9,0.7,0.9,2.4,2,0.2,0.7,0.9,0.5,0.4,0.4,203680.8,1
90,208,4,0.2,0.8,0.1,0.6,0.9,0.2,0.4,0.6,0,0.2,0,73724.5,1
90,209,4,0.2,0.8,0.1,0.6,0.9,0.2,0.4,0.6,0,0.2,0,73724.5,1
90,210,2,0.1,0.4,0,0.3,0.5,0.1,0.2,0.3,0,0.1,0,36862.3,1
90,222,6,0,0.5,0.4,1.2,1.1,0.2,0.4,1.3,0.4,0.5,0,118142.5,1
90,223,4,0,0.3,0.3,0.8,0.7,0.1,0.3,0.9,0.3,0.3,0,78761.6,1
90,224,3,0,0.3,0.2,0.6,0.6,0.1,0.2,0.6,0.2,0.2,0,59071.2,1
90,226,10,0,0.9,0.7,2,1.9,0.3,0.7,2.1,0.7,0.7,0,196904.1,1
90,227,2,0,0,0,0.2,0.4,0,0.1,0.6,0,0.7,0,37665.6,1
90,230,4,0,0,0,0.5,0.9,0,0.2,1.1,0,1.3,0,75331.3,1
90,231,39.5,1,3,3,14,5,2,3,3,3.5,1,1,808769.1,0
90,232,2,0.1,0.4,0.1,0.3,0.5,0,0.2,0.3,0.1,0,0,36600.9,1
90,233,8,0.5,1.4,0.5,1,1.8,0.1,0.8,1.2,0.5,0.1,0.1,146403.4,1
90,237,10,0.4,0.5,0.5,2,2.1,0.5,1.4,2.1,0.5,0,0,216535.5,1
90,242,4,0.2,0.3,0.5,0.9,0.6,0.1,0.6,0.4,0.4,0,0,85057.8,1
90,245,3,0.1,0.2,0.3,0.7,0.5,0.1,0.5,0.3,0.3,0,0,63793.3,1
91,3,9,0.3,1.6,0.4,1.9,1.3,0.4,1.3,1.1,0.3,0.2,0.2,188563.1,1
91,5,1,0,0.2,0.1,0.2,0.2,0,0.2,0.1,0,0,0,20951.5,1
91,11,2,0.2,0.1,0,0.4,0.2,0,0.4,0.6,0.1,0,0,52945.5,1
91,18,7,0.2,0.7,0.3,1.1,1.9,0.3,1.1,0.8,0.1,0.1,0.4,196513.3,1
91,30,7,0.3,0.4,0.8,0.4,1.8,0.2,1,1.6,0.3,0.2,0,164603.5,1
91,31,4,0.2,0.2,0.5,0.2,1,0.1,0.6,0.9,0.2,0.1,0,94059.1,1
91,40,2,0.1,0.2,0.1,0.4,0.2,0,0.3,0.6,0,0.1,0,43642.2,1
91,44,14,0.2,1.1,0.9,1.4,2,0.4,2.4,3.6,0.9,0.7,0.4,307798.3,1
91,46,11,0.1,0.9,0.7,1.1,1.6,0.3,1.8,2.9,0.7,0.6,0.3,241841.5,1
91,47,1,0.1,0,0,0.2,0.1,0,0.1,0.3,0,0.2,0,23906.4,1
91,56,9,0.6,1.4,0.1,1,2.3,0.1,1.3,1.1,0.3,0.4,0.4,193837.2,1
91,58,8,0.5,1.3,0.1,0.9,2,0.1,1.1,1,0.2,0.4,0.4,172299.8,1
91,77,6,0.5,0.3,1.1,0.9,1,0.2,0.8,0.7,0.5,0,0,114883.8,1
91,81,14.5,1.2,0.7,2.6,2.3,2.3,0.4,2,1.7,1.3,0,0,277635.9,1
91,85,2,0,0.3,0.3,0.2,0.6,0,0.2,0,0.2,0.1,0.1,37691.1,1
91,99,5,0.3,0.9,0.1,0.4,1.3,0,0.6,0.4,0.6,0.3,0.1,102466.3,1
91,105,5,0.2,0.5,0,0.5,0.6,0.2,1,1.8,0.2,0,0,105496.3,1
91,107,3,0,0.5,0.2,0.4,0.8,0.1,0.2,0.5,0.2,0.1,0,65118.4,1
91,109,10,0.2,1.8,0.5,1.3,2.5,0.4,0.7,1.8,0.6,0.2,0,217061.4,1
91,110,20.5,0.3,3.7,1.1,2.6,5.2,0.7,1.5,3.7,1.3,0.4,0,444975.8,1
91,111,10,0.2,1.8,0.5,1.3,2.5,0.4,0.7,1.8,0.6,0.2,0,217061.4,1
91,112,7,0,0.8,0.3,0.3,1.6,0,1.7,1.4,0.6,0.3,0,174276.9,1
91,113,77,7,6,6,15,6,3,16,5,8,4,1,1713355.6,0
91,114,50,1,5,3,3,7,0,7,11,3,10,0,1043548.4,0
91,115,55.5,2,3.5,2,8,8,1.5,10,15,2.5,3,0,950311.9,0
91,116,12,0,1.5,0.5,0.5,2.7,0,2.9,2.4,1,0.5,0,298760.4,1
91,118,2,0,0.3,0.1,0.2,0.5,0,0.3,0.3,0,0.1,0.2,37181.4,1
91,119,1,0,0.2,0.1,0.1,0.3,0,0.1,0.1,0,0,0.1,18590.7,1
91,127,6,0.4,1,0.1,1.2,1.3,0.4,0.3,0.3,1,0,0,122102.7,1
91,128,5,0.4,0.8,0.1,1,1.1,0.4,0.2,0.2,0.8,0,0,101752.2,1
91,133,4,0.2,0.6,0.4,0.4,1,0,0.6,0.3,0.4,0.1,0,78261.8,1
91,136,1,0.1,0.1,0.1,0.1,0.2,0,0.2,0.1,0.1,0,0,19565.5,1
91,139,8,0.4,1.1,0.9,0.8,1.9,0,1.3,0.6,0.8,0.2,0,156523.7,1
91,140,7,0.3,1,0.8,0.7,1.7,0,1.1,0.5,0.7,0.2,0,136958.2,1
91,152,1,0.1,0.2,0.1,0.1,0.3,0,0.1,0,0,0,0.1,17262.4,1
91,157,5,0.3,1,0.4,0.6,1.3,0,0.6,0.2,0.2,0.2,0.2,86312.2,1
91,162,2,0,0.2,0.1,0.2,0.5,0,0.4,0.4,0.1,0,0.1,35635.5,1
91,173,9,0.4,0.4,0.9,2.4,0.9,0.1,0.9,1.3,1.1,0.6,0,175025.5,1
91,174,2,0.1,0.1,0.2,0.5,0.2,0,0.2,0.3,0.3,0.1,0,38894.6,1
91,179,2,0.1,0.1,0.2,0.5,0.2,0,0.2,0.3,0.3,0.1,0,38894.6,1
91,181,1,0,0.1,0.1,0.3,0.1,0,0.1,0.1,0.1,0.1,0,19447.3,1
91,192,7,0.2,1,0.4,0.8,1.7,0.2,1,0.6,0.4,0.2,0.5,150507.8,1
91,193,2,0,0.3,0.1,0.2,0.5,0.1,0.3,0.2,0.1,0.1,0.1,43002.2,1
91,200,5,0.1,0.8,0.3,0.6,1.3,0.1,0.7,0.4,0.3,0.1,0.3,107505.6,1
91,203,10,0.9,0.7,0.9,2.4,2,0.2,0.7,0.9,0.5,0.4,0.4,203680.8,1
91,204,9,0.8,0.7,0.8,2.1,1.8,0.2,0.7,0.8,0.5,0.3,0.3,183312.7,1
91,208,5,0.2,1,0.1,0.8,1.1,0.2,0.5,0.8,0,0.3,0,92155.7,1
91,213,1,0.1,0,0,0.3,0.1,0.1,0.1,0.2,0,0.1,0,21890.8,1
91,214,13,1.2,0.4,0,3.4,1.5,0.8,1.5,2.3,0.4,1.5,0,284580.3,1
91,222,4,0,0.3,0.3,0.8,0.7,0.1,0.3,0.9,0.3,0.3,0,78761.6,1
91,223,2,0,0.2,0.1,0.4,0.4,0.1,0.1,0.4,0.1,0.2,0,39380.8,1
91,226,8,0,0.7,0.6,1.6,1.5,0.2,0.6,1.7,0.5,0.6,0,157523.3,1
91,232,26,1,1,0,4,3,1,5,9,0,2,0,570171.3,0
91,233,67.5,2,3.5,3,8,14,1.5,8,16,8.5,3,0,1467820.9,0
91,234,35,0,0,1,3,1,1,11,12,1,5,0,760692.7,0
91,235,4,0.2,0.7,0.2,0.5,0.9,0,0.4,0.6,0.3,0.1,0.1,73201.7,1
91,237,15,0.7,0.7,0.7,3,3.2,0.7,2.1,3.2,0.7,0,0,324803.3,1
91,239,18,0.8,0.8,0.9,3.6,3.9,0.8,2.5,3.9,0.8,0,0,389764,1
91,240,2,0.1,0.1,0.1,0.4,0.4,0.1,0.3,0.4,0.1,0,0,43307.1,1
91,242,5,0.2,0.3,0.6,1.2,0.8,0.1,0.8,0.5,0.5,0,0,106322.2,1
91,251,1,0,0.1,0.1,0.2,0.2,0,0.2,0.1,0.1,0,0,21264.4,1
91,254,8,0.3,1.3,0.6,1.4,1.5,0.2,1,0.6,0.7,0.3,0.1,156164.3,1
92,2,6,0.2,0.2,0.3,0.9,1.5,0.1,1.2,0.7,0.5,0.1,0.3,166867,1
92,11,9,0.3,0.3,0.5,1.4,2.2,0.1,1.7,1.1,0.8,0.1,0.5,250300.5,1
92,12,3,0.3,0.1,0.2,0.7,0.5,0.1,0.6,0.2,0,0.2,0.1,65741.5,1
92,25,1,0,0.1,0,0.1,0.3,0,0.2,0.1,0.1,0,0.1,28929,1
92,47,4,0.1,0.1,0.1,0.2,0.5,0.1,0.7,1.7,0.2,0.2,0.1,104665.3,1
92,48,6,0.1,0.2,0.2,0.3,0.8,0.1,1.1,2.6,0.2,0.2,0.2,156998,1
92,49,3,0,0.1,0.1,0.2,0.4,0,0.6,1.3,0.1,0.1,0.1,78499,1
92,53,2,0,0.1,0.2,0.1,0.5,0,0.4,0.6,0,0.1,0,45100.1,1
92,55,4,0,0.2,0.4,0.2,0.9,0,0.8,1.3,0.1,0.1,0,90200.3,1
92,74,3,0.1,0.3,0,0.4,0.6,0.1,0.3,0.3,0.4,0.4,0.1,54826.7,1
92,92,2,0.1,0.2,0.3,0.1,0.6,0,0.3,0.1,0.1,0.1,0.1,43664.1,1
92,100,4,0.1,0.4,0.5,0.3,1.2,0.1,0.7,0.2,0.2,0.2,0.1,87328.1,1
92,109,58,1,5,12,2,22,0,11,1,1,0,3,1130998.6,0
92,110,75,0,4,3,8,14,0,36,6,0,0,4,1593240.4,0
92,111,24,1,0,1,7,4,0,7,2,1,1,0,409623,0
92,112,126,11,7,12,38,17,5,8,9,5,12,2,2374567.5,0
92,113,108,7,5,9,21,12,4,9,20,8,11,2,2152969.4,0
92,114,70,0,4,2,4,14,0,6,20,4,15,1,1484014.5,0
92,115,75,4,5,3,12,12,1,6,19,5,7,1,1496072.4,0
92,117,3,0.1,0.2,0.1,0.5,0.7,0.1,0.5,0.4,0.2,0.1,0.1,63144.5,1
92,119,2,0.1,0.1,0.1,0.3,0.5,0.1,0.3,0.2,0.2,0.1,0,42096.4,1
92,124,6,0.2,0.2,0.2,0.9,0.9,0.4,1.6,0,0.7,0.4,0.5,130301.2,1
92,136,2,0.1,0.3,0.2,0.5,0.3,0,0.4,0,0,0.2,0,36713.5,1
92,142,5,0.2,0.6,0.3,0.9,0.7,0,0.9,0.9,0.4,0.1,0,103259.1,1
92,146,7,0.3,0.8,0.3,1.3,1,0,1.3,1.3,0.5,0.2,0,144562.7,1
92,157,10,0.2,1.8,1.1,0.7,3.1,0.2,0.9,1.4,0.2,0.2,0.2,146761.7,1
92,163,5,0.2,0.3,0.5,0.9,0.9,0.1,0.8,0.3,0.2,0.6,0.2,107560.1,1
92,175,2,0.1,0.2,0.1,0.4,0.4,0,0.3,0.2,0.1,0.2,0,37968.8,1
92,182,5,0.1,0.9,0.5,0.1,1.7,0.1,0.2,0.6,0.3,0.5,0,76465.7,1
92,188,7,0.3,0.5,0.6,1,1,0,1.5,1.5,0.1,0.5,0,123047,1
92,191,1,0,0.1,0.1,0.1,0.2,0,0.2,0.2,0,0.1,0,17578.1,1
92,199,9,0.6,0.6,0,1.6,1.9,0,1.9,1.4,0.4,0.6,0,167357.3,1
92,208,2,0.1,0.2,0.2,0.2,0.4,0.1,0.2,0.2,0.3,0,0.1,35593.5,1
92,209,4,0.2,0.4,0.4,0.5,0.7,0.1,0.4,0.5,0.7,0,0.1,71186.9,1
92,210,2,0.1,0.2,0.2,0.2,0.4,0.1,0.2,0.2,0.3,0,0.1,35593.5,1
92,212,7,0.9,0.8,0.3,1.9,1,0.3,0.7,1,0.1,0,0,125230.2,1
92,214,8,1.1,0.9,0.3,2.2,1.1,0.3,0.8,1.1,0.2,0,0,143120.2,1
92,222,6,0.5,0.4,0.6,0.9,1.7,0.1,0.6,0.4,0.4,0.3,0.1,120292.1,1
92,223,14,1.2,1.1,1.3,2.1,4,0.2,1.3,1.1,0.8,0.6,0.3,280681.6,1
92,224,3,0.3,0.2,0.3,0.4,0.9,0,0.3,0.2,0.2,0.1,0.1,60146.1,1
92,226,13,1.1,1,1.2,1.9,3.8,0.1,1.2,1,0.8,0.6,0.3,260632.9,1
92,227,2,0,0.1,0.1,0.1,0.3,0.1,0.7,0.2,0,0.2,0.2,45881.5,1
92,233,56.5,5,7,3.5,13,10,2,4,4,6,1,1,929319.9,0
92,234,64,3,2,8,10,12,2,12,6,1,4,4,1350734.4,0
92,235,45.5,1,4,2.5,8,10,0,9,3,6,2,0,899171.8,0
92,236,4,0.2,0.4,0.3,0.8,0.5,0,0.5,0.2,0.4,0.5,0.2,82839.4,1
92,237,23,1.3,3,0.8,4.2,5.5,0.7,2.5,2.7,2.3,0,0,498167.1,1
92,238,6,0.4,0.8,0.2,1.1,1.4,0.2,0.6,0.7,0.6,0,0,129956.6,1
92,239,13,0.8,1.7,0.4,2.4,3.1,0.4,1.4,1.5,1.3,0,0,281572.7,1
92,240,17,1,2.2,0.6,3.1,4.1,0.5,1.8,2,1.7,0,0,368210.5,1
92,242,10,1.3,0.4,0,2.7,0.7,0.3,1.3,2.3,0.3,0.7,0,173420.6,1
92,250,2,0.1,0.1,0.1,0.5,0.3,0.1,0.3,0.2,0.2,0.1,0,43085.3,1
93,0,2,0.3,0.1,0.1,0.5,0.2,0,0.1,0.3,0.2,0.1,0.1,48453.7,1
93,3,2,0.1,0.1,0.1,0.3,0.5,0,0.4,0.2,0.2,0,0.1,55622.3,1
93,8,2,0.1,0.1,0.1,0.3,0.5,0,0.4,0.2,0.2,0,0.1,55622.3,1
93,9,3,0.1,0.1,0.1,0.5,0.7,0,0.6,0.4,0.3,0,0.2,83433.5,1
93,14,2,0.2,0.1,0.1,0.5,0.3,0.1,0.4,0.2,0,0.1,0,43827.7,1
93,24,9,0,1.3,0.1,1,2.4,0.2,1.6,0.8,1,0,0.6,260360.7,1
93,25,7,0,1,0.1,0.8,1.8,0.2,1.2,0.6,0.8,0,0.5,202502.7,1
93,30,2,0,0.3,0.1,0.1,0.5,0,0.3,0.4,0.1,0.1,0.1,53150.4,1
93,34,12,0.5,1.9,0.6,2.2,3.4,0.7,1.3,0.4,0.9,0.1,0,271724.6,1
93,40,8,0.4,0.8,0.5,1.7,2.7,0,0.8,0.1,0.6,0,0.4,174119.1,1
93,48,2,0,0,0.1,0.1,0.2,0,0.4,0.9,0.1,0.1,0.1,52332.7,1
93,49,10,0.1,0.3,0.3,0.6,1.3,0.1,1.8,4.4,0.4,0.4,0.3,261663.3,1
93,50,1,0,0,0,0.1,0.1,0,0.2,0.4,0.1,0.1,0,26166.3,1
93,52,6,0,0.3,0.6,0.3,1.4,0,1.2,1.8,0.2,0.2,0,135300.4,1
93,53,5,0,0.3,0.5,0.3,1.2,0,1,1.5,0.1,0.1,0,112750.3,1
93,59,2,0.1,0.1,0,0.1,0.5,0,0.2,0.7,0.2,0.1,0,48579.2,1
93,92,8,0.2,0.8,1.1,0.6,2.4,0.1,1.3,0.4,0.4,0.4,0.3,174656.2,1
93,93,6,0.2,0.6,0.8,0.4,1.8,0.1,1,0.3,0.3,0.3,0.2,130992.2,1
93,94,1,0,0.1,0.1,0.1,0.3,0,0.2,0.1,0,0.1,0,21832,1
93,107,5,0.3,0.4,0.2,0.9,1.1,0.2,0.6,0.5,0.5,0.3,0,107336.9,1
93,109,36,3,4,1,8,9,1,5,1,4,0,0,733238,0
93,110,30,1.8,2.1,1.5,5.4,6.6,0.9,3.6,3,3,1.8,0.3,644021.6,1
93,111,7,0.4,0.5,0.4,1.3,1.5,0.2,0.8,0.7,0.7,0.4,0.1,150271.7,1
93,112,152,11,6,12,40,16,7,24,12,9,14,1,2907113.1,0
93,113,74,2,9,4,4,18,0,12,13,2,8,2,1421358.1,0
93,114,56,2,3,2,17,4,2,12,7,6,1,0,987616.1,0
93,115,1,0.1,0.1,0,0.2,0.2,0,0,0.1,0.2,0.1,0,18608.1,1
93,125,7,0.2,0.2,0.2,1.1,1.1,0.4,1.9,0,0.9,0.4,0.6,152018,1
93,127,9,1,0.6,1.1,1.7,1.5,0.2,0.9,1,0.9,0.1,0,151667.2,1
93,130,5,0.5,0.3,0.6,1,0.8,0.1,0.5,0.6,0.5,0.1,0,84259.6,1
93,131,4,0.4,0.3,0.5,0.8,0.7,0.1,0.4,0.4,0.4,0,0,67407.6,1
93,132,1,0,0.2,0.1,0.2,0.2,0,0.2,0,0,0.1,0,18356.7,1
93,136,2,0.1,0.3,0.2,0.5,0.3,0,0.4,0,0,0.2,0,36713.5,1
93,142,1,0,0.1,0.1,0.2,0.1,0,0.2,0.2,0.1,0,0,20651.8,1
93,163,1,0,0.1,0.1,0.2,0.2,0,0.2,0.1,0,0.1,0,21512,1
93,165,4,0.2,0.3,0.4,0.7,0.8,0.1,0.6,0.2,0.1,0.5,0.1,86048.1,1
93,175,1,0,0.1,0,0.2,0.2,0,0.2,0.1,0.1,0.1,0,18984.4,1
93,183,8,0.1,1.5,0.8,0.1,2.7,0.1,0.3,1.1,0.5,0.8,0,122345.1,1
93,186,5,0.1,0.9,0.5,0.1,1.7,0.1,0.2,0.6,0.3,0.5,0,76465.7,1
93,196,2,0.2,0.1,0.1,0.3,0.5,0.1,0.1,0.1,0.3,0.1,0.1,37911.2,1
93,197,2,0.1,0.1,0,0.4,0.4,0,0.4,0.3,0.1,0.2,0,37190.5,1
93,206,2,0.1,0.1,0.1,0.2,0.2,0,0.4,0.6,0.1,0.2,0,44056.1,1
93,210,3,0.1,0.3,0.3,0.3,0.6,0.1,0.3,0.4,0.5,0,0.1,53390.2,1
93,212,7,0.9,0.8,0.3,1.9,1,0.3,0.7,1,0.1,0,0,125230.2,1
93,213,4,0.5,0.5,0.2,1.1,0.5,0.2,0.4,0.5,0.1,0,0,71560.1,1
93,214,2,0.3,0.2,0.1,0.5,0.3,0.1,0.2,0.3,0,0,0,35780,1
93,222,8,0.7,0.6,0.7,1.2,2.3,0.1,0.8,0.6,0.5,0.3,0.2,160389.5,1
93,223,12.5,1.1,0.9,1.2,1.9,3.6,0.1,1.2,1,0.7,0.5,0.3,250608.6,1
93,224,5,0.4,0.4,0.5,0.7,1.4,0.1,0.5,0.4,0.3,0.2,0.1,100243.4,1
93,226,10,0.9,0.7,1,1.5,2.9,0.1,1,0.7,0.6,0.4,0.2,200486.9,1
93,227,3,0,0.2,0.2,0.2,0.5,0.1,1.1,0.2,0,0.2,0.3,68822.2,1
93,234,7,0.4,0.6,0.5,1.5,0.9,0,0.9,0.4,0.7,0.8,0.3,144969,1
93,235,5,0.3,0.4,0.4,1,0.6,0,0.7,0.3,0.5,0.6,0.2,103549.3,1
93,236,2,0.1,0.2,0.1,0.4,0.3,0,0.3,0.1,0.2,0.2,0.1,41419.7,1
93,237,12,0.7,1.6,0.4,2.2,2.8,0.4,1.3,1.4,1.2,0,0,259913.3,1
93,239,8,0.5,1,0.3,1.4,1.9,0.3,0.9,0.9,0.8,0,0,173275.5,1
93,240,19,1.1,2.5,0.6,3.5,4.6,0.6,2,2.2,1.9,0,0,411529.3,1
93,241,5,0.3,0.6,0.2,0.9,1.2,0.2,0.5,0.6,0.5,0,0,108297.2,1
93,246,2,0.2,0.1,0,0.5,0.1,0.1,0.3,0.5,0.1,0.1,0,34684.1,1
93,250,6,0.2,0.3,0.2,1.7,0.9,0.3,1,0.5,0.6,0.3,0,129255.8,1
94,1,4,0.5,0.2,0.1,1,0.5,0.1,0.3,0.5,0.5,0.1,0.2,96907.5,1
94,2,7,0.2,0.2,0.4,1.1,1.7,0.1,1.3,0.9,0.6,0.1,0.4,194678.1,1
94,3,8,0.3,0.3,0.4,1.3,1.9,0.1,1.5,1,0.7,0.1,0.4,222489.3,1
94,14,6,0.6,0.2,0.4,1.4,0.9,0.2,1.2,0.5,0.1,0.4,0.1,131483,1
94,25,4,0,0.6,0.1,0.4,1.1,0.1,0.7,0.3,0.4,0,0.3,115715.9,1
94,26,5,0,0.7,0.1,0.6,1.3,0.1,0.9,0.4,0.6,0,0.3,144644.8,1
94,29,4,0,0.6,0.1,0.2,1.1,0.1,0.6,0.8,0.1,0.2,0.2,106300.8,1
94,30,47,3,3,1,13,8,1,2,7,5,3,1,973779.5,0
94,31,2,0,0.3,0.1,0.1,0.5,0,0.3,0.4,0.1,0.1,0.1,53150.4,1
94,34,3,0.1,0.5,0.2,0.5,0.9,0.2,0.3,0.1,0.2,0,0,67931.1,1
94,49,3,0,0.1,0.1,0.2,0.4,0,0.6,1.3,0.1,0.1,0.1,78499,1
94,50,5,0.1,0.1,0.1,0.3,0.6,0.1,0.9,2.2,0.2,0.2,0.2,130831.7,1
94,51,5,0.1,0.1,0.1,0.3,0.6,0.1,0.9,2.2,0.2,0.2,0.2,130831.7,1
94,53,4,0,0.2,0.4,0.2,0.9,0,0.8,1.3,0.1,0.1,0,90200.3,1
94,67,2,0.1,0.2,0.1,0.3,0.4,0,0.2,0.5,0,0.2,0,39108.4,1
94,68,6,0.3,0.5,0.2,1,1.1,0,0.5,1.5,0.2,0.7,0,117325.1,1
94,76,7,0.2,0.6,0.1,1,1.3,0.4,0.6,0.6,0.9,0.9,0.4,127928.9,1
94,102,2,0.1,0.1,0.1,0.4,0.5,0.1,0.2,0.2,0.2,0.1,0,42934.8,1
94,106,2,0.1,0.1,0.1,0.4,0.5,0.1,0.2,0.2,0.2,0.1,0,42934.8,1
94,107,3,0.2,0.2,0.1,0.5,0.7,0.1,0.4,0.3,0.3,0.2,0,64402.2,1
94,110,1,0.1,0.1,0,0.2,0.2,0,0.1,0.1,0.1,0.1,0,21467.4,1
94,111,4,0.2,0.3,0.2,0.7,0.9,0.1,0.5,0.4,0.4,0.2,0.1,85869.5,1
94,112,40.5,2,5,2,13,8,2,2,3,2.5,0,1,821448.9,0
94,113,80,6,3,3,18,14,5,11,4,2,12,2,1692807.6,0
94,114,5,0.4,0.6,0.1,1.1,1.1,0.1,0.1,0.4,0.9,0.2,0,93040.5,1
94,115,7,0.6,0.8,0.2,1.5,1.5,0.2,0.2,0.6,1.2,0.2,0,130256.8,1
94,125,6,0.2,0.2,0.2,0.9,0.9,0.4,1.6,0,0.7,0.4,0.5,130301.2,1
94,127,4,0.4,0.3,0.5,0.8,0.7,0.1,0.4,0.4,0.4,0,0,67407.6,1
94,145,2,0.1,0.2,0.1,0.4,0.3,0,0.4,0.4,0.1,0,0,41303.6,1
94,153,5,0.1,0.9,0.6,0.3,1.6,0.1,0.4,0.7,0.1,0.1,0.1,73380.8,1
94,154,7,0.1,1.2,0.8,0.5,2.2,0.1,0.6,0.9,0.2,0.2,0.2,102733.2,1
94,162,3,0.1,0.2,0.3,0.5,0.6,0,0.5,0.2,0.1,0.4,0.1,64536.1,1
94,165,2,0.1,0.1,0.2,0.4,0.4,0,0.3,0.1,0.1,0.2,0.1,43024,1
94,166,4,0.2,0.3,0.4,0.7,0.8,0.1,0.6,0.2,0.1,0.5,0.1,86048.1,1
94,167,6,0.3,0.4,0.6,1.1,1.2,0.1,0.9,0.3,0.2,0.7,0.2,129072.1,1
94,183,2,0,0.4,0.2,0,0.7,0,0.1,0.3,0.1,0.2,0,30586.3,1
94,184,11,0.2,2.1,1,0.2,3.7,0.2,0.4,1.5,0.6,1.1,0,168224.5,1
94,190,8,0.3,0.6,0.7,1.2,1.2,0,1.7,1.7,0.1,0.5,0,140625.1,1
94,194,1,0.1,0,0,0.2,0.3,0,0,0.1,0.2,0,0.1,18955.6,1
94,199,2,0.1,0.1,0,0.4,0.4,0,0.4,0.3,0.1,0.2,0,37190.5,1
94,208,8,0.4,0.8,0.8,1,1.5,0.2,0.8,1,1.3,0,0.2,142373.9,1
94,209,12,0.6,1.2,1.2,1.4,2.3,0.3,1.2,1.5,2,0,0.3,213560.8,1
94,211,10,0.5,1,1,1.2,2,0.2,1,1.2,1.7,0,0.2,177967.4,1
94,213,6,0.8,0.7,0.3,1.7,0.8,0.2,0.6,0.8,0.1,0,0,107340.1,1
94,214,3,0.4,0.4,0.1,0.8,0.4,0.1,0.3,0.4,0.1,0,0,53670.1,1
94,225,3,0.3,0.2,0.3,0.4,0.9,0,0.3,0.2,0.2,0.1,0.1,60146.1,1
94,233,14,0.8,1.2,1.1,2.9,1.8,0,1.8,0.8,1.5,1.6,0.5,289938,1
94,235,3,0.2,0.3,0.2,0.6,0.4,0,0.4,0.2,0.3,0.3,0.1,62129.6,1
94,236,1,0.1,0.1,0.1,0.2,0.1,0,0.1,0.1,0.1,0.1,0,20709.9,1
94,238,6,0.4,0.8,0.2,1.1,1.4,0.2,0.6,0.7,0.6,0,0,129956.6,1
94,243,9,1.2,0.3,0,2.4,0.6,0.3,1.2,2.1,0.3,0.6,0,156078.6,1
94,244,2,0.2,0.1,0,0.5,0.1,0.1,0.3,0.5,0.1,0.1,0,34684.1,1
94,250,3,0.1,0.2,0.1,0.8,0.4,0.2,0.5,0.2,0.3,0.2,0,64627.9,1
95,14,3,0.3,0.1,0.2,0.7,0.5,0.1,0.6,0.2,0,0.2,0.1,65741.5,1
95,18,2,0.2,0.1,0.1,0.5,0.3,0.1,0.4,0.2,0,0.1,0,43827.7,1
95,24,7,0,1,0.1,0.8,1.8,0.2,1.2,0.6,0.8,0,0.5,202502.7,1
95,25,20,0,2.8,0.3,2.2,5.3,0.5,3.6,1.7,2.2,0,1.4,578579.3,1
95,28,9,0,1.4,0.3,0.5,2.4,0.2,1.4,1.9,0.3,0.3,0.3,239176.8,1
95,29,27,0,4.1,1,1.5,7.2,0.5,4.1,5.6,1,1,1,717530.5,1
95,30,71,4,11,2,15,22,2,7,3,4,0,1,1608370.1,0
95,31,95,8,8,8,19,24,2,12,4,7,1,2,1984355.6,0
95,32,7,0.3,1.1,0.3,1.3,2,0.4,0.8,0.2,0.5,0.1,0,158506,1
95,47,4,0.1,0.1,0.1,0.2,0.5,0.1,0.7,1.7,0.2,0.2,0.1,104665.3,1
95,48,2,0,0,0.1,0.1,0.2,0,0.4,0.9,0.1,0.1,0.1,52332.7,1
95,50,8,0.1,0.2,0.2,0.5,1,0.1,1.5,3.5,0.3,0.4,0.2,209330.6,1
95,51,3,0,0.1,0.1,0.2,0.4,0,0.6,1.3,0.1,0.1,0.1,78499,1
95,54,2,0,0.1,0.2,0.1,0.5,0,0.4,0.6,0,0.1,0,45100.1,1
95,55,6,0,0.3,0.6,0.3,1.4,0,1.2,1.8,0.2,0.2,0,135300.4,1
95,84,14,0.4,1.6,0.8,1.6,5.2,0.4,0.8,0.8,0,1.2,1.2,279392.4,1
95,85,6,0.2,0.7,0.3,0.7,2.2,0.2,0.3,0.4,0,0.5,0.5,119739.6,1
95,97,4,0.1,0.4,0.5,0.3,1.2,0.1,0.7,0.2,0.2,0.2,0.1,87328.1,1
95,101,8,0.2,0.8,1.1,0.6,2.4,0.1,1.3,0.4,0.4,0.4,0.3,174656.2,1
95,109,2,0.1,0.1,0.1,0.4,0.5,0.1,0.2,0.2,0.2,0.1,0,42934.8,1
95,111,4,0.2,0.3,0.2,0.7,0.9,0.1,0.5,0.4,0.4,0.2,0.1,85869.5,1
95,112,53,6,2,1,18,3,2,1,8,10,2,0,1035295.5,0
95,113,60,1,4,4,8,16,0,6,11,6,2,2,1357767.4,0
95,114,53,6,5,3,10,16,1,2,3,3,1,3,1246318.3,0
95,115,7,0.6,0.8,0.2,1.5,1.5,0.2,0.2,0.6,1.2,0.2,0,130256.8,1
95,118,2,0.1,0.1,0.1,0.3,0.5,0.1,0.3,0.2,0.2,0.1,0,42096.4,1
95,121,2,0.1,0.1,0.1,0.3,0.5,0.1,0.3,0.2,0.2,0.1,0,42096.4,1
95,122,4,0.1,0.1,0.1,0.6,0.6,0.2,1.1,0,0.5,0.3,0.4,86867.5,1
95,124,8,0.2,0.2,0.3,1.2,1.2,0.5,2.2,0,1,0.5,0.7,173734.9,1
95,135,3,0.1,0.4,0.3,0.7,0.5,0,0.6,0.1,0.1,0.2,0,55070.2,1
95,136,3,0.1,0.4,0.3,0.7,0.5,0,0.6,0.1,0.1,0.2,0,55070.2,1
95,137,5,0.2,0.7,0.4,1.2,0.8,0.1,1,0.1,0.1,0.4,0,91783.7,1
95,145,4,0.2,0.5,0.2,0.7,0.6,0,0.7,0.7,0.3,0.1,0,82607.3,1
95,162,2,0.1,0.1,0.2,0.4,0.4,0,0.3,0.1,0.1,0.2,0.1,43024,1
95,178,1,0,0.1,0,0.2,0.2,0,0.2,0.1,0.1,0.1,0,18984.4,1
95,182,5,0.1,0.9,0.5,0.1,1.7,0.1,0.2,0.6,0.3,0.5,0,76465.7,1
95,183,6,0.1,1.1,0.6,0.1,2,0.1,0.2,0.8,0.4,0.6,0,91758.8,1
95,185,5,0.1,0.9,0.5,0.1,1.7,0.1,0.2,0.6,0.3,0.5,0,76465.7,1
95,191,7,0.3,0.5,0.6,1,1,0,1.5,1.5,0.1,0.5,0,123047,1
95,194,17,1.6,0.8,0.8,2.9,4.5,0.4,0.8,1.2,2.8,0.4,0.8,322245.2,1
95,197,4,0.3,0.3,0,0.7,0.8,0,0.8,0.6,0.2,0.3,0,74381,1
95,198,8,0.5,0.5,0,1.5,1.6,0,1.6,1.3,0.4,0.6,0,148762,1
95,199,8,0.5,0.5,0,1.5,1.6,0,1.6,1.3,0.4,0.6,0,148762,1
95,200,2,0.1,0.1,0,0.4,0.4,0,0.4,0.3,0.1,0.2,0,37190.5,1
95,203,1,0,0,0.1,0.1,0.1,0,0.2,0.3,0.1,0.1,0,22028.1,1
95,213,9,1.2,1.1,0.4,2.5,1.2,0.3,0.9,1.2,0.2,0,0,161010.2,1
95,225,5,0.4,0.4,0.5,0.7,1.4,0.1,0.5,0.4,0.3,0.2,0.1,100243.4,1
95,235,5,0.3,0.4,0.4,1,0.6,0,0.7,0.3,0.5,0.6,0.2,103549.3,1
95,236,4,0.2,0.4,0.3,0.8,0.5,0,0.5,0.2,0.4,0.5,0.2,82839.4,1
95,237,12,0.7,1.6,0.4,2.2,2.8,0.4,1.3,1.4,1.2,0,0,259913.3,1
95,243,3,0.4,0.1,0,0.8,0.2,0.1,0.4,0.7,0.1,0.2,0,52026.2,1
95,249,9,0.4,0.5,0.3,2.5,1.3,0.4,1.5,0.7,1,0.4,0,193883.6,1
96,0,3,0.4,0.1,0.1,0.8,0.3,0.1,0.2,0.4,0.3,0.1,0.2,72680.6,1
96,6,2,0.1,0.1,0.1,0.3,0.5,0,0.4,0.2,0.2,0,0.1,55622.3,1
96,18,4,0.4,0.2,0.2,0.9,0.6,0.2,0.8,0.3,0.1,0.2,0.1,87655.3,1
96,22,2,0,0.3,0,0.2,0.5,0.1,0.4,0.2,0.2,0,0.1,57857.9,1
96,23,4,0,0.6,0.1,0.4,1.1,0.1,0.7,0.3,0.4,0,0.3,115715.9,1
96,24,4,0,0.6,0.1,0.4,1.1,0.1,0.7,0.3,0.4,0,0.3,115715.9,1
96,25,2,0,0.3,0,0.2,0.5,0.1,0.4,0.2,0.2,0,0.1,57857.9,1
96,26,7,0,1,0.1,0.8,1.8,0.2,1.2,0.6,0.8,0,0.5,202502.7,1
96,27,3,0,0.4,0.1,0.2,0.8,0.1,0.5,0.6,0.1,0.1,0.1,79725.6,1
96,28,6,0,0.9,0.2,0.4,1.6,0.1,0.9,1.3,0.2,0.2,0.2,159451.2,1
96,31,115,6.5,7,9,23,23,4,23,3,11.5,1,4,2428702.7,0
96,32,78,3.1,12.5,3.9,14,21.9,4.7,8.6,2.3,6.2,0.8,0,1766209.6,1
96,47,7,0.1,0.2,0.2,0.4,0.9,0.1,1.3,3,0.3,0.3,0.2,183164.3,1
96,48,2,0,0,0.1,0.1,0.2,0,0.4,0.9,0.1,0.1,0.1,52332.7,1
96,49,4,0.1,0.1,0.1,0.2,0.5,0.1,0.7,1.7,0.2,0.2,0.1,104665.3,1
96,51,2,0,0,0.1,0.1,0.2,0,0.4,0.9,0.1,0.1,0.1,52332.7,1
96,54,10,0,0.5,1,0.5,2.3,0,2,3.1,0.3,0.3,0,225500.7,1
96,59,3,0.1,0.2,0,0.2,0.7,0,0.4,1,0.3,0.1,0,72868.8,1
96,64,6,0.3,0.5,0.2,1,1.1,0,0.5,1.5,0.2,0.7,0,117325.1,1
96,74,5,0.2,0.4,0.1,0.7,1,0.3,0.4,0.4,0.6,0.6,0.3,91377.8,1
96,77,7,0.2,0.6,0.1,1,1.3,0.4,0.6,0.6,0.9,0.9,0.4,127928.9,1
96,78,2,0.1,0.2,0,0.3,0.4,0.1,0.2,0.2,0.2,0.2,0.1,36551.1,1
96,80,4,0.1,0.3,0.1,0.6,0.8,0.2,0.3,0.4,0.5,0.5,0.2,73102.2,1
96,81,7,0.2,0.6,0.1,1,1.3,0.4,0.6,0.6,0.9,0.9,0.4,127928.9,1
96,90,5,0.1,0.6,0.3,0.6,1.9,0.1,0.3,0.3,0,0.4,0.4,99783,1
96,97,2.5,0.1,0.3,0.3,0.2,0.8,0,0.4,0.1,0.1,0.1,0.1,54580.1,1
96,101,8,0.2,0.8,1.1,0.6,2.4,0.1,1.3,0.4,0.4,0.4,0.3,174656.2,1
96,102,8,0.5,0.6,0.4,1.4,1.8,0.2,0.9,0.8,0.8,0.5,0.1,171739.1,1
96,111,27,1.6,1.9,1.4,4.9,5.9,0.8,3.2,2.7,2.7,1.6,0.3,579619.4,1
96,112,125,20,9,4,42,13,9,0,8,12,6,2,2536683.1,0
96,113,68,2,13,3,8,15,2,6,11,5,1,2,1251837.7,0
96,114,92,15,6,4,42,5,4,4,3,9,0,0,1866245,0
96,115,16.5,1.4,1.8,0.4,3.6,3.6,0.4,0.5,1.4,2.9,0.5,0,307033.8,1
96,122,2,0.1,0.1,0.1,0.3,0.3,0.1,0.5,0,0.2,0.1,0.2,43433.7,1
96,130,6,0.6,0.4,0.7,1.1,1,0.2,0.6,0.7,0.6,0.1,0,101111.5,1
96,133,1,0,0.2,0.1,0.2,0.2,0,0.2,0,0,0.1,0,18356.7,1
96,134,2,0.1,0.3,0.2,0.5,0.3,0,0.4,0,0,0.2,0,36713.5,1
96,150,8,0.4,0.9,0.4,1.5,1.1,0,1.5,1.5,0.5,0.2,0,165214.5,1
96,151,4,0.2,0.5,0.2,0.7,0.6,0,0.7,0.7,0.3,0.1,0,82607.3,1
96,157,1,0,0.2,0.1,0.1,0.3,0,0.1,0.2,0,0,0,14676.2,1
96,158,7,0.1,1.2,0.8,0.5,2.2,0.1,0.6,0.9,0.2,0.2,0.2,102733.2,1
96,175,3,0.1,0.3,0.1,0.6,0.6,0,0.5,0.3,0.2,0.3,0,56953.1,1
96,184,4,0.1,0.7,0.4,0.1,1.4,0.1,0.1,0.5,0.2,0.4,0,61172.5,1
96,185,2,0,0.4,0.2,0,0.7,0,0.1,0.3,0.1,0.2,0,30586.3,1
96,194,5,0.5,0.2,0.2,0.8,1.3,0.1,0.3,0.4,0.8,0.1,0.3,94778,1
96,198,3,0.2,0.2,0,0.6,0.6,0,0.6,0.5,0.1,0.2,0,55785.8,1
96,201,6,0.4,0.4,0,1.1,1.2,0,1.2,1,0.3,0.4,0,111571.5,1
96,202,2,0.1,0.1,0.1,0.2,0.2,0,0.4,0.6,0.1,0.2,0,44056.1,1
96,213,5,0.7,0.6,0.2,1.3,0.7,0.2,0.5,0.7,0.1,0,0,89450.1,1
96,223,6,0.5,0.4,0.6,0.9,1.7,0.1,0.6,0.4,0.4,0.3,0.1,120292.1,1
96,225,8,0.7,0.6,0.7,1.2,2.3,0.1,0.8,0.6,0.5,0.3,0.2,160389.5,1
96,234,8,0.4,0.7,0.6,1.7,1.1,0,1.1,0.4,0.8,0.9,0.3,165678.9,1
96,243,4,0.5,0.1,0,1.1,0.3,0.1,0.5,1,0.1,0.3,0,69368.3,1
96,249,5,0.2,0.3,0.2,1.4,0.7,0.2,0.8,0.4,0.5,0.3,0,107713.1,1
96,250,6,0.2,0.3,0.2,1.7,0.9,0.3,1,0.5,0.6,0.3,0,129255.8,1
96,253,9,0.3,0.8,0.2,2,1.4,0.2,1.5,0.9,1,0.2,0.5,234402.6,1
97,0,2,0.3,0.1,0.1,0.5,0.2,0,0.1,0.3,0.2,0.1,0.1,48453.7,1
97,1,14,2,0.7,0.2,3.7,1.6,0.2,0.9,1.9,1.6,0.5,0.7,339176.2,1
97,3,4,0.1,0.1,0.2,0.6,1,0.1,0.8,0.5,0.3,0.1,0.2,111244.6,1
97,6,6,0.2,0.2,0.3,0.9,1.5,0.1,1.2,0.7,0.5,0.1,0.3,166867,1
97,7,4,0.1,0.1,0.2,0.6,1,0.1,0.8,0.5,0.3,0.1,0.2,111244.6,1
97,27,2,0,0.1,0,0.3,0.4,0,0.2,0.5,0.2,0.1,0.2,46271.5,1
97,31,34,1,5,0,5,10,0,7,2,4,0,0,753515.4,0
97,32,38,1.8,4,2.1,8,12.9,0,3.7,0.6,3.1,0,1.8,827065.6,1
97,44,3,0.1,0.4,0,0.4,0.4,0,0.7,0.6,0,0.2,0.2,65095.6,1
97,45,2,0.1,0.2,0,0.2,0.3,0,0.5,0.4,0,0.1,0.2,43397,1
97,52,6,0.2,0.5,0,0.4,1.4,0,0.7,2,0.6,0.2,0,145737.7,1
97,55,8,0.3,0.6,0,0.5,1.9,0,0.9,2.7,0.8,0.3,0,194316.9,1
97,64,1,0.1,0.1,0,0.2,0.2,0,0.1,0.2,0,0.1,0,19554.2,1
97,66,1,0.1,0.1,0,0.2,0.2,0,0.1,0.2,0,0.1,0,19554.2,1
97,67,4,0.2,0.3,0.1,0.7,0.8,0,0.3,1,0.1,0.5,0,78216.7,1
97,96,2,0.1,0.2,0.3,0.1,0.6,0,0.3,0.1,0.1,0.1,0.1,43664.1,1
97,107,1,0.1,0.1,0,0.2,0.2,0,0.1,0.1,0.1,0.1,0,21467.4,1
97,112,58,2,9,2,13,11,1.5,0,5,13.5,0,1,1157793.6,0
97,113,39.5,2,5.5,0,7,6,2,4,6,7,0,0,785802.2,0
97,114,21,0.7,1.4,0.9,3.5,4.8,0.7,3.7,2.5,1.6,0.7,0.5,442011.8,1
97,118,1,0,0.1,0.1,0.2,0.2,0,0.2,0.1,0.1,0,0,21048.2,1
97,122,7,0.8,0.5,0.8,1.3,1.1,0.2,0.7,0.8,0.7,0.1,0,117963.4,1
97,125,1,0.1,0.1,0.1,0.2,0.2,0,0.1,0.1,0.1,0,0,16851.9,1
97,126,3,0.3,0.2,0.4,0.6,0.5,0.1,0.3,0.3,0.3,0,0,50555.7,1
97,129,3,0.3,0.2,0.4,0.6,0.5,0.1,0.3,0.3,0.3,0,0,50555.7,1
97,137,5,0.2,0.7,0.4,1.2,0.8,0.1,1,0.1,0.1,0.4,0,91783.7,1
97,155,2,0,0.4,0.2,0.1,0.6,0,0.2,0.3,0,0.1,0.1,29352.3,1
97,160,5,0.1,0.9,0.6,0.3,1.6,0.1,0.4,0.7,0.1,0.1,0.1,73380.8,1
97,164,3,0.1,0.2,0.3,0.5,0.6,0,0.5,0.2,0.1,0.4,0.1,64536.1,1
97,169,5,0.2,0.3,0.5,0.9,0.9,0.1,0.8,0.3,0.2,0.6,0.2,107560.1,1
97,175,1,0,0.1,0,0.2,0.2,0,0.2,0.1,0.1,0.1,0,18984.4,1
97,176,2,0.1,0.2,0.1,0.4,0.4,0,0.3,0.2,0.1,0.2,0,37968.8,1
97,183,2,0.1,0.2,0.2,0.3,0.3,0,0.4,0.4,0,0.1,0,35156.3,1
97,190,3,0.1,0.2,0.3,0.5,0.5,0,0.6,0.6,0,0.2,0,52734.4,1
97,194,1,0.1,0,0,0.2,0.3,0,0,0.1,0.2,0,0.1,18955.6,1
97,198,3,0,0.3,0.3,0.2,0.5,0.1,0.6,0.3,0.3,0.3,0.1,74523.5,1
97,199,5,0,0.4,0.6,0.3,0.9,0.1,1,0.6,0.4,0.6,0.1,124205.8,1
97,206,3,0.1,0.2,0.3,0.2,1,0.1,0.3,0.6,0,0.1,0.1,53109.1,1
97,209,4,0.3,0.1,0.3,0.4,0.3,0,0.7,1.3,0.3,0.3,0,88112.2,1
97,212,9,0.2,0.8,0.2,1.7,2,0.4,0.6,1.3,1.1,0.7,0,194010.7,1
97,213,7,0.2,0.6,0.2,1.4,1.5,0.3,0.5,1,0.8,0.5,0,150897.2,1
97,214,1.5,0,0.1,0.1,0.3,0.3,0.1,0.1,0.2,0.2,0.1,0,32335.1,1
97,215,5,0.1,0.4,0.1,1,1.1,0.2,0.4,0.7,0.6,0.4,0,107783.7,1
97,238,8,0.6,1,0.1,1.3,2.1,0.3,0.7,1,0.7,0.1,0.1,202428.1,1
97,239,4,0.3,0.5,0.1,0.6,1.1,0.1,0.3,0.5,0.3,0.1,0.1,101214,1
97,248,3,0.1,0.2,0.1,0.8,0.4,0.2,0.5,0.2,0.3,0.2,0,64627.9,1
97,250,4,0.2,0.2,0.1,1.1,0.6,0.2,0.7,0.3,0.4,0.2,0,86170.5,1
98,1,5,0.7,0.2,0.1,1.3,0.6,0.1,0.3,0.7,0.6,0.2,0.2,121134.4,1
98,3,2,0.1,0.1,0.1,0.3,0.5,0,0.4,0.2,0.2,0,0.1,55622.3,1
98,14,2,0.2,0.1,0.1,0.5,0.3,0.1,0.4,0.2,0,0.1,0,43827.7,1
98,25,6,0.5,0.2,0.3,0.8,1.1,0.1,0.9,1.7,0,0.2,0.2,127790.6,1
98,26,53,1,2,1,10,2,2,15,18,1,0,1,1191044.7,0
98,27,47,2,0,5,3,4,0,20,11,2,0,0,1169105.2,0
98,28,41,1,2,3,5,6,1,2,17,0,3,1,1091141.9,0
98,33,9,0.4,0.9,0.5,1.9,3.1,0,0.9,0.2,0.7,0,0.4,195884,1
98,39,3,0.1,0.3,0.2,0.6,1,0,0.3,0.1,0.2,0,0.2,65294.7,1
98,46,4,0.2,0.5,0,0.5,0.6,0,0.9,0.8,0,0.2,0.3,86794.1,1
98,53,4,0.2,0.3,0,0.2,0.9,0,0.5,1.3,0.4,0.2,0,97158.5,1
98,58,2,0.1,0.1,0,0.1,0.5,0,0.2,0.7,0.2,0.1,0,48579.2,1
98,59,8,0.3,0.6,0,0.5,1.9,0,0.9,2.7,0.8,0.3,0,194316.9,1
98,88,2,0.1,0.2,0.1,0.2,0.7,0.1,0.1,0.1,0,0.2,0.2,39913.2,1
98,97,11,0.3,1.1,1.5,0.8,3.4,0.2,1.9,0.5,0.5,0.5,0.3,240152.3,1
98,112,9,0.3,0.6,0.4,1.5,2,0.3,1.6,1.1,0.7,0.3,0.2,189433.6,1
98,113,3,0.1,0.2,0.1,0.5,0.7,0.1,0.5,0.4,0.2,0.1,0.1,63144.5,1
98,114,18,0.6,1.2,0.8,3,4.1,0.6,3.1,2.2,1.4,0.6,0.4,378867.2,1
98,115,2,0.1,0.1,0.1,0.3,0.5,0.1,0.3,0.2,0.2,0.1,0,42096.4,1
98,117,1,0,0.1,0.1,0.2,0.2,0,0.2,0.1,0.1,0,0,21048.2,1
98,132,3,0.1,0.4,0.3,0.7,0.5,0,0.6,0.1,0.1,0.2,0,55070.2,1
98,138,6,0.2,0.9,0.6,1.4,1,0.1,1.2,0.1,0.1,0.4,0,110140.5,1
98,148,4,0.2,0.5,0.2,0.7,0.6,0,0.7,0.7,0.3,0.1,0,82607.3,1
98,154,1,0,0.2,0.1,0.1,0.3,0,0.1,0.2,0,0,0,14676.2,1
98,160,3,0.1,0.5,0.3,0.2,0.9,0.1,0.2,0.4,0.1,0.1,0.1,44028.5,1
98,165,2,0.1,0.1,0.2,0.4,0.4,0,0.3,0.1,0.1,0.2,0.1,43024,1
98,169,4,0.2,0.3,0.4,0.7,0.8,0.1,0.6,0.2,0.1,0.5,0.1,86048.1,1
98,175,13,0.5,1.1,0.6,2.5,2.5,0,2.2,1.1,1.1,1.4,0,246796.9,1
98,187,5,0.2,0.4,0.4,0.7,0.7,0,1.1,1.1,0.1,0.3,0,87890.7,1
98,188,4,0.2,0.3,0.3,0.6,0.6,0,0.8,0.9,0,0.3,0,70312.6,1
98,191,1,0,0.1,0.1,0.1,0.2,0,0.2,0.2,0,0.1,0,17578.1,1
98,195,4,0.4,0.2,0.2,0.7,1,0.1,0.2,0.3,0.6,0.1,0.2,75822.4,1
98,199,5,0,0.4,0.6,0.3,0.9,0.1,1,0.6,0.4,0.6,0.1,124205.8,1
98,201,4,0,0.3,0.5,0.2,0.7,0.1,0.8,0.5,0.3,0.5,0.1,99364.7,1
98,205,4,0.1,0.3,0.4,0.3,1.3,0.1,0.4,0.8,0,0.1,0.2,70812.1,1
98,206,4,0.1,0.3,0.4,0.3,1.3,0.1,0.4,0.8,0,0.1,0.2,70812.1,1
98,207,3,0.2,0.1,0.2,0.3,0.2,0,0.6,1,0.2,0.2,0,66084.2,1
98,212,7,0.2,0.6,0.2,1.4,1.5,0.3,0.5,1,0.8,0.5,0,150897.2,1
98,213,2,0.1,0.2,0.1,0.4,0.4,0.1,0.1,0.3,0.2,0.1,0,43113.5,1
98,223,4,0,0.3,0.3,0.3,0.6,0.2,1.4,0.3,0,0.3,0.3,91762.9,1
98,225,1,0,0.1,0.1,0.1,0.1,0,0.3,0.1,0,0.1,0.1,22940.7,1
98,233,1,0.1,0.1,0,0.2,0.3,0,0.1,0.1,0.1,0,0,25303.5,1
98,237,5,0.4,0.6,0.1,0.8,1.3,0.2,0.4,0.6,0.4,0.1,0.1,126517.5,1
98,238,8,0.6,1,0.1,1.3,2.1,0.3,0.7,1,0.7,0.1,0.1,202428.1,1
98,239,14,1,1.7,0.2,2.2,3.7,0.5,1.2,1.7,1.2,0.3,0.3,354249.1,1
98,241,4,0.3,0.5,0.1,0.6,1.1,0.1,0.3,0.5,0.3,0.1,0.1,101214,1
99,8,3,0.1,0.1,0.1,0.5,0.7,0,0.6,0.4,0.3,0,0.2,83433.5,1
99,12,4,0.4,0.2,0.2,0.9,0.6,0.2,0.8,0.3,0.1,0.2,0.1,87655.3,1
99,22,2,0.2,0,0.1,0.3,0.4,0,0.3,0.6,0,0,0.1,42596.9,1
99,23,4,0.3,0.1,0.2,0.5,0.8,0.1,0.6,1.2,0,0.1,0.1,85193.7,1
99,26,9,0.7,0.2,0.5,1.2,1.7,0.2,1.4,2.6,0,0.2,0.3,191685.9,1
99,27,41,0,1,2,1,3,0,6,22,1,5,0,894220.3,0
99,28,104,16,12,3,33,17,8,2,2,11,0,0,2273279.4,0
99,30,20,0,1.4,0.4,2.8,4.5,0,1.6,4.5,1.6,1.2,2,462715.3,1
99,44,8,0.4,1,0,1,1.2,0,1.9,1.5,0,0.4,0.6,173588.2,1
99,53,2,0.1,0.1,0,0.1,0.5,0,0.2,0.7,0.2,0.1,0,48579.2,1
99,57,7,0.3,0.6,0,0.4,1.6,0,0.8,2.3,0.7,0.3,0,170027.3,1
99,58,2,0.1,0.1,0,0.1,0.5,0,0.2,0.7,0.2,0.1,0,48579.2,1
99,66,8,0.4,0.7,0.2,1.3,1.6,0,0.7,2,0.2,0.9,0,156433.4,1
99,96,2,0.1,0.2,0.3,0.1,0.6,0,0.3,0.1,0.1,0.1,0.1,43664.1,1
99,108,2,0.1,0.1,0.1,0.4,0.5,0.1,0.2,0.2,0.2,0.1,0,42934.8,1
99,115,9,0.3,0.6,0.4,1.5,2,0.3,1.6,1.1,0.7,0.3,0.2,189433.6,1
99,116,4,0.1,0.3,0.2,0.7,0.9,0.1,0.7,0.5,0.3,0.1,0.1,84192.7,1
99,122,5,0.5,0.3,0.6,1,0.8,0.1,0.5,0.6,0.5,0.1,0,84259.6,1
99,130,10,1.1,0.7,1.2,1.9,1.6,0.3,1,1.1,1,0.1,0,168519.1,1
99,131,2,0.2,0.1,0.3,0.4,0.3,0.1,0.2,0.2,0.2,0,0,33703.8,1
99,132,1,0,0.2,0.1,0.2,0.2,0,0.2,0,0,0.1,0,18356.7,1
99,136,4,0.1,0.6,0.4,0.9,0.6,0.1,0.8,0.1,0.1,0.3,0,73427,1
99,138,4,0.1,0.6,0.4,0.9,0.6,0.1,0.8,0.1,0.1,0.3,0,73427,1
99,148,3,0.1,0.3,0.1,0.6,0.4,0,0.6,0.6,0.2,0.1,0,61955.4,1
99,154,2,0,0.4,0.2,0.1,0.6,0,0.2,0.3,0,0.1,0.1,29352.3,1
99,165,1,0,0.1,0.1,0.2,0.2,0,0.2,0.1,0,0.1,0,21512,1
99,170,9,0.5,0.6,0.9,1.5,1.7,0.2,1.4,0.5,0.3,1.1,0.3,193608.2,1
99,180,2,0.1,0.2,0.1,0.4,0.4,0,0.3,0.2,0.1,0.2,0,37968.8,1
99,181,4,0.2,0.3,0.2,0.8,0.8,0,0.7,0.3,0.3,0.4,0,75937.5,1
99,187,3,0.1,0.2,0.3,0.5,0.5,0,0.6,0.6,0,0.2,0,52734.4,1
99,205,4,0.1,0.3,0.4,0.3,1.3,0.1,0.4,0.8,0,0.1,0.2,70812.1,1
99,206,6,0.2,0.4,0.6,0.4,1.9,0.2,0.6,1.3,0,0.2,0.2,106218.2,1
99,209,3,0.2,0.1,0.2,0.3,0.2,0,0.6,1,0.2,0.2,0,66084.2,1
99,210,5,0.3,0.2,0.4,0.5,0.4,0,0.9,1.6,0.3,0.4,0,110140.3,1
99,214,3,0.1,0.3,0.1,0.6,0.6,0.1,0.2,0.4,0.4,0.2,0,64670.2,1
99,233,4,0.3,0.5,0.1,0.6,1.1,0.1,0.3,0.5,0.3,0.1,0.1,101214,1
99,235,5,0.4,0.6,0.1,0.8,1.3,0.2,0.4,0.6,0.4,0.1,0.1,126517.5,1
99,246,3,0.1,0.2,0.1,0.8,0.4,0.2,0.5,0.2,0.3,0.2,0,64627.9,1
99,250,2,0.1,0.1,0.1,0.5,0.3,0.1,0.3,0.2,0.2,0.1,0,43085.3,1
99,252,2,0.1,0.2,0,0.5,0.3,0,0.4,0.2,0.2,0,0.1,52089.5,1
100,12,6,0.6,0.2,0.4,1.4,0.9,0.2,1.2,0.5,0.1,0.4,0.1,131483,1
100,15,5,0.5,0.2,0.3,1.1,0.8,0.2,1,0.4,0.1,0.3,0.1,109569.2,1
100,16,7,0.7,0.3,0.4,1.6,1.1,0.3,1.4,0.6,0.1,0.4,0.1,153396.8,1
100,23,4,0.3,0.1,0.2,0.5,0.8,0.1,0.6,1.2,0,0.1,0.1,85193.7,1
100,26,5,0.4,0.1,0.3,0.7,0.9,0.1,0.8,1.5,0,0.1,0.1,106492.2,1
100,27,116.5,5,8.5,15,15,28,4,16,13,8,1,3,2474729.4,0
100,28,142,7,16,14,21,41,5,9,9,11,3,6,2989690.8,0
100,29,102.5,18,3.5,5,48,7,2.5,6,3,7.5,0,2,2305290.3,0
100,42,11,0.5,1.3,0,1.4,1.6,0,2.7,2.2,0,0.5,0.8,238683.7,1
100,43,2,0.1,0.2,0,0.2,0.3,0,0.5,0.4,0,0.1,0.2,43397,1
100,58,2,0.1,0.1,0,0.1,0.5,0,0.2,0.7,0.2,0.1,0,48579.2,1
100,64,2,0.1,0.2,0.1,0.3,0.4,0,0.2,0.5,0,0.2,0,39108.4,1
100,65,2,0.1,0.2,0.1,0.3,0.4,0,0.2,0.5,0,0.2,0,39108.4,1
100,79,1,0,0.1,0,0.1,0.2,0.1,0.1,0.1,0.1,0.1,0.1,18275.6,1
100,80,3,0.1,0.3,0,0.4,0.6,0.1,0.3,0.3,0.4,0.4,0.1,54826.7,1
100,81,7,0.2,0.6,0.1,1,1.3,0.4,0.6,0.6,0.9,0.9,0.4,127928.9,1
100,97,2,0.1,0.2,0.3,0.1,0.6,0,0.3,0.1,0.1,0.1,0.1,43664.1,1
100,118,6,0.2,0.4,0.3,1,1.4,0.2,1,0.7,0.5,0.2,0.1,126289.1,1
100,124,6,0.6,0.4,0.7,1.1,1,0.2,0.6,0.7,0.6,0.1,0,101111.5,1
100,125,2,0.2,0.1,0.3,0.4,0.3,0.1,0.2,0.2,0.2,0,0,33703.8,1
100,139,5,0.2,0.7,0.4,1.2,0.8,0.1,1,0.1,0.1,0.4,0,91783.7,1
100,164,3,0.1,0.2,0.3,0.5,0.6,0,0.5,0.2,0.1,0.4,0.1,64536.1,1
100,181,5,0.2,0.4,0.2,1,1,0,0.9,0.4,0.4,0.5,0,94921.9,1
100,185,4,0.2,0.3,0.3,0.6,0.6,0,0.8,0.9,0,0.3,0,70312.6,1
100,187,2,0.1,0.2,0.2,0.3,0.3,0,0.4,0.4,0,0.1,0,35156.3,1
100,198,2,0,0.2,0.2,0.1,0.3,0.1,0.4,0.2,0.2,0.2,0.1,49682.3,1
100,200,2,0,0.2,0.2,0.1,0.3,0.1,0.4,0.2,0.2,0.2,0.1,49682.3,1
100,205,8,0.3,0.5,0.8,0.5,2.5,0.3,0.8,1.7,0,0.3,0.3,141624.2,1
100,210,8,0.6,0.3,0.6,0.8,0.6,0,1.4,2.5,0.6,0.6,0,176224.4,1
100,223,11,0,0.8,0.8,0.8,1.7,0.4,3.8,0.9,0,0.9,0.9,252348,1
100,240,4,0.3,0.5,0.1,0.6,1.1,0.1,0.3,0.5,0.3,0.1,0.1,101214,1
100,243,2,0.1,0.1,0.1,0.5,0.3,0.1,0.3,0.2,0.2,0.1,0,43085.3,1
100,246,4,0.2,0.2,0.1,1.1,0.6,0.2,0.7,0.3,0.4,0.2,0,86170.5,1
100,247,4,0.2,0.2,0.1,1.1,0.6,0.2,0.7,0.3,0.4,0.2,0,86170.5,1
100,253,4,0.1,0.4,0.1,0.9,0.6,0.1,0.7,0.4,0.4,0.1,0.2,104178.9,1
101,19,2,0.2,0.1,0.1,0.5,0.3,0.1,0.4,0.2,0,0.1,0,43827.7,1
101,21,5,0.5,0.2,0.3,1.1,0.8,0.2,1,0.4,0.1,0.3,0.1,109569.2,1
101,22,3,0.2,0.1,0.1,0.4,0.5,0.1,0.5,0.9,0,0.1,0.1,63895.3,1
101,26,5,0.4,0.1,0.3,0.7,0.9,0.1,0.8,1.5,0,0.1,0.1,106492.2,1
101,27,83,2,7.5,5,9,16,1.5,23,12,3,1,3,1840898.1,0
101,28,90,2,9,8,9,27,0,17,11,4,1,2,1901954.3,0
101,29,15.5,0,1.1,0.3,2.2,3.4,0,1.3,3.4,1.3,0.9,1.6,358604.3,1
101,31,12,0,0.8,0.2,1.7,2.7,0,1,2.7,1,0.7,1.2,277629.2,1
101,41,4,0.2,0.4,0.2,0.8,1.4,0,0.4,0.1,0.3,0,0.2,87059.5,1
101,43,9,0.4,1.1,0,1.1,1.3,0,2.2,1.8,0,0.4,0.7,195286.7,1
101,44,2,0.1,0.2,0,0.2,0.3,0,0.5,0.4,0,0.1,0.2,43397,1
101,58,5,0.2,0.4,0,0.3,1.2,0,0.6,1.6,0.5,0.2,0,121448.1,1
101,69,4,0.2,0.3,0.1,0.7,0.8,0,0.3,1,0.1,0.5,0,78216.7,1
101,72,11,0.4,1,0.2,1.5,2.1,0.6,1,1,1.3,1.3,0.6,201031.1,1
101,82,4,0.1,0.5,0.2,0.5,1.5,0.1,0.2,0.2,0,0.3,0.4,79826.4,1
101,86,4,0.1,0.5,0.2,0.5,1.5,0.1,0.2,0.2,0,0.3,0.4,79826.4,1
101,97,5,0.2,0.5,0.7,0.4,1.5,0.1,0.8,0.2,0.2,0.2,0.2,109160.2,1
101,102,2,0.1,0.1,0.1,0.4,0.5,0.1,0.2,0.2,0.2,0.1,0,42934.8,1
101,112,3,0.1,0.2,0.1,0.5,0.7,0.1,0.5,0.4,0.2,0.1,0.1,63144.5,1
101,116,2,0.1,0.1,0.1,0.3,0.5,0.1,0.3,0.2,0.2,0.1,0,42096.4,1
101,119,3,0.1,0.2,0.1,0.5,0.7,0.1,0.5,0.4,0.2,0.1,0.1,63144.5,1
101,125,5,0.5,0.3,0.6,1,0.8,0.1,0.5,0.6,0.5,0.1,0,84259.6,1
101,129,1,0.1,0.1,0.1,0.2,0.2,0,0.1,0.1,0.1,0,0,16851.9,1
101,136,4,0.1,0.6,0.4,0.9,0.6,0.1,0.8,0.1,0.1,0.3,0,73427,1
101,139,4,0.1,0.6,0.4,0.9,0.6,0.1,0.8,0.1,0.1,0.3,0,73427,1
101,150,5,0.2,0.6,0.3,0.9,0.7,0,0.9,0.9,0.4,0.1,0,103259.1,1
101,158,2,0,0.4,0.2,0.1,0.6,0,0.2,0.3,0,0.1,0.1,29352.3,1
101,164,4,0.2,0.3,0.4,0.7,0.8,0.1,0.6,0.2,0.1,0.5,0.1,86048.1,1
101,172,8,0.3,0.7,0.3,1.5,1.5,0,1.4,0.7,0.7,0.9,0,151875,1
101,181,5,0.2,0.4,0.2,1,1,0,0.9,0.4,0.4,0.5,0,94921.9,1
101,193,9,0.9,0.4,0.4,1.5,2.4,0.2,0.4,0.7,1.5,0.2,0.4,170600.4,1
101,195,3,0.3,0.1,0.1,0.5,0.8,0.1,0.1,0.2,0.5,0.1,0.2,56866.8,1
101,198,6,0,0.5,0.7,0.3,1,0.2,1.2,0.7,0.5,0.7,0.2,149047,1
101,199,2,0,0.2,0.2,0.1,0.3,0.1,0.4,0.2,0.2,0.2,0.1,49682.3,1
101,200,2,0,0.2,0.2,0.1,0.3,0.1,0.4,0.2,0.2,0.2,0.1,49682.3,1
101,201,4,0,0.3,0.5,0.2,0.7,0.1,0.8,0.5,0.3,0.5,0.1,99364.7,1
101,213,4,0.1,0.3,0.1,0.8,0.8,0.2,0.3,0.6,0.5,0.3,0,86227,1
101,219,3,0.1,0.3,0.1,0.6,0.6,0.1,0.2,0.4,0.4,0.2,0,64670.2,1
101,223,5,0,0.4,0.4,0.4,0.7,0.2,1.7,0.4,0,0.4,0.4,114703.6,1
101,247,3,0.1,0.2,0.1,0.8,0.4,0.2,0.5,0.2,0.3,0.2,0,64627.9,1
101,248,3.5,0.1,0.2,0.1,0.9,0.5,0.2,0.6,0.3,0.4,0.2,0,75399.2,1
101,251,2,0.1,0.1,0.1,0.5,0.3,0.1,0.3,0.2,0.2,0.1,0,43085.3,1
101,252,4,0.1,0.4,0.1,0.9,0.6,0.1,0.7,0.4,0.4,0.1,0.2,104178.9,1
102,0,10,0.7,1.3,0.7,0.8,2.4,0,0.8,1.3,0.8,0.7,0.5,194318.8,1
102,3,2,0.1,0.3,0.2,0.3,0.4,0.1,0.3,0.1,0.1,0,0.1,42853.1,1
102,13,3.5,0.2,0.2,0.3,0.3,0.8,0,0.3,0.9,0.2,0.3,0,85487.8,1
102,21,9,0.5,0.5,0.8,0.8,2.1,0.1,0.6,2.3,0.5,0.8,0,219825.8,1
102,27,4,0.4,0.5,0,1.1,0.8,0.2,0.1,0.1,0.5,0.1,0.2,77737,1
102,28,116.5,10,15.5,1,27,27,6,11,0,18,0,1,2926612.1,0
102,29,91,10,12.3,0.8,23.9,17,3.9,2.3,3.1,12.3,1.5,3.9,1768517.3,1
102,32,2,0.1,0.3,0.1,0.2,0.4,0,0.3,0.5,0.1,0,0,44348.8,1
102,33,14,0.7,1.8,0.7,1.4,2.5,0,1.8,3.2,1.1,0.4,0.4,310441.6,1
102,43,5,0,0.7,0.3,0.3,1.5,0,0.5,0.8,0.1,0.6,0.2,140983.9,1
102,49,5,0,0.7,0.3,0.3,1.5,0,0.5,0.8,0.1,0.6,0.2,140983.9,1
102,50,4,0,0.6,0.2,0.2,1.2,0,0.4,0.6,0.1,0.5,0.2,112787.1,1
102,55,2,0,0.1,0.1,0.3,0.4,0.1,0.2,0.5,0.1,0.1,0.1,49516.1,1
102,57,10,0,1.2,1.2,0.2,2.9,0.2,1.9,1.2,0.8,0,0.4,225336,1
102,60,11,0,1.3,1.3,0.2,3.2,0.2,2.2,1.3,0.9,0,0.4,247869.6,1
102,62,4,0.3,0.2,0.1,1,0.7,0.3,0.2,0.4,0.7,0.1,0,80276.4,1
102,88,3,0.2,0.2,0.3,0.5,0.6,0,0.4,0.4,0.2,0.2,0,65643.3,1
102,89,6,0.3,0.5,0.6,1,1.2,0.1,0.7,0.8,0.4,0.3,0.1,131286.7,1
102,102,2,0.1,0.2,0.1,0.3,0.4,0,0.3,0.2,0.1,0.2,0.1,41607,1
102,110,3,0.1,0.3,0.2,0.4,0.6,0.1,0.5,0.3,0.2,0.2,0.1,62410.5,1
102,115,2,0,0.2,0.2,0.3,0.3,0,0.4,0.3,0,0.2,0.1,41438.4,1
102,116,1,0,0.1,0.1,0.1,0.2,0,0.2,0.2,0,0.1,0,20719.2,1
102,118,4,0.1,0.3,0.3,0.5,0.7,0.1,0.8,0.7,0.1,0.3,0.1,82876.7,1
102,121,5,0.1,0.4,0.4,0.7,0.8,0.1,0.9,0.9,0.1,0.4,0.2,103595.9,1
102,122,1,0,0.2,0.1,0.1,0.3,0,0.1,0,0.1,0.1,0,18585,1
102,126,2,0,0.3,0.2,0.1,0.6,0.1,0.2,0.1,0.2,0.2,0,37170,1
102,127,8,0.2,0.6,0.6,0.4,2.2,0,0.8,1.6,1,0.4,0.2,158804.8,1
102,136,2,0.1,0.3,0.1,0.4,0.5,0,0.1,0.3,0,0.1,0.1,33638.6,1
102,151,3,0.1,0.4,0.1,0.4,0.7,0,0.6,0.2,0.2,0.3,0,65567.7,1
102,159,1,0.1,0.1,0,0.1,0.1,0,0.3,0.1,0.1,0.1,0,21672.4,1
102,162,1,0,0.1,0.1,0.1,0.1,0,0.2,0.1,0.1,0.1,0.1,18303,1
102,164,6,0.2,0.7,0.3,0.7,0.5,0,1.4,0.7,0.3,0.7,0.5,109818.2,1
102,168,3,0.1,0.4,0.1,0.4,0.2,0,0.7,0.4,0.1,0.4,0.2,54909.1,1
102,178,2,0.1,0.1,0.1,0.6,0.2,0.3,0.2,0.2,0,0.2,0,39723.2,1
102,179,6,0.3,0.3,0.5,1.8,0.5,0.8,0.5,0.6,0.2,0.5,0,119169.7,1
102,183,6,0.4,0.4,0.2,1.3,0.6,0.2,1.9,0.6,0.2,0.2,0,119243,1
102,187,9,0.5,0.9,0.5,1.1,1.6,0.2,0.7,2.3,0.5,0.7,0,159758.5,1
102,193,4,0.2,0.5,0,0.5,0.8,0.1,1,0.4,0.5,0,0,92540.8,1
102,194,11,0.7,1.4,0,1.4,2.1,0.3,2.7,1,1.4,0,0,254487.2,1
102,195,6,0.4,0.7,0,0.8,1.1,0.2,1.5,0.6,0.7,0,0,138811.2,1
102,197,5,0.2,0.4,0.5,0.9,1,0.1,0.7,0.6,0.2,0.1,0.3,107201.2,1
102,202,1,0,0.1,0.1,0.1,0.2,0,0.2,0.1,0.1,0.1,0,20017.2,1
102,203,6,0.3,0.5,0.4,0.9,1.1,0.1,1,0.7,0.4,0.5,0.1,120103.3,1
102,204,10,0.6,0.9,0.7,1.4,1.9,0.1,1.7,1.1,0.6,0.9,0.1,200172.1,1
102,205,2,0.1,0.2,0.1,0.3,0.4,0,0.4,0.2,0.1,0.2,0,40034.4,1
102,207,8,0.4,0.7,0.6,1.1,1.5,0.1,1.4,0.9,0.5,0.7,0.1,160137.7,1
102,222,2,0.1,0.1,0.1,0.4,0.4,0.1,0.1,0.2,0.1,0.2,0.2,47659.5,1
102,234,1,0,0.1,0.1,0.2,0.2,0,0.2,0.1,0.1,0,0,31332.6,1
102,236,5,0.3,0.3,0.6,1.1,0.8,0.3,0.8,0.4,0.3,0,0.1,156663.2,1
102,239,2,0.1,0.1,0.2,0.5,0.3,0.1,0.3,0.2,0.1,0,0.1,62665.3,1
102,248,3,0.2,0.2,0.1,0.3,0.6,0.1,0.7,0.1,0.3,0.2,0.2,62500.7,1
103,4,2,0.1,0.3,0.2,0.3,0.4,0.1,0.3,0.1,0.1,0,0.1,42853.1,1
103,8,5,0.5,0.5,0.1,1.4,0.5,0.1,0.6,0.7,0.3,0.3,0,102926.3,1
103,9,2,0.2,0.2,0.1,0.6,0.2,0,0.2,0.3,0.1,0.1,0,41170.5,1
103,10,8,0.7,0.7,0.2,2.2,0.8,0.2,0.9,1.1,0.6,0.6,0,164682.1,1
103,15,2,0.1,0.1,0.2,0.2,0.5,0,0.1,0.5,0.1,0.2,0,48850.2,1
103,22,4,0.1,0.5,0.1,0.6,1,0.1,0.3,0.6,0.3,0.1,0.3,76655.6,1
103,28,9,1,1.2,0.1,2.4,1.7,0.4,0.2,0.3,1.2,0.1,0.4,174908.3,1
103,31,3,0.3,0.4,0,0.8,0.6,0.1,0.1,0.1,0.4,0.1,0.1,58302.8,1
103,32,2,0.1,0.3,0.1,0.2,0.4,0,0.3,0.5,0.1,0,0,44348.8,1
103,33,6,0.3,0.8,0.3,0.6,1.1,0,0.8,1.4,0.5,0.1,0.1,133046.4,1
103,36,5,0.3,0.6,0.3,0.5,0.9,0,0.6,1.2,0.4,0.1,0.1,110872,1
103,43,4,0,0.6,0.2,0.2,1.2,0,0.4,0.6,0.1,0.5,0.2,112787.1,1
103,50,7,0,1.1,0.4,0.4,2.1,0,0.7,1.1,0.1,0.8,0.3,197377.5,1
103,52,2,0,0.1,0.1,0.3,0.4,0.1,0.2,0.5,0.1,0.1,0.1,49516.1,1
103,53,6,0.2,0.3,0.3,1.1,1.2,0.2,0.5,1.4,0.2,0.2,0.4,148548.4,1
103,55,6.5,0.2,0.3,0.4,1.2,1.3,0.2,0.6,1.5,0.2,0.2,0.4,160927.5,1
103,58,6,0,0.7,0.7,0.1,1.8,0.1,1.2,0.7,0.5,0,0.2,135201.6,1
103,59,5,0,0.6,0.6,0.1,1.4,0.1,1,0.6,0.4,0,0.2,112668,1
103,67,4.5,0.4,0.3,0.1,1.1,0.8,0.3,0.2,0.4,0.8,0.1,0,90310.9,1
103,89,7,0.3,0.6,0.7,1.2,1.4,0.1,0.8,0.9,0.5,0.4,0.1,153167.8,1
103,99,2,0,0.2,0.1,0.3,0.5,0.2,0.2,0.2,0.2,0.1,0,44180,1
103,101,9,0.3,1,0.5,1.3,2.1,0.8,0.8,0.9,0.9,0.3,0.1,198810.1,1
103,106,4,0.2,0.4,0.3,0.5,0.8,0.1,0.6,0.4,0.2,0.3,0.2,83214,1
103,109,5,0.2,0.5,0.4,0.7,1,0.1,0.7,0.6,0.2,0.4,0.2,104017.5,1
103,110,14,0.5,1.4,1,1.9,2.8,0.4,2.1,1.6,0.7,1.1,0.5,291249,1
103,118,2,0,0.2,0.2,0.3,0.3,0,0.4,0.3,0,0.2,0.1,41438.4,1
103,121,6,0.1,0.5,0.5,0.8,1,0.1,1.2,1,0.1,0.5,0.2,124315.1,1
103,128,13,0.3,1,1,0.6,3.6,0,1.3,2.6,1.6,0.7,0.3,258057.9,1
103,130,12,0.3,0.9,0.9,0.6,3.3,0,1.2,2.4,1.5,0.6,0.3,238207.3,1
103,134,2,0.1,0.3,0.1,0.4,0.5,0,0.1,0.3,0,0.1,0.1,33638.6,1
103,135,13,0.8,2.1,0.9,2.9,3.4,0,0.4,1.7,0,0.4,0.4,218650.6,1
103,148,4,0.1,0.6,0.2,0.5,0.9,0.1,0.8,0.2,0.3,0.3,0,87423.6,1
103,153,7,0.2,1.2,0.2,1,1.4,0.2,1,1,0.2,0.6,0,123877.7,1
103,164,5,0.2,0.6,0.2,0.6,0.4,0,1.2,0.6,0.2,0.6,0.4,91515.1,1
103,187,5,0.2,0.5,0.3,0.6,0.9,0.1,0.4,1.3,0.3,0.4,0,88754.7,1
103,197,13,0.6,0.9,1.2,2.3,2.6,0.3,1.7,1.6,0.6,0.3,0.9,278723.2,1
103,202,1,0,0.1,0.1,0.1,0.2,0,0.2,0.1,0.1,0.1,0,20017.2,1
103,205,5,0.3,0.4,0.3,0.7,0.9,0.1,0.9,0.6,0.3,0.4,0.1,100086.1,1
103,206,11,0.6,0.9,0.8,1.6,2,0.2,1.9,1.3,0.6,0.9,0.2,220189.4,1
103,214,2,0,0.3,0.1,0.2,0.6,0,0.2,0.3,0,0.2,0.1,40104.9,1
103,215,6,0.1,0.9,0.2,0.6,1.6,0.1,0.7,0.7,0.1,0.6,0.4,120314.8,1
103,217,1,0.1,0.1,0,0.2,0.1,0,0.2,0.1,0,0.1,0.1,28560.9,1
103,219,8,0.4,0.9,0.2,1.7,0.9,0.1,1.9,0.7,0.3,0.6,0.3,228486.8,1
103,222,10,0.7,0.7,0.2,2.1,2.1,0.5,0.7,0.9,0.5,0.9,0.7,238297.7,1
103,237,5,0.3,0.3,0.6,1.1,0.8,0.3,0.8,0.4,0.3,0,0.1,156663.2,1
103,240,3,0.2,0.2,0.3,0.6,0.5,0.2,0.5,0.2,0.2,0,0.1,93997.9,1
103,243,3,0.2,0.2,0.1,0.3,0.6,0.1,0.7,0.1,0.3,0.2,0.2,62500.7,1
104,4,32,1.2,4.4,3.8,5,6.3,1.2,5.6,1.3,1.3,0.6,1.3,685650,1
104,8,4,0.4,0.4,0.1,1.1,0.4,0.1,0.4,0.5,0.3,0.3,0,82341,1
104,15,5,0.3,0.3,0.4,0.4,1.2,0,0.4,1.3,0.3,0.4,0,122125.5,1
104,22,8,0.3,1.1,0.3,1.1,1.9,0.1,0.6,1.2,0.5,0.3,0.6,153311.3,1
104,26,4,0.1,0.5,0.1,0.6,1,0.1,0.3,0.6,0.3,0.1,0.3,76655.6,1
104,28,2,0.2,0.3,0,0.5,0.4,0.1,0,0.1,0.3,0,0.1,38868.5,1
104,31,5,0.6,0.7,0,1.3,0.9,0.2,0.1,0.2,0.7,0.1,0.2,97171.3,1
104,32,5,0.3,0.6,0.3,0.5,0.9,0,0.6,1.2,0.4,0.1,0.1,110872,1
104,33,1,0.1,0.1,0.1,0.1,0.2,0,0.1,0.2,0.1,0,0,22174.4,1
104,43,8,0,1.2,0.5,0.5,2.5,0,0.8,1.2,0.1,0.9,0.3,225574.3,1
104,50,2,0,0.3,0.1,0.1,0.6,0,0.2,0.3,0.1,0.2,0.1,56393.6,1
104,53,7,0.2,0.3,0.4,1.3,1.5,0.2,0.6,1.7,0.2,0.2,0.4,173306.5,1
104,59,1,0,0.1,0.1,0,0.3,0,0.2,0.1,0.1,0,0.1,22533.6,1
104,65,3,0.3,0.2,0,0.8,0.5,0.2,0.1,0.3,0.5,0.1,0,60207.3,1
104,67,2,0.2,0.1,0,0.5,0.4,0.1,0.1,0.2,0.3,0.1,0,40138.2,1
104,85,10,0.5,0.8,1,1.6,2,0.2,1.2,1.3,0.7,0.5,0.2,218811.1,1
104,89,6,0.3,0.5,0.6,1,1.2,0.1,0.7,0.8,0.4,0.3,0.1,131286.7,1
104,93,7,0.2,0.8,0.4,1,1.7,0.6,0.6,0.7,0.7,0.2,0.1,154630.1,1
104,106,6,0.2,0.6,0.5,0.8,1.2,0.1,0.9,0.7,0.3,0.5,0.2,124821,1
104,111,1,0,0.1,0.1,0.1,0.2,0,0.2,0.1,0.1,0.1,0,20803.5,1
104,113,3,0,0.3,0.3,0.4,0.5,0,0.6,0.5,0,0.3,0.1,62157.5,1
104,122,1,0,0.2,0.1,0.1,0.3,0,0.1,0,0.1,0.1,0,18585,1
104,142,5,0.2,0.7,0.2,0.6,1.1,0.1,1,0.3,0.4,0.4,0,109279.5,1
104,143,3,0.1,0.4,0.1,0.4,0.7,0,0.6,0.2,0.2,0.3,0,65567.7,1
104,144,5,0.2,0.7,0.2,0.6,1.1,0.1,1,0.3,0.4,0.4,0,109279.5,1
104,145,6,0.2,0.8,0.3,0.7,1.3,0.1,1.3,0.3,0.5,0.5,0,131135.5,1
104,153,8,0.2,1.4,0.2,1.1,1.6,0.2,1.2,1.2,0.2,0.7,0,141574.5,1
104,155,2,0,0.3,0.1,0.3,0.4,0,0.3,0.3,0.1,0.2,0,35393.6,1
104,159,8,0.6,1.1,0,0.6,1.1,0,2,0.8,0.6,0.9,0.3,173379.5,1
104,184,2,0.1,0.1,0.1,0.4,0.2,0.1,0.6,0.2,0.1,0.1,0,39747.7,1
104,197,13.5,0.6,1,1.3,2.4,2.7,0.2,1.8,1.7,0.6,0.3,0.9,289443.3,1
104,198,1,0,0.1,0.1,0.2,0.2,0,0.1,0.1,0.1,0,0.1,21440.2,1
104,206,7,0.4,0.6,0.5,1,1.3,0.1,1.2,0.8,0.4,0.6,0.1,140120.5,1
104,212,4,0,0.6,0.1,0.4,1.1,0.1,0.5,0.5,0.1,0.4,0.2,80209.9,1
104,215,12,0.1,1.8,0.5,1.1,3.3,0.2,1.5,1.5,0.2,1.1,0.7,240629.6,1
104,216,1,0,0.2,0,0.1,0.3,0,0.1,0.1,0,0.1,0.1,20052.5,1
104,218,2,0.1,0.2,0,0.4,0.2,0,0.5,0.2,0.1,0.2,0.1,57121.7,1
104,219,5,0.2,0.6,0.1,1.1,0.6,0,1.2,0.4,0.2,0.4,0.2,142804.3,1
104,224,5,0.3,0.4,0.1,1,1,0.2,0.4,0.5,0.2,0.5,0.4,119148.8,1
104,235,1,0,0.1,0.1,0.2,0.2,0,0.2,0.1,0.1,0,0,31332.6,1
104,244,2,0.2,0.2,0.1,0.2,0.4,0,0.5,0,0.2,0.1,0.1,41667.1,1
104,251,2,0.2,0.2,0.1,0.2,0.4,0,0.5,0,0.2,0.1,0.1,41667.1,1
104,252,2,0.1,0.2,0,0.4,0.4,0.1,0.4,0.3,0,0.1,0,40060.5,1
105,2,3,0.1,0.4,0.4,0.5,0.6,0.1,0.5,0.1,0.1,0.1,0.1,64279.7,1
105,28,4,0.4,0.5,0,1.1,0.8,0.2,0.1,0.1,0.5,0.1,0.2,77737,1
105,33,2,0.1,0.3,0.1,0.2,0.4,0,0.3,0.5,0.1,0,0,44348.8,1
105,39,2.5,0.1,0.2,0.2,0.1,0.8,0,0.2,0.6,0.1,0.1,0.1,56779,1
105,49,5,0,0.7,0.3,0.3,1.5,0,0.5,0.8,0.1,0.6,0.2,140983.9,1
105,51,8,0,1.2,0.5,0.5,2.5,0,0.8,1.2,0.1,0.9,0.3,225574.3,1
105,53,3,0.1,0.1,0.2,0.5,0.6,0.1,0.3,0.7,0.1,0.1,0.2,74274.2,1
105,58,2,0,0.2,0.2,0.1,0.6,0,0.4,0.2,0.2,0,0.1,45067.2,1
105,63,16,1.4,1,0.3,4.1,2.7,1.1,0.8,1.4,2.7,0.5,0,321105.5,1
105,71,14,1.2,0.8,0.2,3.6,2.4,1,0.7,1.2,2.4,0.5,0,280967.3,1
105,72,7,0.4,0.7,0.5,1.1,1.6,0.1,1.1,0.5,0,0.9,0.1,136042.3,1
105,75,4,0.2,0.4,0.3,0.6,0.9,0.1,0.6,0.3,0,0.5,0.1,77738.5,1
105,90,5,0.2,0.4,0.5,0.8,1,0.1,0.6,0.7,0.3,0.3,0.1,109405.5,1
105,91,3,0.2,0.2,0.3,0.5,0.6,0,0.4,0.4,0.2,0.2,0,65643.3,1
105,99,6,0.2,0.7,0.3,0.9,1.4,0.5,0.5,0.6,0.6,0.2,0.1,132540.1,1
105,142,1,0,0.1,0.1,0.1,0.2,0,0.2,0.1,0.1,0.1,0,21855.9,1
105,144,2,0.1,0.3,0.1,0.2,0.4,0,0.4,0.1,0.2,0.2,0,43711.8,1
105,146,4,0.1,0.6,0.2,0.5,0.9,0.1,0.8,0.2,0.3,0.3,0,87423.6,1
105,156,3,0.1,0.5,0.1,0.4,0.6,0.1,0.4,0.4,0.1,0.3,0,53090.4,1
105,160,12,0.8,1.7,0,0.9,1.7,0,3,1.3,0.9,1.3,0.4,260069.2,1
105,168,1,0,0.1,0.1,0.1,0.1,0,0.2,0.1,0.1,0.1,0.1,18303,1
105,177,4,0.2,0.2,0.3,1.2,0.3,0.6,0.3,0.5,0.1,0.3,0,79446.5,1
105,178,4,0.2,0.2,0.3,1.2,0.3,0.6,0.3,0.5,0.1,0.3,0,79446.5,1
105,179,4,0.2,0.2,0.3,1.2,0.3,0.6,0.3,0.5,0.1,0.3,0,79446.5,1
105,184,1,0.1,0.1,0,0.2,0.1,0,0.3,0.1,0,0.1,0,19873.8,1
105,189,12,0.6,1.2,0.6,1.6,2.2,0.3,0.9,3.1,0.6,0.9,0,213011.3,1
105,190,1,0,0.1,0.1,0.1,0.2,0,0.1,0.3,0,0.1,0,17750.9,1
105,196,33,3,3,2,8,7,0,4,2,1,0,3,673258.4,0
105,197,93,12,12,5,36,9,4.5,6,1,5.5,0,2,1715335.7,0
105,198,5,0.2,0.4,0.5,0.9,1,0.1,0.7,0.6,0.2,0.1,0.3,107201.2,1
105,202,5,0.3,0.4,0.3,0.7,0.9,0.1,0.9,0.6,0.3,0.4,0.1,100086.1,1
105,203,4,0.2,0.3,0.3,0.6,0.7,0.1,0.7,0.5,0.2,0.3,0.1,80068.9,1
105,208,2,0.1,0.2,0.1,0.3,0.4,0,0.4,0.2,0.1,0.2,0,40034.4,1
105,209,3,0.2,0.3,0.2,0.4,0.6,0,0.5,0.3,0.2,0.3,0,60051.6,1
105,212,2,0,0.3,0.1,0.2,0.6,0,0.2,0.3,0,0.2,0.1,40104.9,1
105,215,25,0.3,3.8,1,2.3,6.8,0.5,3,3,0.5,2.3,1.5,501311.6,1
105,216,17,0.2,2.6,0.7,1.5,4.6,0.3,2.1,2.1,0.3,1.6,1,340891.9,1
105,218,5,0.2,0.6,0.1,1.1,0.6,0,1.2,0.4,0.2,0.4,0.2,142804.3,1
105,219,27,1.4,3,0.7,5.8,3,0.3,6.4,2.4,1,2,1,771143,1
105,233,3,0.2,0.2,0.3,0.6,0.5,0.2,0.5,0.2,0.2,0,0.1,93997.9,1
105,247,2,0.2,0.2,0.1,0.2,0.4,0,0.5,0,0.2,0.1,0.1,41667.1,1
105,249,4,0.3,0.3,0.2,0.5,0.8,0.1,0.9,0.1,0.4,0.2,0.2,83334.3,1
105,252,6,0.4,0.7,0.1,1.1,1.1,0.4,1.1,0.8,0.1,0.2,0,120181.5,1
105,254,8,0.5,1,0.2,1.4,1.4,0.5,1.4,1.1,0.2,0.3,0,160241.9,1
106,2,3,0.1,0.4,0.4,0.5,0.6,0.1,0.5,0.1,0.1,0.1,0.1,64279.7,1
106,3,4,0.1,0.5,0.5,0.6,0.8,0.1,0.7,0.2,0.2,0.1,0.2,85706.3,1
106,5,1,0,0.1,0.1,0.2,0.2,0,0.2,0.1,0,0,0.1,21426.6,1
106,6,4,0.1,0.5,0.5,0.6,0.8,0.1,0.7,0.2,0.2,0.1,0.2,85706.3,1
106,10,2,0.2,0.2,0.1,0.6,0.2,0,0.2,0.3,0.1,0.1,0,41170.5,1
106,11,9,0.8,0.8,0.2,2.5,0.9,0.2,1.1,1.3,0.6,0.6,0,185267.4,1
106,12,3,0.1,0.2,0.3,0.3,0.7,0,0.2,0.7,0.2,0.3,0,73275.3,1
106,33,2,0.1,0.3,0.1,0.2,0.4,0,0.3,0.5,0.1,0,0,44348.8,1
106,49,4,0,0.6,0.2,0.2,1.2,0,0.4,0.6,0.1,0.5,0.2,112787.1,1
106,53,7,0.2,0.3,0.4,1.3,1.5,0.2,0.6,1.7,0.2,0.2,0.4,173306.5,1
106,67,7,0.6,0.4,0.1,1.8,1.2,0.5,0.4,0.6,1.2,0.2,0,140483.6,1
106,73,3,0.2,0.3,0.2,0.4,0.7,0.1,0.4,0.2,0,0.4,0.1,58303.9,1
106,77,4,0.2,0.4,0.3,0.6,0.9,0.1,0.6,0.3,0,0.5,0.1,77738.5,1
106,94,4,0.1,0.5,0.2,0.6,0.9,0.3,0.4,0.4,0.4,0.1,0.1,88360,1
106,95,12,0.4,1.4,0.7,1.7,2.8,1,1,1.2,1.2,0.4,0.2,265080.1,1
106,97,18,0.5,2.1,1,2.6,4.2,1.6,1.6,1.8,1.8,0.5,0.3,397620.2,1
106,102,2,0.1,0.2,0.1,0.3,0.4,0,0.3,0.2,0.1,0.2,0.1,41607,1
106,111,4,0.2,0.4,0.3,0.5,0.8,0.1,0.6,0.4,0.2,0.3,0.2,83214,1
106,117,4,0.1,0.3,0.3,0.5,0.7,0.1,0.8,0.7,0.1,0.3,0.1,82876.7,1
106,119,2,0,0.2,0.2,0.3,0.3,0,0.4,0.3,0,0.2,0.1,41438.4,1
106,121,2,0,0.2,0.2,0.3,0.3,0,0.4,0.3,0,0.2,0.1,41438.4,1
106,122,5,0.1,0.8,0.5,0.3,1.4,0.1,0.6,0.2,0.5,0.5,0,92925.1,1
106,126,2,0,0.3,0.2,0.1,0.6,0.1,0.2,0.1,0.2,0.2,0,37170,1
106,127,7,0.2,0.5,0.5,0.3,1.9,0,0.7,1.4,0.9,0.4,0.2,138954.2,1
106,152,3,0.1,0.5,0.1,0.4,0.6,0.1,0.4,0.4,0.1,0.3,0,53090.4,1
106,159,7,0.5,1,0,0.5,1,0,1.7,0.7,0.5,0.8,0.3,151707,1
106,160,86.5,2,11,6.5,12,17,3,16,5,8,5,1,1529042.7,0
106,161,53,5,4,1,13,12,3,2,1,11,1,0,1188968.6,0
106,162,71,5,4,2,19,8,3,5,8,7,9,1,1355813.9,0
106,163,1,0,0.1,0.1,0.1,0.1,0,0.2,0.1,0.1,0.1,0.1,18303,1
106,182,5,0.3,0.3,0.2,1,0.5,0.2,1.6,0.5,0.2,0.2,0,99369.1,1
106,185,2,0.1,0.1,0.1,0.4,0.2,0.1,0.6,0.2,0.1,0.1,0,39747.7,1
106,188,10,0.5,1,0.5,1.3,1.8,0.2,0.8,2.6,0.5,0.8,0,177509.4,1
106,190,2,0.1,0.2,0.1,0.3,0.4,0,0.1,0.5,0.1,0.2,0,35501.9,1
106,196,11,0.7,1.4,0,1.4,2.1,0.3,2.7,1,1.4,0,0,254487.2,1
106,197,28,1.3,2,2.7,5,5.6,0.5,3.7,3.5,1.3,0.5,1.9,600326.9,1
106,198,41,1,3,2,3,5,0,7,16,2,2,0,864110.5,0
106,199,40,1.9,2.8,3.8,7.2,8,0.8,5.3,4.9,1.9,0.8,2.6,857609.8,1
106,200,22,2.5,1,2,5,3,0,4,1,1.5,1,1,489042.1,0
106,208,3,0.2,0.3,0.2,0.4,0.6,0,0.5,0.3,0.2,0.3,0,60051.6,1
106,210,2,0.1,0.2,0.1,0.3,0.4,0,0.4,0.2,0.1,0.2,0,40034.4,1
106,215,25,0.3,3.8,1,2.3,6.8,0.5,3,3,0.5,2.3,1.5,501311.6,1
106,216,5,0,0.8,0.2,0.4,1.4,0.1,0.6,0.6,0.1,0.5,0.3,100262.3,1
106,217,2,0.1,0.2,0,0.4,0.2,0,0.5,0.2,0.1,0.2,0.1,57121.7,1
106,218,21,1,2.4,0.5,4.5,2.4,0.2,5,1.8,0.8,1.6,0.8,599777.9,1
106,219,3,0.2,0.3,0.1,0.7,0.3,0,0.7,0.3,0.1,0.2,0.1,85682.6,1
106,220,4,0.2,0.4,0.1,0.8,0.4,0,1,0.4,0.2,0.3,0.2,114243.4,1
106,221,2,0.1,0.2,0,0.4,0.2,0,0.5,0.2,0.1,0.2,0.1,57121.7,1
106,232,2,0.1,0.1,0.2,0.5,0.3,0.1,0.3,0.2,0.1,0,0.1,62665.3,1
106,238,4,0.2,0.2,0.5,0.9,0.7,0.2,0.7,0.3,0.2,0,0.1,125330.5,1
106,243,5,0.4,0.4,0.2,0.6,1,0.1,1.1,0.1,0.5,0.3,0.3,104167.9,1
106,249,3,0.2,0.2,0.1,0.3,0.6,0.1,0.7,0.1,0.3,0.2,0.2,62500.7,1
107,2,2,0,0.2,0.1,0.2,0.4,0,0.1,0.4,0.1,0.4,0.1,43227.3,1
107,5,7,0,0.7,0.5,0.7,1.5,0,0.5,1.2,0.2,1.5,0.2,151295.7,1
107,6,4,0,0.4,0.3,0.4,0.8,0,0.3,0.7,0.1,0.8,0.2,86454.7,1
107,10,4,0.4,0.4,0.1,1.1,0.4,0.1,0.4,0.5,0.3,0.3,0,82341,1
107,16,9,0.5,0.5,0.8,0.8,2.1,0.1,0.6,2.3,0.5,0.8,0,219825.8,1
107,17,3,0.1,0.2,0.3,0.3,0.7,0,0.2,0.7,0.2,0.3,0,73275.3,1
107,23,5,0.2,0.7,0.2,0.7,1.2,0.1,0.3,0.8,0.3,0.2,0.3,95819.5,1
107,29,12,0.4,1.7,0.4,1.7,2.9,0.2,0.8,1.9,0.8,0.4,0.8,229966.9,1
107,34,5,0.1,0.5,0.5,0.3,1.7,0,0.5,1.1,0.1,0.1,0.1,113558.1,1
107,51,5,0.4,0.2,0.2,1.5,0.5,0.4,0.7,0.2,0.7,0.2,0,107059.8,1
107,52,10,0.2,1.2,0.7,1.3,3,0,2.2,0.4,0.4,0.1,0.5,236179,1
107,53,4,0.1,0.4,0.3,0.5,1.2,0,0.9,0.2,0.2,0,0.2,94471.6,1
107,68,3,0.3,0.2,0,0.8,0.5,0.2,0.1,0.3,0.5,0.1,0,60207.3,1
107,77,2,0.1,0.2,0.1,0.3,0.5,0,0.3,0.2,0,0.3,0,38869.2,1
107,78,8,0.5,0.8,0.6,1.2,1.8,0.1,1.2,0.6,0,1.1,0.1,155477,1
107,80,3,0.2,0.3,0.2,0.4,0.7,0.1,0.4,0.2,0,0.4,0.1,58303.9,1
107,82,4,0.2,0.3,0.4,0.6,0.8,0.1,0.5,0.5,0.3,0.2,0.1,87524.4,1
107,86,3,0.2,0.2,0.3,0.5,0.6,0,0.4,0.4,0.2,0.2,0,65643.3,1
107,91,3,0.2,0.2,0.3,0.5,0.6,0,0.4,0.4,0.2,0.2,0,65643.3,1
107,97,2,0,0.2,0.1,0.3,0.5,0.2,0.2,0.2,0.2,0.1,0,44180,1
107,106,2,0.1,0.2,0.1,0.3,0.4,0,0.3,0.2,0.1,0.2,0.1,41607,1
107,111,2,0.1,0.2,0.1,0.3,0.4,0,0.3,0.2,0.1,0.2,0.1,41607,1
107,116,5,0.1,0.4,0.4,0.7,0.8,0.1,0.9,0.9,0.1,0.4,0.2,103595.9,1
107,128,6,0.4,0.4,0.2,1,1,0.2,1.2,0.2,0.7,0.4,0.3,118395.2,1
107,132,1,0,0.1,0,0.1,0.2,0,0.2,0.2,0.1,0.1,0,17371.7,1
107,133,4,0.2,0.5,0.2,0.2,0.8,0.1,0.8,0.7,0.2,0.3,0,69486.7,1
107,139,4,0.3,0.7,0.3,0.9,1,0,0.1,0.5,0,0.1,0.1,67277.1,1
107,154,2,0,0.3,0.1,0.3,0.4,0,0.3,0.3,0.1,0.2,0,35393.6,1
107,158,1,0,0.2,0.1,0.1,0.4,0,0.1,0,0.1,0,0,18572.7,1
107,159,33,0,7,4.2,2.8,11.3,0,2.8,0.7,3.5,0,0.7,612897.8,1
107,160,77,2,20,0,10,19,0,6,10,8,1,1,1529110.3,0
107,161,119,4,13,7,24,29,3,9,7,12,10,1,2402424.7,0
107,162,68.5,3,5.5,3,13,14,2,3,12,5,8,0,1197281.9,0
107,163,9,0.2,1,0.2,1.4,1,0.2,1.4,2.1,1.3,0.2,0,181435.4,1
107,164,7,0.1,0.8,0.1,1.1,0.8,0.1,1.1,1.7,1.1,0.1,0,141116.4,1
107,165,2,0,0.2,0.1,0.3,0.2,0,0.3,0.5,0.3,0.1,0,40319,1
107,169,3,0.1,0.4,0.1,0.4,0.2,0,0.7,0.4,0.1,0.4,0.2,54909.1,1
107,170,5,0.2,0.6,0.2,0.6,0.4,0,1.2,0.6,0.2,0.6,0.4,91515.1,1
107,172,5,0.3,0.3,0.4,1.5,0.4,0.7,0.4,0.5,0.1,0.4,0,99308.1,1
107,182,2,0.1,0.1,0.1,0.4,0.2,0.1,0.6,0.2,0.1,0.1,0,39747.7,1
107,183,2,0.1,0.1,0.1,0.4,0.2,0.1,0.6,0.2,0.1,0.1,0,39747.7,1
107,188,13,1.7,1.7,0,1.9,2.5,0.5,0.8,1.9,1.7,0,0.3,248731.8,1
107,195,2,0.1,0.1,0.1,0.4,0.4,0.1,0.3,0.3,0.2,0,0,46056.8,1
107,196,1,0.1,0.1,0,0.2,0.2,0,0.2,0.1,0.1,0,0,23028.4,1
107,197,108,1,10,14,13,37,4,7,6,12,0,4,2232655.2,0
107,198,84,1,8,9,7,26,0,17,9,3,3,1,1659941.2,0
107,199,49,2,5,2,10,12,1,6,4,2,3,2,1019013.1,0
107,200,69,0,8,0,15,12,0,12,9,3,9,1,1607067.5,0
107,201,9,0,2.7,0.1,0.4,2.9,0,0.6,0.1,1.3,0.3,0.6,192530,1
107,203,2,0,0.3,0.1,0.2,0.5,0,0.3,0.3,0.1,0.1,0.1,45611.5,1
107,209,7,0.4,0.9,0.6,1,1.6,0.2,0.5,0.6,0.7,0.3,0.2,153451.2,1
107,211,2,0.1,0.3,0.2,0.3,0.4,0,0.1,0.2,0.2,0.1,0.1,43843.2,1
107,214,7,0.5,0.7,0.2,1.4,1.2,0.4,0.4,0.9,0.9,0.2,0.2,140944.6,1
107,215,3,0.2,0.3,0,0.6,0.5,0.2,0.2,0.4,0.4,0.1,0.1,60404.8,1
107,217,30,2,3,7,3,10,0,1,2,1,1,0,582978.4,0
107,218,23,0.7,1.5,1.5,4.1,4.2,1,2.9,3.2,2.2,1.5,0.2,546936.1,1
107,231,7,0.5,0.5,0.2,1.5,1.5,0.3,0.5,0.6,0.3,0.6,0.5,166808.4,1
107,241,6,0.3,0.4,0.7,1.3,1,0.3,1,0.5,0.3,0,0.2,187995.8,1
107,247,7,0.6,0.6,0.3,0.8,1.4,0.1,1.6,0.1,0.7,0.4,0.4,145835,1
107,254,2,0.1,0.2,0,0.4,0.4,0.1,0.4,0.3,0,0.1,0,40060.5,1
108,0,5,0.3,0.6,0.3,0.4,1.2,0,0.4,0.7,0.4,0.4,0.3,97159.4,1
108,1,6,0.4,0.8,0.4,0.5,1.4,0,0.5,0.8,0.5,0.4,0.3,116591.3,1
108,5,2,0,0.2,0.1,0.2,0.4,0,0.1,0.4,0.1,0.4,0.1,43227.3,1
108,6,5,0,0.5,0.3,0.5,1,0,0.4,0.9,0.2,1,0.2,108068.3,1
108,9,4,0.4,0.4,0.1,1.1,0.4,0.1,0.4,0.5,0.3,0.3,0,82341,1
108,13,2,0.1,0.1,0.2,0.2,0.5,0,0.1,0.5,0.1,0.2,0,48850.2,1
108,14,2,0.1,0.1,0.2,0.2,0.5,0,0.1,0.5,0.1,0.2,0,48850.2,1
108,16,1,0,0.1,0.1,0.1,0.2,0,0.1,0.2,0.1,0.1,0,24425.1,1
108,17,3,0.1,0.2,0.3,0.3,0.7,0,0.2,0.7,0.2,0.3,0,73275.3,1
108,23,2,0.1,0.3,0.1,0.3,0.5,0,0.1,0.3,0.1,0.1,0.1,38327.8,1
108,33,5,0.1,0.5,0.5,0.3,1.7,0,0.5,1.1,0.1,0.1,0.1,113558.1,1
108,52,2,0,0.2,0.2,0.3,0.6,0,0.4,0.1,0.1,0,0.1,47235.8,1
108,64,13,1.3,2.5,0.5,2,2.8,0.5,0.8,1,0.3,0,1.3,296599.3,1
108,76,1,0.1,0.1,0.1,0.1,0.2,0,0.2,0.1,0,0.1,0,19434.6,1
108,81,5,0.3,0.5,0.4,0.7,1.1,0.1,0.7,0.4,0,0.7,0.1,97173.1,1
108,82,2,0.1,0.2,0.2,0.3,0.4,0,0.3,0.3,0.1,0.1,0,43762.2,1
108,91,2,0.1,0.2,0.2,0.3,0.4,0,0.3,0.3,0.1,0.1,0,43762.2,1
108,92,4,0.1,0.5,0.2,0.6,0.9,0.3,0.4,0.4,0.4,0.1,0.1,88360,1
108,97,5,0.1,0.6,0.3,0.7,1.2,0.4,0.4,0.5,0.5,0.2,0.1,110450,1
108,103,2,0.1,0.2,0.1,0.3,0.4,0,0.3,0.2,0.1,0.2,0.1,41607,1
108,104,2,0.1,0.2,0.1,0.3,0.4,0,0.3,0.2,0.1,0.2,0.1,41607,1
108,105,6,0.2,0.6,0.5,0.8,1.2,0.1,0.9,0.7,0.3,0.5,0.2,124821,1
108,118,10,0.2,0.8,0.8,1.4,1.7,0.2,1.9,1.7,0.2,0.8,0.3,207191.8,1
108,124,3,0.1,0.4,0.3,0.2,0.8,0.1,0.4,0.1,0.3,0.3,0,55755.1,1
108,125,2,0,0.3,0.2,0.1,0.6,0.1,0.2,0.1,0.2,0.2,0,37170,1
108,128,1,0.1,0.1,0,0.2,0.2,0,0.2,0,0.1,0.1,0,19732.5,1
108,137,4,0.3,0.7,0.3,0.9,1,0,0.1,0.5,0,0.1,0.1,67277.1,1
108,150,8,0.3,1.1,0.4,1,1.7,0.1,1.7,0.4,0.6,0.7,0,174847.3,1
108,159,4,0,0.9,0.5,0.3,1.4,0,0.3,0.1,0.4,0,0.1,74290.6,1
108,161,42,2,4,2,10,8,0,7,1,6,2,0,835492.6,0
108,162,101,3,17,3,21,22,10,9,3,12,0,1,1982969.9,0
108,163,7,0.1,0.8,0.1,1.1,0.8,0.1,1.1,1.7,1.1,0.1,0,141116.4,1
108,164,6,0.1,0.7,0.1,0.9,0.7,0.1,0.9,1.5,0.9,0.1,0,120956.9,1
108,165,1,0,0.1,0,0.2,0.1,0,0.2,0.2,0.2,0,0,20159.5,1
108,188,4,0.5,0.5,0,0.6,0.8,0.2,0.2,0.6,0.5,0,0.1,76532.9,1
108,193,2,0.1,0.1,0.1,0.4,0.4,0.1,0.3,0.3,0.2,0,0,46056.8,1
108,194,2,0.1,0.1,0.1,0.4,0.4,0.1,0.3,0.3,0.2,0,0,46056.8,1
108,196,14,0.8,0.6,0.5,2.7,2.6,0.5,2.4,1.9,1.3,0.4,0.3,322397.3,1
108,197,94,0,9,10,8,31,2,8,13,6,2,5,1785667,0
108,198,73.5,0,9,3,7,16,0,26,7,1.5,3,1,1631804.5,0
108,199,101,5,12,5.5,12,26,1.5,8,15,8,5,3,1855296.8,0
108,200,160,8,9,11,35,32,5,11,28,12,9,0,2851144,0
108,201,44,1,4,5,2,12,1,2,7,4,6,0,846239.9,0
108,202,26.5,0.2,3.8,1.6,2.4,6.3,0.4,3.5,4.3,1.4,1.9,0.7,604352.7,1
108,203,3,0,0.4,0.2,0.3,0.7,0,0.4,0.5,0.2,0.2,0.1,68417.3,1
108,205,5,0,0.7,0.3,0.4,1.2,0.1,0.7,0.8,0.3,0.4,0.1,114028.8,1
108,206,1,0,0.1,0.1,0.1,0.2,0,0.1,0.2,0.1,0.1,0,22805.8,1
108,216,39,2.6,3.7,0.9,7.9,7,2.3,2.3,5.1,4.9,0.9,1.4,785262.7,1
108,217,79,1,6,5,17,17,2,5,15,7,3,1,1762491.7,0
108,218,20,0.6,1.3,1.3,3.6,3.6,0.8,2.6,2.8,1.9,1.3,0.2,475596.6,1
108,220,17,0.5,1.1,1.1,3.1,3.1,0.7,2.2,2.3,1.6,1.1,0.2,404257.1,1
108,232,3,0.2,0.5,0.1,0.7,0.8,0,0.1,0.1,0.5,0,0,64943.3,1
108,233,9,0.5,1.6,0.4,2,2.4,0.1,0.2,0.3,1.3,0.1,0.1,194829.9,1
109,0,3,0.2,0.4,0.2,0.3,0.7,0,0.3,0.4,0.2,0.2,0.1,58295.7,1
109,5,4,0,0.4,0.3,0.4,0.8,0,0.3,0.7,0.1,0.8,0.2,86454.7,1
109,6,3,0,0.3,0.2,0.3,0.6,0,0.2,0.5,0.1,0.7,0.1,64841,1
109,29,12,0.4,1.7,0.4,1.7,2.9,0.2,0.8,1.9,0.8,0.4,0.8,229966.9,1
109,32,6,0.1,0.6,0.5,0.3,2,0,0.6,1.4,0.1,0.2,0.2,136269.7,1
109,35,6,0.1,0.6,0.5,0.3,2,0,0.6,1.4,0.1,0.2,0.2,136269.7,1
109,36,2,0,0.2,0.2,0.1,0.7,0,0.2,0.5,0,0,0.1,45423.2,1
109,37,4,0.1,0.4,0.4,0.2,1.3,0,0.4,0.9,0.1,0.1,0.1,90846.5,1
109,50,2,0.1,0.1,0.1,0.6,0.2,0.1,0.3,0.1,0.3,0.1,0,42823.9,1
109,51,6,0.4,0.3,0.3,1.8,0.6,0.4,0.8,0.3,0.8,0.3,0,128471.8,1
109,52,7,0.1,0.8,0.5,0.9,2.1,0,1.5,0.3,0.3,0.1,0.4,165325.3,1
109,54,25,0.5,2.9,1.8,3.1,7.6,0,5.5,1,1,0.3,1.3,590447.5,1
109,64,10,1,1.9,0.4,1.6,2.1,0.4,0.6,0.8,0.2,0,1,228153.3,1
109,65,4,0.4,0.8,0.2,0.6,0.9,0.1,0.2,0.3,0.1,0,0.4,91261.3,1
109,67,2,0.2,0.1,0,0.5,0.4,0.1,0.1,0.2,0.3,0.1,0,40138.2,1
109,75,3,0.2,0.3,0.2,0.4,0.7,0.1,0.4,0.2,0,0.4,0.1,58303.9,1
109,76,4,0.2,0.4,0.3,0.6,0.9,0.1,0.6,0.3,0,0.5,0.1,77738.5,1
109,106,2,0.1,0.2,0.1,0.3,0.4,0,0.3,0.2,0.1,0.2,0.1,41607,1
109,107,6,0.2,0.6,0.5,0.8,1.2,0.1,0.9,0.7,0.3,0.5,0.2,124821,1
109,111,10,0.4,1,0.7,1.4,2,0.2,1.5,1.1,0.5,0.8,0.4,208035,1
109,115,3,0,0.3,0.3,0.4,0.5,0,0.6,0.5,0,0.3,0.1,62157.5,1
109,116,1,0,0.1,0.1,0.1,0.2,0,0.2,0.2,0,0.1,0,20719.2,1
109,118,2,0,0.2,0.2,0.3,0.3,0,0.4,0.3,0,0.2,0.1,41438.4,1
109,141,1,0.1,0.2,0.1,0.2,0.3,0,0,0.1,0,0,0,16819.3,1
109,144,10,0.4,1.4,0.5,1.2,2.2,0.1,2.1,0.5,0.8,0.8,0,218559.1,1
109,148,2,0.1,0.3,0.1,0.2,0.4,0,0.4,0.1,0.2,0.2,0,43711.8,1
109,149,3,0.1,0.4,0.1,0.4,0.7,0,0.6,0.2,0.2,0.3,0,65567.7,1
109,153,3,0.1,0.5,0.1,0.4,0.6,0.1,0.4,0.4,0.1,0.3,0,53090.4,1
109,158,7,0,1.5,0.9,0.6,2.4,0,0.6,0.1,0.7,0,0.2,130008.6,1
109,163,4,0.1,0.4,0.1,0.6,0.4,0.1,0.6,1,0.6,0.1,0,80637.9,1
109,166,4,0.1,0.4,0.1,0.6,0.4,0.1,0.6,1,0.6,0.1,0,80637.9,1
109,184,6,0.4,0.4,0.2,1.3,0.6,0.2,1.9,0.6,0.2,0.2,0,119243,1
109,186,1,0.1,0.1,0,0.2,0.1,0,0.3,0.1,0,0.1,0,19873.8,1
109,190,15,1.9,1.9,0,2.2,2.9,0.7,1,2.2,1.9,0,0.3,286998.2,1
109,193,3,0.2,0.1,0.1,0.6,0.5,0.1,0.5,0.4,0.3,0.1,0.1,69085.1,1
109,194,4,0.2,0.2,0.1,0.8,0.7,0.1,0.7,0.6,0.4,0.1,0.1,92113.5,1
109,195,3,0.2,0.1,0.1,0.6,0.5,0.1,0.5,0.4,0.3,0.1,0.1,69085.1,1
109,196,17,0.9,0.8,0.6,3.3,3.1,0.6,3,2.3,1.6,0.5,0.3,391482.4,1
109,197,110,1,1,2,6,7,1,11,26,0,55,0,1824415.9,0
109,198,76.5,2,3,3,8,12,0,5,34,0.5,8,1,1560542.7,0
109,199,101,6,9,6,17,15,0.5,8,14,9.5,15,1,2013613.8,0
109,200,88,2,0,9,24,4,4,9,25,3,8,0,1555549.1,0
109,201,89,2,7,5,6,17,0,5,13,8,25,1,1825042.2,0
109,203,7,0.1,1,0.4,0.6,1.7,0.1,0.9,1.1,0.4,0.5,0.2,159640.3,1
109,204,24,0.2,3.4,1.5,2.1,5.7,0.4,3.1,3.9,1.3,1.8,0.6,547338.3,1
109,205,32,1,1,3,2,10,0,6,7,0,1,1,718366.2,0
109,206,17,0.1,2.4,1.1,1.5,4,0.3,2.2,2.8,0.9,1.3,0.4,387698,1
109,207,2,0.1,0.3,0.2,0.3,0.4,0,0.1,0.2,0.2,0.1,0.1,43843.2,1
109,208,5,0.3,0.7,0.4,0.7,1.1,0.2,0.3,0.4,0.5,0.2,0.2,109608,1
109,209,10,0.5,1.4,0.9,1.4,2.3,0.3,0.7,0.9,0.9,0.4,0.3,219216,1
109,210,9,0.4,1.2,0.8,1.3,2.1,0.3,0.6,0.8,0.8,0.4,0.3,197294.4,1
109,211,17,0.9,2.3,1.4,2.4,3.9,0.6,1.2,1.4,1.6,0.7,0.6,372667.3,1
109,214,62,3,7,4,9,16,3,4,7,7,2,0,1360836.9,0
109,215,77,5,11,4,18,13,7,3,0,16,0,0,1265655.1,0
109,216,91,6,7.5,3,21,21,5.5,7,4,12,3,1,1700159.5,0
109,217,55.5,3,3,5,11,6,1,10,11,3.5,2,0,1157472.6,0
109,218,70,1,6.5,4,11,21,2,9,7,4.5,1,3,1498381.6,0
109,219,17,0.5,1.1,1.1,3.1,3.1,0.7,2.2,2.3,1.6,1.1,0.2,404257.1,1
109,220,26,0,3,1,2,5,1,3,7,2,2,0,561824.1,0
109,230,2,0.1,0.1,0.1,0.4,0.4,0.1,0.1,0.2,0.1,0.2,0.2,47659.5,1
109,231,43,2,0,0,5,3,1,13,11,2,4,2,935398.6,0
109,232,87,10,11.5,2.5,26,9,2,12,6,4,4,0,1479251.6,0
109,233,118.5,4.5,15,9,15,34,0,25,7,4,5,0,2338068.3,0
109,234,81,10,8,2,16,19,2,7,2,9,1,5,1716000,0
109,235,60,5,11,0,16,16,1,1,0,10,0,0,1295375,0
109,247,9,0.7,0.7,0.4,1.1,1.8,0.2,2,0.2,0.9,0.5,0.5,187502.1,1
109,253,2,0.1,0.2,0,0.4,0.4,0.1,0.4,0.3,0,0.1,0,40060.5,1
109,254,2,0.1,0.2,0,0.4,0.4,0.1,0.4,0.3,0,0.1,0,40060.5,1
110,6,2,0,0.2,0.1,0.2,0.4,0,0.1,0.4,0.1,0.4,0.1,43227.3,1
110,7,5,0.5,0.5,0.1,1.4,0.5,0.1,0.6,0.7,0.3,0.3,0,102926.3,1
110,14,4,0.2,0.2,0.4,0.4,0.9,0,0.3,1,0.2,0.4,0,97700.4,1
110,17,3,0.1,0.2,0.3,0.3,0.7,0,0.2,0.7,0.2,0.3,0,73275.3,1
110,22,4,0.1,0.5,0.1,0.6,1,0.1,0.3,0.6,0.3,0.1,0.3,76655.6,1
110,27,3,0.1,0.4,0.1,0.4,0.7,0.1,0.2,0.5,0.2,0.1,0.2,57491.7,1
110,29,1,0,0.1,0,0.1,0.3,0,0.1,0.2,0.1,0,0.1,19163.9,1
110,31,1,0,0.1,0,0.1,0.3,0,0.1,0.2,0.1,0,0.1,19163.9,1
110,34,3,0.1,0.3,0.2,0.1,1,0,0.3,0.7,0.1,0.1,0.1,68134.8,1
110,51,75.5,8,11,2,22,20,2,4,0,6.5,0,0,1663356.3,0
110,52,51,4,6,3,8,13,2,3,7,5,0,0,1128036.6,0
110,53,18,0.4,2.1,1.3,2.3,5.4,0,3.9,0.8,0.7,0.2,0.9,425122.2,1
110,54,26,0.5,3,1.9,3.2,7.8,0,5.7,1.1,1.1,0.3,1.4,614065.4,1
110,65,4,0.4,0.8,0.2,0.6,0.9,0.1,0.2,0.3,0.1,0,0.4,91261.3,1
110,74,5,0.3,0.5,0.4,0.7,1.1,0.1,0.7,0.4,0,0.7,0.1,97173.1,1
110,75,4,0.2,0.4,0.3,0.6,0.9,0.1,0.6,0.3,0,0.5,0.1,77738.5,1
110,86,4,0.2,0.3,0.4,0.6,0.8,0.1,0.5,0.5,0.3,0.2,0.1,87524.4,1
110,88,2,0.1,0.2,0.2,0.3,0.4,0,0.3,0.3,0.1,0.1,0,43762.2,1
110,102,2,0.1,0.2,0.1,0.3,0.4,0,0.3,0.2,0.1,0.2,0.1,41607,1
110,109,3,0.1,0.3,0.2,0.4,0.6,0.1,0.5,0.3,0.2,0.2,0.1,62410.5,1
110,110,2,0.1,0.2,0.1,0.3,0.4,0,0.3,0.2,0.1,0.2,0.1,41607,1
110,115,1,0,0.1,0.1,0.1,0.2,0,0.2,0.2,0,0.1,0,20719.2,1
110,116,4,0.1,0.3,0.3,0.5,0.7,0.1,0.8,0.7,0.1,0.3,0.1,82876.7,1
110,125,2,0,0.3,0.2,0.1,0.6,0.1,0.2,0.1,0.2,0.2,0,37170,1
110,127,7,0.5,0.5,0.2,1.2,1.2,0.2,1.4,0.2,0.8,0.5,0.3,138127.7,1
110,131,14,1,1,0.4,2.4,2.4,0.3,2.7,0.4,1.7,1,0.7,276255.5,1
110,134,4,0.2,0.5,0.2,0.2,0.8,0.1,0.8,0.7,0.2,0.3,0,69486.7,1
110,139,5,0.3,0.8,0.3,1.1,1.3,0,0.2,0.6,0,0.2,0.2,84096.4,1
110,143,6,0.2,0.8,0.3,0.7,1.3,0.1,1.3,0.3,0.5,0.5,0,131135.5,1
110,145,10,0.4,1.4,0.5,1.2,2.2,0.1,2.1,0.5,0.8,0.8,0,218559.1,1
110,155,3,0.1,0.5,0.1,0.4,0.6,0.1,0.4,0.4,0.1,0.3,0,53090.4,1
110,159,2,0,0.4,0.3,0.2,0.7,0,0.2,0,0.2,0,0,37145.3,1
110,162,6,0.1,0.7,0.1,0.9,0.7,0.1,0.9,1.5,0.9,0.1,0,120956.9,1
110,175,3,0.2,0.2,0.2,0.9,0.2,0.4,0.2,0.3,0.1,0.3,0,59584.8,1
110,179,7,0.4,0.4,0.5,2.1,0.6,0.9,0.6,0.7,0.2,0.6,0,139031.3,1
110,181,2,0.1,0.1,0.1,0.6,0.2,0.3,0.2,0.2,0,0.2,0,39723.2,1
110,186,2,0.1,0.1,0.1,0.4,0.2,0.1,0.6,0.2,0.1,0.1,0,39747.7,1
110,195,14,0.8,0.6,0.5,2.7,2.6,0.5,2.4,1.9,1.3,0.4,0.3,322397.3,1
110,196,14,0.8,0.6,0.5,2.7,2.6,0.5,2.4,1.9,1.3,0.4,0.3,322397.3,1
110,197,92,3,0,0,18,10,4,11,19,7,19,1,1770173.8,0
110,198,113,1,12,3,12,19,4,25,28,7,0,2,2341165.8,0
110,199,71,1,9,3,4,16,0,18,11,2,7,0,1377402.4,0
110,200,41,1,8,3,3,13,1,4,2,3,2,1,886305.5,0
110,201,102.5,0,24.5,5,11,35,5,4,0,15,0,3,2060272,0
110,202,6,0.1,0.9,0.4,0.5,1.4,0.1,0.8,1,0.3,0.4,0.1,136834.6,1
110,206,2,0,0.3,0.1,0.2,0.5,0,0.3,0.3,0.1,0.1,0.1,45611.5,1
110,207,1,0.1,0.1,0.1,0.2,0.2,0,0.1,0.1,0.1,0,0,21921.6,1
110,209,8,0.4,1.1,0.7,1.2,1.8,0.3,0.5,0.7,0.7,0.3,0.3,175372.8,1
110,210,24,1.2,3.3,2,3.5,5.5,0.8,1.6,2,2.3,1,0.8,526118.5,1
110,211,18,0.9,2.5,1.5,2.6,4.1,0.6,1.2,1.5,1.7,0.8,0.6,394588.9,1
110,212,3,0.2,0.3,0,0.6,0.5,0.2,0.2,0.4,0.4,0.1,0.1,60404.8,1
110,213,7,0.5,0.7,0.2,1.4,1.2,0.4,0.4,0.9,0.9,0.2,0.2,140944.6,1
110,214,73,7,4,1,18,11,4,8,13,5,0,2,1648816.8,0
110,215,102,13,13,6,32,11,7,1,7,12,0,0,1921317.6,0
110,216,42,0,3.5,1,11,3,0,9,5,0.5,9,0,804885.2,0
110,217,90,1,7,1,13,13,3,3,8,1,40,0,1695634.7,0
110,218,35,0,1,4,4,7,0,6,7,1,5,0,772290.8,0
110,219,43,1,3,3,7,8,2,1,9,4,3,2,960921.1,0
110,220,78,5,2,1,20,14,0,5,18,2,9,2,1692722.3,0
110,230,15,1,1,0.4,3.1,3.1,0.7,1.1,1.4,0.7,1.4,1.1,357446.5,1
110,231,113,6,11,3,15,22,0,6,28,5,14,3,2280224.4,0
110,232,61,2,7,3,6,18,0,4,8,3,7,3,1262037.2,0
110,233,93,8,14,11,11,17,0,12,7,6,3,4,1714745,0
110,234,106.5,4,14,1,20,32,4,5,7,15.5,2,2,2281513.6,0
110,235,68,6,7,2,16,16,2,2,1,14,0,2,1440108.1,0
110,239,2,0.1,0.1,0.2,0.5,0.3,0.1,0.3,0.2,0.1,0,0.1,62665.3,1
111,14,2,0.1,0.1,0.2,0.2,0.5,0,0.1,0.5,0.1,0.2,0,48850.2,1
111,21,4,0.2,0.2,0.4,0.4,0.9,0,0.3,1,0.2,0.4,0,97700.4,1
111,25,1,0,0.1,0,0.1,0.3,0,0.1,0.2,0.1,0,0.1,19163.9,1
111,31,1,0,0.1,0,0.1,0.3,0,0.1,0.2,0.1,0,0.1,19163.9,1
111,32,5,0.1,0.5,0.5,0.3,1.7,0,0.5,1.1,0.1,0.1,0.1,113558.1,1
111,37,1,0,0.1,0.1,0.1,0.4,0,0.1,0.2,0,0,0,22711.6,1
111,50,29.5,2.1,1.4,1.4,9,2.8,2.1,4.1,1.4,3.8,1.4,0,631652.9,1
111,51,133.5,16,14.5,5,38,24,6,2,5,19,0,4,2650085.2,0
111,52,88,0,4,5,6,10,1,28,29,2,2,1,2239162.1,0
111,53,73,3,11,5,11,18,2,7,9,2,4,1,1421206.3,0
111,54,64,4,6.5,6,11,12,3.5,9,5,5,2,0,1163250.2,0
111,55,4,0.1,0.4,0.3,0.5,1.2,0,0.9,0.2,0.2,0,0.2,94471.6,1
111,59,9,0,1,1.1,0.2,2.6,0.2,1.8,1.1,0.7,0,0.3,202802.4,1
111,60,7,0,0.8,0.8,0.1,2.1,0.1,1.4,0.8,0.6,0,0.3,157735.2,1
111,63,20,1.9,3.9,0.8,3.1,4.3,0.8,1.2,1.6,0.4,0,2,456306.7,1
111,69,2,0.2,0.1,0,0.5,0.4,0.1,0.1,0.2,0.3,0.1,0,40138.2,1
111,70,1,0.1,0.1,0,0.2,0.2,0.1,0,0.1,0.2,0,0,20069.1,1
111,116,2,0,0.2,0.2,0.3,0.3,0,0.4,0.3,0,0.2,0.1,41438.4,1
111,124,14,0.4,2.2,1.3,0.9,3.9,0.4,1.8,0.5,1.3,1.3,0,260190.3,1
111,131,13,1,1,0.3,2.2,2.2,0.3,2.5,0.3,1.6,1,0.6,256522.9,1
111,132,36,1.5,4.6,1.5,2.3,7.7,0.8,6.9,6.1,2.3,2.3,0,625380.4,1
111,133,2,0.1,0.3,0.1,0.1,0.4,0.1,0.4,0.3,0.1,0.1,0,34743.4,1
111,143,6,0.2,0.8,0.3,0.7,1.3,0.1,1.3,0.3,0.5,0.5,0,131135.5,1
111,147,4,0.1,0.6,0.2,0.5,0.9,0.1,0.8,0.2,0.3,0.3,0,87423.6,1
111,156,4,0.1,0.7,0.1,0.6,0.8,0.1,0.6,0.6,0.1,0.3,0,70787.3,1
111,187,7,0.9,0.9,0,1,1.3,0.3,0.5,1,0.9,0,0.2,133932.5,1
111,188,4,0.5,0.5,0,0.6,0.8,0.2,0.2,0.6,0.5,0,0.1,76532.9,1
111,189,2,0.2,0.3,0,0.3,0.4,0.1,0.1,0.3,0.3,0,0,38266.4,1
111,190,2,0.2,0.3,0,0.3,0.4,0.1,0.1,0.3,0.3,0,0,38266.4,1
111,196,33,1.8,1.5,1.2,6.4,6.1,1.2,5.8,4.5,3,0.9,0.6,759936.5,1
111,197,108,2,19,3,10,34,4,5,8,20,2,1,1973453.4,0
111,198,117,5,13,4,15,28,2,27,6,14,2,1,2676171.7,0
111,199,123,4,14,14,23,25,4,13,11,11,4,0,2218011,0
111,200,89,2,13,8,8,27,2,11,10,5,0,3,1686271.3,0
111,201,55,0,16.3,0.9,2.6,18.1,0,3.4,0.9,7.7,1.7,3.4,1176572.1,1
111,202,10,0.1,1.4,0.6,0.9,2.4,0.2,1.3,1.6,0.5,0.7,0.3,228057.6,1
111,203,1,0,0.1,0.1,0.1,0.2,0,0.1,0.2,0.1,0.1,0,22805.8,1
111,204,8,0.1,1.1,0.5,0.7,1.9,0.1,1.1,1.3,0.4,0.6,0.2,182446.1,1
111,206,10,0.1,1.4,0.6,0.9,2.4,0.2,1.3,1.6,0.5,0.7,0.3,228057.6,1
111,207,2,0.1,0.3,0.2,0.3,0.4,0,0.1,0.2,0.2,0.1,0.1,43843.2,1
111,209,8,0.4,1.1,0.7,1.2,1.8,0.3,0.5,0.7,0.7,0.3,0.3,175372.8,1
111,210,37,3,1,3,6,4,0,12,2,1,2,3,986585.4,0
111,211,5,0.3,0.7,0.4,0.7,1.1,0.2,0.3,0.4,0.5,0.2,0.2,109608,1
111,212,6,0.4,0.6,0.1,1.2,1.1,0.4,0.4,0.8,0.7,0.1,0.2,120809.6,1
111,213,19,1.2,1.8,0.5,3.8,3.4,1.1,1.1,2.5,2.4,0.5,0.7,382563.9,1
111,214,112.5,3,7,5,23,22,0,18,17,12.5,3,2,2338483.1,0
111,215,72,3,2,2,11,4,2,19,19,5,5,0,1544453.3,0
111,216,60,2,4,5,10,12,1,4,5,5,10,2,1287774.1,0
111,217,118,2,8,7,6,24,2,20,25,4,13,7,2586657.1,0
111,218,97,6,3,2,23,20,4,14,10,6,7,2,2262562.7,0
111,219,65.5,3,5.5,4,20,11,1,13,5,1,2,0,1524541.5,0
111,220,17,0.5,1.1,1.1,3.1,3.1,0.7,2.2,2.3,1.6,1.1,0.2,404257.1,1
111,226,2,0.1,0.1,0.1,0.4,0.4,0.1,0.1,0.2,0.1,0.2,0.2,47659.5,1
111,230,46,0,7,5,5,12,0,1,6,1,6,3,842759.4,0
111,231,101,4,10,9,16,20,2,13,11,7,7,2,2072681.4,0
111,232,84.5,7,6.5,2,18,16,1.5,6,11,2.5,14,0,1754919.6,0
111,233,36,2,3.5,0,10,7,2.5,0,3,6,1,1,810277.2,0
111,234,28,1.5,4.9,1.1,6.3,7.5,0.4,0.7,0.7,4.1,0.4,0.4,606137.5,1
111,235,31,1.7,5.4,1.2,7,8.3,0.4,0.8,0.8,4.6,0.4,0.4,671080.8,1
111,236,4,0.2,0.7,0.2,0.9,1.1,0,0.1,0.1,0.6,0,0.1,86591.1,1
111,240,2,0.1,0.1,0.2,0.5,0.3,0.1,0.3,0.2,0.1,0,0.1,62665.3,1
111,248,3,0.2,0.2,0.1,0.3,0.6,0.1,0.7,0.1,0.3,0.2,0.2,62500.7,1
111,251,7,0.6,0.6,0.3,0.8,1.4,0.1,1.6,0.1,0.7,0.4,0.4,145835,1
112,22,2,0.1,0.1,0.2,0.4,0.3,0,0.3,0.4,0.1,0,0.1,43439.2,1
112,25,4,0.1,0.1,0.5,0.8,0.6,0.1,0.6,0.8,0.2,0,0.2,86878.5,1
112,49,1,0,0.1,0,0.1,0.3,0,0.1,0.3,0.1,0,0,27325.9,1
112,50,16,0,1.8,0,1.9,4.9,0,1.9,3.7,1.8,0,0,437214.5,1
112,51,97,5,18,4,20,21,6,4,5,13,0,1,2081604.5,0
112,52,62,1,8,1,4,6,2,19,16,1,4,0,1476147.7,0
112,53,89,4,2.5,9,17,11,1,9,24,4.5,6,1,1760005.2,0
112,54,75,2,5,7,6,17,0,9,18,3,4,4,1890270.7,0
112,56,4,0,0.6,0.3,0.1,1.2,0,0.8,0.4,0.1,0.1,0.4,95627.9,1
112,68,4,0.2,0.6,0.1,0.6,1,0.2,0.3,0.5,0.4,0,0.1,87428.7,1
112,69,3,0.2,0.4,0.1,0.4,0.7,0.2,0.2,0.4,0.3,0,0.1,65571.5,1
112,71,3,0.2,0.4,0.1,0.4,0.7,0.2,0.2,0.4,0.3,0,0.1,65571.5,1
112,82,6,0.1,1.2,0.4,0.7,1.4,0.2,0.5,0.7,0.4,0.4,0,98686,1
112,90,1,0,0.2,0.1,0.1,0.2,0,0.1,0.1,0.1,0.1,0,16447.7,1
112,118,4,0.1,0.6,0.2,0.5,0.7,0,0.8,0.5,0.2,0.3,0.1,91172.2,1
112,132,34,1,1,0,7,5,3,3,9,2,2,1,674360.9,0
112,133,9,0.5,0.3,0.3,1.9,1,0.7,1.4,1.4,1,0.5,0,186490,1
112,136,8,0.4,0.3,0.3,1.7,0.9,0.6,1.2,1.2,0.9,0.5,0,165768.9,1
112,137,2,0.2,0.2,0.1,0.4,0.3,0,0.5,0.1,0.1,0.1,0,40228.6,1
112,149,5,0.3,0.8,0.4,0.9,1.2,0.1,0.5,0.2,0.3,0.3,0,98183.7,1
112,151,1,0.1,0.2,0.1,0.2,0.2,0,0.1,0,0,0.1,0,19636.7,1
112,158,2,0.2,0,0.1,0.3,0.3,0.2,0.4,0.4,0.1,0,0,34267.3,1
112,166,6,0.4,0.3,0.3,1.6,1,0.2,0.4,0.8,0.5,0.4,0.1,123558.2,1
112,173,4,0.1,0.5,0.1,0.7,0.8,0.1,0.7,0.4,0.3,0.2,0.1,74388.3,1
112,174,20,0.6,2.6,0.6,3.5,3.8,0.6,3.5,1.8,1.5,0.9,0.6,371941.6,1
112,175,61,1,13,2,9,17,2,3,1,8,3,2,1211531.1,0
112,190,8,0.1,0.6,0.2,1.4,1.2,0.4,1,1.6,0.9,0.1,0.5,156722.4,1
112,192,2,0.1,0,0.1,0.4,0.3,0.2,0.1,0.3,0.3,0.2,0,39897.9,1
112,193,7,0.5,0.2,0.2,1.3,1.1,0.7,0.3,1,1,0.7,0,139642.6,1
112,196,3,0.2,0.1,0.1,0.6,0.5,0.3,0.1,0.4,0.4,0.3,0,59846.8,1
112,197,3,0.3,0.3,0.4,0.4,0.6,0.1,0.3,0.3,0.1,0.1,0.1,60385.9,1
112,198,39,3,4,1,11,5,1,2,4,5,3,0,829083.5,0
112,199,57,2,7,4,11,14,2,5,4,2,2,4,1278059.5,0
112,200,30,0,0,1,1,3,0,9,15,0,1,0,698885.8,0
112,202,5,0.4,0.2,0.3,0.8,0.6,0.3,0.8,0.9,0.4,0.2,0.1,94752.7,1
112,210,11,0.9,1.2,0.7,1.8,2,0.4,1,1.8,0.9,0.3,0,241356.6,1
112,213,21,1.9,2.2,0.8,4.1,3.6,0.8,3.2,2.4,1.2,0.1,0.7,441499,1
112,214,67,6,4,1,17,9,4,9,8,5,2,2,1429999.5,0
112,215,62,2,4,2,12,13,2,7,10,3,7,0,1244841.6,0
112,216,157.5,9,21,8,30,33,11,9,14,14.5,7,1,2774895.1,0
112,217,40,1,4,2,4,10,2,2,7,1,4,3,740020.6,0
112,218,24.5,0.4,1.6,2.2,1.3,5.7,0,5.7,1.8,0.9,4,0.9,647547.6,1
112,230,18,1,2,3,4,3,1,2,2,0,0,0,259678.3,0
112,231,71,0,8,2,12,16,1,7,10,5,7,3,1565131.2,0
112,232,14,0.4,0,0.4,1.1,1.1,0,1.5,3.8,0,4.9,0.8,279437.6,1
112,233,10,0.3,0,0.3,0.8,0.8,0,1.1,2.7,0,3.5,0.5,199598.3,1
112,234,2,0,0,0.1,0.2,0.2,0,0.2,0.5,0,0.7,0.1,39919.7,1
112,238,3,0.1,0.2,0,0.3,0.3,0.1,0.8,0.6,0.1,0.5,0,62145,1
112,245,1,0.1,0.1,0.2,0.2,0.1,0,0.1,0.1,0.1,0,0,18963.9,1
112,251,11.5,0.7,0.9,2.1,2.4,1,0.3,1.4,1.4,1,0.3,0,218084.6,1
113,12,4,0,0.4,0.4,0.5,0.9,0,0.5,0.4,0.4,0.3,0.2,94575.3,1
113,14,4,0,0.4,0.4,0.5,0.9,0,0.5,0.4,0.4,0.3,0.2,94575.3,1
113,20,1,0,0.1,0.1,0.1,0.2,0,0.1,0.1,0.1,0.1,0.1,23643.8,1
113,26,4,0.1,0.1,0.5,0.8,0.6,0.1,0.6,0.8,0.2,0,0.2,86878.5,1
113,36,4,0.2,0.2,0.2,0.5,0.6,0,0.9,0.8,0,0.4,0.2,99483,1
113,38,3,0.1,0.2,0.2,0.4,0.4,0,0.7,0.6,0,0.3,0.1,74612.3,1
113,50,4,0,0.5,0,0.5,1.2,0,0.5,0.9,0.4,0,0,109303.6,1
113,51,98.5,4,14.5,8,17,23,4,8,6,11,1,2,2419880.6,0
113,52,54,2,5,0,10,9,3,13,5,3,1,3,1307352.4,0
113,53,103.5,4,8.5,7,15,18,2,27,16,2,1,3,2163178.4,0
113,54,50.5,3,7.5,0,6,8,0,5,17,3,0,1,844321.4,0
113,55,2,0,0.3,0.2,0,0.6,0,0.4,0.2,0.1,0,0.2,47814,1
113,56,2,0,0.3,0.2,0,0.6,0,0.4,0.2,0.1,0,0.2,47814,1
113,69,11,0.5,1.6,0.4,1.7,2.6,0.5,0.9,1.3,1.1,0,0.4,240428.9,1
113,74,2,0.2,0.1,0.1,0.3,0.2,0.1,0.5,0.2,0.2,0.1,0,40926.2,1
113,79,11,0.9,0.4,0.6,1.9,1.3,0.4,3,1.1,1,0.4,0,225094.3,1
113,81,7,0.6,0.2,0.4,1.2,0.9,0.2,1.9,0.7,0.6,0.3,0,143241.9,1
113,90,2,0.1,0.4,0.1,0.2,0.5,0.1,0.2,0.2,0.1,0.1,0,32895.3,1
113,92,5,0.1,0.5,0.8,0.5,1,0,0.1,0.8,0.5,0.5,0.2,92807.7,1
113,99,6,0,0.6,0.3,0.3,1.4,0,2,1.4,0,0,0,107504.5,1
113,101,5,0,0.5,0.2,0.2,1.2,0,1.7,1.2,0,0,0,89587.1,1
113,105,3,0.1,0.1,0,0.5,0.5,0.1,0.2,0.9,0.1,0.3,0.2,53835.4,1
113,108,7,0.2,0.4,0,1.1,1.1,0.2,0.4,2.1,0.3,0.7,0.5,125616,1
113,118,3,0.1,0.4,0.1,0.4,0.5,0,0.6,0.4,0.2,0.2,0.1,68379.2,1
113,134,4,0.2,0.1,0.2,0.8,0.5,0.3,0.6,0.6,0.5,0.2,0,82884.4,1
113,146,7,0.4,1.2,0.6,1,1.5,0.1,1.2,0.4,0.1,0.4,0.1,145114.4,1
113,147,7,0.5,1.1,0.6,1.2,1.7,0.1,0.6,0.3,0.4,0.5,0,137457.1,1
113,148,17,1.1,2.8,1.4,3,4.1,0.2,1.6,0.7,0.9,1.2,0,333824.5,1
113,149,89.5,2.5,13.5,10,10,25,3,3,12,6.5,4,0,1697523.8,0
113,150,28,1,3,2,5,4,0,2,5,2,4,0,524802.7,0
113,151,16,1.1,2.6,1.3,2.8,3.9,0.2,1.5,0.6,0.9,1.1,0,314187.7,1
113,152,8,0.6,0,0.4,1.4,1,1,1.5,1.7,0.4,0,0,137069.2,1
113,153,1,0.1,0,0.1,0.2,0.1,0.1,0.2,0.2,0,0,0,17133.7,1
113,154,1,0.1,0,0.1,0.2,0.1,0.1,0.2,0.2,0,0,0,17133.7,1
113,171,2,0.1,0.1,0.1,0.5,0.4,0.1,0.1,0.3,0.2,0.1,0,41186.1,1
113,173,29.5,3.5,0,2,6,0,1,13,3,0,0,1,675126.6,0
113,174,59,4,4,3,7,13,2,14,3,1,8,0,1089911.9,0
113,175,75.5,3.5,8,12,6,18,2,15,5,2,4,0,1579888.9,0
113,176,37,1,6,0,4,9,0,8,4,4,1,0,838802.9,0
113,177,2,0.1,0.1,0.2,0.2,0.3,0,0.5,0.4,0,0.2,0,37632.1,1
113,180,2,0.1,0.1,0.2,0.2,0.3,0,0.5,0.4,0,0.2,0,37632.1,1
113,182,6,0.1,0.5,0.1,1,0.9,0.3,0.8,1.1,0.7,0.1,0.4,117541.8,1
113,184,19,0.2,1.5,0.5,3.2,2.9,1,2.4,3.7,2.2,0.2,1.2,372215.7,1
113,190,6,0.1,0.5,0.1,1,0.9,0.3,0.8,1.1,0.7,0.1,0.4,117541.8,1
113,194,4,0.3,0.1,0.1,0.7,0.6,0.4,0.2,0.6,0.6,0.4,0,79795.8,1
113,196,6,0.4,0.1,0.1,1.1,1,0.6,0.3,0.9,0.9,0.6,0,119693.6,1
113,197,3,0.3,0.3,0.4,0.4,0.6,0.1,0.3,0.3,0.1,0.1,0.1,60385.9,1
113,198,9,0.8,0.9,1.1,1.2,1.9,0.4,1,0.8,0.3,0.4,0.2,181157.7,1
113,199,33,2.8,3.5,4,4.5,7.1,1.4,3.6,2.8,1.2,1.4,0.7,664244.9,1
113,200,30,2.6,3.2,3.6,4.1,6.4,1.3,3.2,2.6,1.1,1.3,0.6,603859,1
113,201,33,2,1,1,7,7,1,1,8,4,1,0,673992.7,0
113,202,20,1.6,0.8,1.2,3.1,2.3,1.2,3.5,3.5,1.6,0.8,0.4,379010.7,1
113,213,73,5,5,0,19,11,4,7,11,9,1,1,1446687.4,0
113,214,135.5,15,9,9,40,16,7.5,14,7,13,5,0,2585328,0
113,215,14,1.3,1.4,0.5,2.7,2.4,0.5,2.2,1.6,0.8,0.1,0.5,294332.6,1
113,216,6,0.6,0.6,0.2,1.2,1.1,0.2,0.9,0.7,0.3,0,0.2,126142.6,1
113,217,16,0.3,1,1.4,0.9,3.7,0,3.7,1.2,0.6,2.6,0.6,422888.2,1
113,218,2,0,0.1,0.2,0.1,0.5,0,0.5,0.1,0.1,0.3,0.1,52861,1
113,219,3,0,0.2,0.3,0.2,0.7,0,0.7,0.2,0.1,0.5,0.1,79291.5,1
113,231,10,0.8,1.2,1,1.3,2.1,0,1.3,1.3,0,0.8,0.2,228478.8,1
113,232,2,0,0,0.1,0.2,0.2,0,0.2,0.5,0,0.7,0.1,39919.7,1
113,236,3,0.1,0,0.1,0.2,0.2,0,0.3,0.8,0,1.1,0.2,59879.5,1
113,240,1,0,0.1,0,0.1,0.1,0,0.3,0.2,0,0.2,0,20715,1
113,241,2,0.1,0.1,0,0.2,0.2,0.1,0.6,0.4,0,0.3,0,41430,1
113,245,2,0.1,0.1,0.4,0.4,0.2,0.1,0.2,0.2,0.2,0.1,0,37927.8,1
114,1,7,0.4,0.6,0.2,1.3,0.9,0.4,0.6,0.7,0.6,1.3,0,141500.5,1
114,9,2,0.3,0.1,0,0.7,0.2,0.1,0.2,0,0.3,0.1,0,45085.9,1
114,11,4,0.6,0.2,0,1.5,0.4,0.2,0.4,0.1,0.5,0.1,0,90171.8,1
114,17,5,0,0.5,0.5,0.6,1.1,0,0.6,0.6,0.5,0.4,0.2,118219.1,1
114,20,2,0,0.2,0.2,0.3,0.4,0,0.3,0.2,0.2,0.1,0.1,47287.7,1
114,21,2,0,0.2,0.2,0.3,0.4,0,0.3,0.2,0.2,0.1,0.1,47287.7,1
114,28,7,0.3,0.1,0.8,1.4,1.1,0.1,1.1,1.4,0.3,0,0.4,152037.3,1
114,38,2,0.1,0.1,0.1,0.2,0.3,0,0.5,0.4,0,0.2,0.1,49741.5,1
114,51,5,0,0.6,0,0.6,1.5,0,0.6,1.1,0.6,0,0,136629.5,1
114,52,51,0,7.4,4,1.3,14.8,0,10.7,4.7,2,1.4,4.7,1219256.3,1
114,53,84,2,5,12,6,30,0,12,8,5,2,2,1833668,0
114,60,9,0.4,0.2,0.9,1.3,1.5,0.2,1.9,1.9,0.5,0.2,0,230380.9,1
114,62,11,0.7,1.1,0.7,1.9,1.2,0.2,1.8,1.4,1.1,0.4,0.5,284820.6,1
114,63,2,0.1,0.2,0.1,0.4,0.2,0,0.3,0.3,0.2,0.1,0.1,51785.6,1
114,66,5,0.3,0.5,0.3,0.9,0.6,0.1,0.8,0.6,0.5,0.2,0.2,129463.9,1
114,67,99.5,2,18.5,8,7,27,0,24,6,4,0,3,1870816.6,0
114,68,57,3,11,3,8,13,1,5,7,3,2,1,1242641.8,0
114,69,31,1.6,4.6,1,4.7,7.2,1.6,2.6,3.6,3.1,0,1,677572.4,1
114,79,3,0.3,0.1,0.1,0.5,0.4,0.1,0.8,0.3,0.3,0.1,0,61389.4,1
114,92,2,0,0.2,0.3,0.2,0.4,0,0.1,0.3,0.2,0.2,0.1,37123.1,1
114,96,1,0,0.1,0.2,0.1,0.2,0,0,0.2,0.1,0.1,0,18561.5,1
114,97,2,0,0.2,0.1,0.1,0.5,0,0.6,0.5,0,0,0,35834.8,1
114,118,6,0.1,0.9,0.3,0.8,1,0,1.2,0.8,0.4,0.4,0.1,136758.3,1
114,134,16,0.9,0.6,0.6,3.4,1.8,1.2,2.4,2.4,1.8,0.9,0,331537.7,1
114,135,9,0.5,0.3,0.3,1.9,1,0.7,1.4,1.4,1,0.5,0,186490,1
114,145,5,0.3,0.8,0.4,0.7,1.1,0.1,0.8,0.3,0.1,0.3,0.1,103653.2,1
114,147,32,4,0,2,14,2,3,5,0,2,0,0,697963.7,0
114,148,63,7,7,3,21,8,2,2,0,13,0,0,1343461.6,0
114,149,94.5,7.5,5.5,6,19,10,3,7,16,9.5,11,0,1658939.5,0
114,150,99.5,6,9,4,17,19,4,11,16,3.5,7,3,1815702.9,0
114,151,39,0,1,1,3,8,1,15,1,2,6,1,770851.9,0
114,157,4,0.3,0,0.2,0.7,0.5,0.5,0.8,0.8,0.2,0,0,68534.6,1
114,163,6,0.4,0.3,0.3,1.6,1,0.2,0.4,0.8,0.5,0.4,0.1,123558.2,1
114,171,6,0.4,0.3,0.3,1.6,1,0.2,0.4,0.8,0.5,0.4,0.1,123558.2,1
114,174,87,6,11,6,20,19,4,9,3,4,4,1,1553909.5,0
114,175,68,3,3,9,14,12,1,7,8,3,7,1,1382158.6,0
114,176,30,0.9,4,0.9,5.3,5.7,0.9,5.3,2.6,2.2,1.3,0.9,557912.4,1
114,177,5,0.3,0.3,0.4,0.5,0.8,0.1,1.2,0.9,0,0.5,0,94080.3,1
114,178,2,0.1,0.1,0.2,0.2,0.3,0,0.5,0.4,0,0.2,0,37632.1,1
114,192,3,0.2,0.1,0.1,0.6,0.5,0.3,0.1,0.4,0.4,0.3,0,59846.8,1
114,195,6,0.4,0.1,0.1,1.1,1,0.6,0.3,0.9,0.9,0.6,0,119693.6,1
114,197,2,0.2,0.2,0.2,0.3,0.4,0.1,0.2,0.2,0.1,0.1,0,40257.3,1
114,199,10,0.9,1.1,1.2,1.3,2.1,0.4,1.1,0.9,0.4,0.4,0.2,201286.3,1
114,200,2,0.2,0.2,0.2,0.3,0.4,0.1,0.2,0.2,0.1,0.1,0,40257.3,1
114,201,29,2.5,3.1,3.5,3.9,6.2,1.3,3.1,2.5,1,1.3,0.6,583730.4,1
114,204,6,0.5,0.2,0.4,0.9,0.7,0.3,1.1,1.1,0.5,0.2,0.1,113703.2,1
114,208,8,0.7,0.9,0.5,1.3,1.5,0.3,0.7,1.3,0.6,0.2,0,175532.1,1
114,210,5,0.4,0.6,0.3,0.8,0.9,0.2,0.5,0.8,0.4,0.1,0,109707.6,1
114,211,8,0.7,0.9,0.5,1.3,1.5,0.3,0.7,1.3,0.6,0.2,0,175532.1,1
114,212,9,0.8,0.9,0.4,1.7,1.6,0.3,1.4,1,0.5,0.1,0.3,189213.8,1
114,213,12,1.1,1.2,0.5,2.3,2.1,0.5,1.8,1.4,0.6,0.1,0.4,252285.1,1
114,214,21.5,1.9,2.2,0.8,4.2,3.7,0.8,3.3,2.5,1.2,0.2,0.7,452010.8,1
114,216,4,0.4,0.4,0.2,0.8,0.7,0.1,0.6,0.5,0.2,0,0.1,84095,1
114,217,4,0.1,0.3,0.4,0.2,0.9,0,0.9,0.3,0.1,0.7,0.1,105722.1,1
114,229,2,0.1,0.2,0.2,0.3,0.4,0,0.3,0.3,0,0.2,0,45695.8,1
114,230,1,0.1,0.1,0.1,0.1,0.2,0,0.1,0.2,0,0.1,0,22847.9,1
114,231,16,1.2,1.8,1.5,2.2,3.4,0,2.2,2.2,0,1.2,0.3,365566,1
114,232,4,0.1,0,0.1,0.3,0.3,0,0.5,1.1,0,1.4,0.2,79839.3,1
114,246,2,0.1,0.1,0.4,0.4,0.2,0.1,0.2,0.2,0.2,0.1,0,37927.8,1
114,254,7,0.4,0.9,0.1,1.5,1.2,0.2,1.4,0.2,0.9,0.2,0,125953,1
115,1,2,0.1,0.2,0,0.4,0.3,0.1,0.2,0.2,0.1,0.4,0,40428.7,1
115,11,13,2,0.6,0,4.8,1.4,0.5,1.4,0.3,1.7,0.3,0,293058.3,1
115,20,4,0,0.4,0.4,0.5,0.9,0,0.5,0.4,0.4,0.3,0.2,94575.3,1
115,24,2,0.1,0.1,0.2,0.4,0.3,0,0.3,0.4,0.1,0,0.1,43439.2,1
115,25,3,0.1,0.1,0.3,0.6,0.4,0.1,0.5,0.6,0.1,0,0.2,65158.9,1
115,26,2,0.1,0.1,0.2,0.4,0.3,0,0.3,0.4,0.1,0,0.1,43439.2,1
115,27,2,0.1,0.1,0.2,0.4,0.3,0,0.3,0.4,0.1,0,0.1,43439.2,1
115,32,10,0.4,0.6,0.6,1.2,1.4,0,2.3,2.1,0,1,0.4,248707.6,1
115,37,4,0.2,0.2,0.2,0.5,0.6,0,0.9,0.8,0,0.4,0.2,99483,1
115,38,2,0.1,0.1,0.1,0.2,0.3,0,0.5,0.4,0,0.2,0.1,49741.5,1
115,39,4,0.2,0.2,0.2,0.5,0.6,0,0.9,0.8,0,0.4,0.2,99483,1
115,53,2,0,0.3,0.2,0,0.6,0,0.4,0.2,0.1,0,0.2,47814,1
115,54,13,0,1.9,1,0.3,3.8,0,2.7,1.2,0.5,0.4,1.2,310790.8,1
115,64,25,1.6,2.4,1.6,4.5,2.8,0.4,4.1,3.2,2.4,0.8,1.2,647319.5,1
115,65,30,2,5,0,6,4,1,0,3,3,4,2,612953.8,0
115,66,54.5,5,3.5,2,13,9,1,8,5,1,6,1,1184335.7,0
115,67,99,4,11,4,15,21,5,11,9,10,8,1,1973001,0
115,68,100,4,23,6,13,32,2,6,5,7,1,1,2223929.8,0
115,69,49.5,3,12,1,5,22,1,2,1,2.5,0,0,1141563.7,0
115,83,1,0,0.2,0.1,0.1,0.2,0,0.1,0.1,0.1,0.1,0,16447.7,1
115,84,5,0.1,1,0.3,0.6,1.2,0.2,0.4,0.6,0.3,0.3,0,82238.3,1
115,97,1,0,0.1,0.1,0.1,0.2,0,0.3,0.2,0,0,0,17917.4,1
115,100,1,0,0.1,0.1,0.1,0.2,0,0.3,0.2,0,0,0,17917.4,1
115,112,9,0.2,1.4,0.4,1.2,1.5,0,1.7,1.2,0.6,0.6,0.2,205137.5,1
115,118,5,0.1,0.8,0.2,0.6,0.9,0,1,0.7,0.3,0.3,0.1,113965.3,1
115,124,2,0.1,0.1,0.1,0.3,0.5,0,0.2,0.2,0.2,0.2,0.1,42604.8,1
115,126,3,0.1,0.1,0.1,0.5,0.7,0.1,0.3,0.3,0.3,0.4,0.1,63907.1,1
115,132,5,0.3,0.2,0.2,1,0.6,0.4,0.7,0.7,0.6,0.3,0,103605.5,1
115,148,2,0.1,0.3,0.2,0.4,0.5,0,0.2,0.1,0.1,0.1,0,39273.5,1
115,149,2,0.1,0.3,0.2,0.4,0.5,0,0.2,0.1,0.1,0.1,0,39273.5,1
115,150,17,1.1,2.8,1.4,3,4.1,0.2,1.6,0.7,0.9,1.2,0,333824.5,1
115,151,7,0.5,1.1,0.6,1.2,1.7,0.1,0.6,0.3,0.4,0.5,0,137457.1,1
115,152,2,0.2,0,0.1,0.3,0.3,0.2,0.4,0.4,0.1,0,0,34267.3,1
115,174,6,0.2,0.8,0.2,1,1.1,0.2,1.1,0.5,0.4,0.3,0.2,111582.5,1
115,175,43,0,2,5,3,7,3,10,9,3,1,0,793520.5,0
115,176,8,0.2,1.1,0.2,1.4,1.5,0.2,1.4,0.7,0.6,0.4,0.3,148776.7,1
115,178,1,0,0.1,0.1,0.1,0.2,0,0.2,0.2,0,0.1,0,18816.1,1
115,180,7,0.4,0.4,0.5,0.7,1.1,0.2,1.7,1.3,0,0.7,0,131712.4,1
115,193,1,0.1,0,0,0.2,0.2,0.1,0.1,0.1,0.1,0.1,0,19948.9,1
115,194,10,0.7,0.2,0.2,1.9,1.7,1,0.5,1.4,1.4,1,0,199489.4,1
115,198,2,0.2,0.2,0.2,0.3,0.4,0.1,0.2,0.2,0.1,0.1,0,40257.3,1
115,201,4,0.3,0.4,0.5,0.5,0.9,0.2,0.4,0.4,0.1,0.2,0.1,80514.5,1
115,208,12.5,1.1,1.4,0.8,2,2.3,0.5,1.1,2,1,0.3,0,274268.9,1
115,210,18,1.5,2,1.2,2.9,3.3,0.7,1.6,2.9,1.5,0.4,0,394947.2,1
115,211,9,0.8,1,0.6,1.5,1.6,0.3,0.8,1.5,0.7,0.2,0,197473.6,1
115,212,3,0.3,0.3,0.1,0.6,0.5,0.1,0.5,0.3,0.2,0,0.1,63071.3,1
115,214,32,2.9,3.3,1.2,6.2,5.6,1.2,4.9,3.7,1.8,0.2,1,672760.3,1
115,217,4,0.1,0.3,0.4,0.2,0.9,0,0.9,0.3,0.1,0.7,0.1,105722.1,1
115,225,6,0.4,0.7,0.6,0.8,1.3,0,0.8,0.8,0,0.5,0.1,137087.3,1
115,230,4,0.3,0.5,0.4,0.5,0.9,0,0.5,0.5,0,0.3,0.1,91391.5,1
116,7,4,0.6,0.2,0,1.5,0.4,0.2,0.4,0.1,0.5,0.1,0,90171.8,1
116,21,10,0,1.1,0.9,1.3,2.2,0,1.3,1.1,0.9,0.8,0.4,236438.3,1
116,27,5,0.2,0.1,0.6,1,0.7,0.1,0.8,1,0.2,0,0.3,108598.1,1
116,28,3,0.1,0.1,0.3,0.6,0.4,0.1,0.5,0.6,0.1,0,0.2,65158.9,1
116,31,4,0.1,0.1,0.5,0.8,0.6,0.1,0.6,0.8,0.2,0,0.2,86878.5,1
116,33,1,0,0.1,0.1,0.1,0.2,0,0.2,0.2,0,0.1,0,24870.8,1
116,42,2,0,0.1,0.1,0.1,0.4,0.1,0.2,0.4,0.1,0.4,0.1,39113.5,1
116,55,2,0,0.3,0.2,0,0.6,0,0.4,0.2,0.1,0,0.2,47814,1
116,58,4,0.2,0.1,0.4,0.6,0.7,0.1,0.8,0.8,0.2,0.1,0,102391.5,1
116,63,6,0.4,0.6,0.4,1,0.7,0.1,0.9,0.8,0.6,0.2,0.3,155356.7,1
116,64,1,0.1,0.1,0.1,0.2,0.1,0,0.2,0.1,0.1,0,0,25892.8,1
116,65,12,0.8,1.2,0.8,2.1,1.3,0.2,1.9,1.5,1.2,0.4,0.6,310713.4,1
116,66,107.5,8,7,6,16,28,8,10,10,6.5,7,1,2095400.8,0
116,67,145,7,12,12,35,20,7,20,12,8,7,5,2841351.1,0
116,68,58,2,9,7,8,18,1,4,3,2,3,1,1184676.4,0
116,69,108,1,25,12,8,35,1,2,5,14,2,3,2267617.7,0
116,70,53,3,8,0,13,11,3,2,0,11,1,1,1257448.5,0
116,71,8,0.4,1.2,0.3,1.2,1.9,0.4,0.6,0.9,0.8,0,0.3,174857.4,1
116,73,4,0.4,0.1,0.2,0.7,0.5,0.1,1.1,0.4,0.4,0.1,0,81852.5,1
116,74,3,0.3,0.1,0.1,0.5,0.4,0.1,0.8,0.3,0.3,0.1,0,61389.4,1
116,75,2,0.2,0.1,0.1,0.3,0.2,0.1,0.5,0.2,0.2,0.1,0,40926.2,1
116,76,7,0.6,0.2,0.4,1.2,0.9,0.2,1.9,0.7,0.6,0.3,0,143241.9,1
116,80,4,0.4,0.1,0.2,0.7,0.5,0.1,1.1,0.4,0.4,0.1,0,81852.5,1
116,92,5,0.1,0.5,0.8,0.5,1,0,0.1,0.8,0.5,0.5,0.2,92807.7,1
116,97,2,0,0.2,0.1,0.1,0.5,0,0.6,0.5,0,0,0,35834.8,1
116,101,4,0,0.4,0.2,0.2,0.9,0,1.3,1,0,0,0,71669.6,1
116,102,4,0.1,0.2,0,0.6,0.6,0.1,0.2,1.3,0.2,0.4,0.3,71780.5,1
116,103,2,0,0.1,0,0.3,0.3,0.1,0.1,0.6,0.1,0.2,0.2,35890.3,1
116,114,1,0,0.2,0,0.1,0.2,0,0.2,0.1,0.1,0.1,0,22793.1,1
116,135,2,0.1,0.1,0.1,0.4,0.2,0.2,0.3,0.3,0.2,0.1,0,41442.2,1
116,142,6,0.3,1.1,0.5,0.9,1.3,0.1,1,0.3,0.1,0.3,0.1,124383.8,1
116,145,9,0.5,1.5,0.7,1.3,2,0.1,1.5,0.5,0.2,0.5,0.2,186575.7,1
116,158,2,0.2,0,0.1,0.3,0.3,0.2,0.4,0.4,0.1,0,0,34267.3,1
116,161,4,0.3,0,0.2,0.7,0.5,0.5,0.8,0.8,0.2,0,0,68534.6,1
116,168,10,0.7,0.4,0.6,2.7,1.7,0.3,0.7,1.3,0.9,0.6,0.1,205930.4,1
116,169,5,0.4,0.2,0.3,1.3,0.9,0.1,0.4,0.6,0.4,0.3,0.1,102965.2,1
116,180,1,0,0.1,0.1,0.1,0.2,0,0.2,0.2,0,0.1,0,18816.1,1
116,199,11,0.9,1.2,1.3,1.5,2.4,0.5,1.2,0.9,0.4,0.5,0.2,221415,1
116,200,2,0.2,0.2,0.2,0.3,0.4,0.1,0.2,0.2,0.1,0.1,0,40257.3,1
116,204,7,0.6,0.3,0.4,1.1,0.8,0.4,1.2,1.2,0.6,0.3,0.1,132653.8,1
116,205,13,1,0.5,0.8,2,1.5,0.8,2.3,2.3,1,0.5,0.3,246357,1
116,207,17,1.4,1.9,1.1,2.8,3.1,0.6,1.5,2.8,1.4,0.4,0,373005.7,1
116,208,9,0.8,1,0.6,1.5,1.6,0.3,0.8,1.5,0.7,0.2,0,197473.6,1
116,210,4,0.3,0.4,0.3,0.7,0.7,0.1,0.4,0.7,0.3,0.1,0,87766,1
116,211,34,2.9,3.8,2.3,5.5,6.3,1.2,3,5.5,2.8,0.7,0,746011.4,1
116,212,16,1.4,1.6,0.6,3.1,2.8,0.6,2.5,1.9,0.9,0.1,0.5,336380.2,1
116,214,17,1.5,1.7,0.7,3.3,3,0.7,2.6,2,0.9,0.1,0.5,357403.9,1
116,217,2,0,0.1,0.2,0.1,0.5,0,0.5,0.1,0.1,0.3,0.1,52861,1
116,222,2,0.1,0.2,0.2,0.3,0.4,0,0.3,0.3,0,0.2,0,45695.8,1
116,228,2,0.1,0.2,0.2,0.3,0.4,0,0.3,0.3,0,0.2,0,45695.8,1
116,234,2,0,0,0.1,0.2,0.2,0,0.2,0.5,0,0.7,0.1,39919.7,1
116,241,1,0,0.1,0,0.1,0.1,0,0.3,0.2,0,0.2,0,20715,1
116,245,10,0.6,0.7,1.8,2.1,0.9,0.3,1.2,1.2,0.9,0.3,0,189638.8,1
117,1,3,0.2,0.2,0.1,0.6,0.4,0.2,0.2,0.3,0.2,0.6,0,60643.1,1
117,7,9,1.3,0.4,0,3.3,1,0.4,1,0.2,1.2,0.2,0,202886.5,1
117,27,1,0.1,0.1,0.1,0.1,0.3,0,0.1,0.2,0,0,0,21247.5,1
117,28,7,0.4,0.7,0.6,1,2,0,0.6,1.2,0.3,0.1,0.1,148732.4,1
117,29,22,1.1,2.2,2,3,6.3,0,2,3.7,0.9,0.4,0.4,467444.8,1
117,30,29,1.4,2.9,2.6,4,8.3,0,2.6,4.9,1.1,0.6,0.6,616177.2,1
117,32,3,0.1,0.2,0.2,0.4,0.4,0,0.7,0.6,0,0.3,0.1,74612.3,1
117,33,4,0.2,0.2,0.2,0.5,0.6,0,0.9,0.8,0,0.4,0.2,99483,1
117,38,3,0.2,0.1,0.1,0.6,0.4,0.1,0.6,0.5,0.1,0.2,0.1,68726.2,1
117,39,4,0.2,0.2,0.1,0.8,0.5,0.2,0.8,0.6,0.2,0.3,0.1,91635,1
117,40,2,0.1,0.1,0,0.4,0.3,0.1,0.4,0.3,0.1,0.2,0,45817.5,1
117,51,1,0,0.1,0.1,0,0.2,0,0.1,0.2,0,0.2,0.1,19556.8,1
117,55,6,0.3,0.1,0.6,0.9,1,0.1,1.3,1.3,0.3,0.1,0,153587.3,1
117,58,2,0.1,0.1,0.2,0.3,0.3,0,0.4,0.4,0.1,0.1,0,51195.8,1
117,62,4,0.1,0.5,0.3,0.3,0.9,0,0.5,0.7,0.2,0.5,0,89354.7,1
117,63,2,0.1,0.3,0.1,0.1,0.5,0,0.2,0.4,0.1,0.2,0,44677.3,1
117,65,14,0.4,1.8,0.9,0.9,3.1,0.2,1.7,2.4,0.7,1.7,0.2,312741.3,1
117,66,49,1.3,6.5,3.2,3.2,11,0.6,5.8,8.4,2.6,5.8,0.6,1094594.6,1
117,67,59,2,2,2,13,11,0,4,10,4,10,1,987237.6,0
117,68,63,5,5,3,13,10,2,5,12,3,5,0,1347695.8,0
117,69,79,1,11.5,3,15,17,3,9,2,12.5,0,5,1916808.7,0
117,70,87,7,12,5,18,17,2,3,11,11,0,1,1851923.4,0
117,72,6,0.5,0.2,0.3,1.1,0.7,0.2,1.7,0.6,0.5,0.2,0,122778.7,1
117,80,15,0.9,0.9,2.4,2.4,3.3,0.9,0,1.9,0.9,1.4,0,259341,1
117,91,5,0.1,1,0.3,0.6,1.2,0.2,0.4,0.6,0.3,0.3,0,82238.3,1
117,109,10,0.3,0.5,0,1.5,1.5,0.3,0.5,3.1,0.5,1,0.8,179451.4,1
117,117,2,0.1,0.2,0.1,0.5,0.5,0,0.3,0.1,0.1,0,0.1,43979.7,1
117,127,4,0.1,0.1,0.2,0.6,0.9,0.1,0.5,0.5,0.4,0.5,0.1,85209.5,1
117,134,2,0.2,0.2,0.1,0.4,0.3,0,0.5,0.1,0.1,0.1,0,40228.6,1
117,137,4,0.4,0.4,0.1,0.7,0.6,0.1,1.1,0.2,0.1,0.2,0.1,80457.3,1
117,148,3,0.2,0.5,0.2,0.4,0.6,0,0.5,0.2,0.1,0.2,0.1,62191.9,1
117,149,1,0,0.2,0.1,0.1,0.2,0,0.2,0.1,0,0.1,0,20730.6,1
117,154,6,0.5,0,0.3,1,0.7,0.7,1.2,1.3,0.3,0,0,102801.9,1
117,157,2,0.2,0,0.1,0.3,0.3,0.2,0.4,0.4,0.1,0,0,34267.3,1
117,182,4,0,0.3,0.1,0.7,0.6,0.2,0.5,0.8,0.5,0,0.3,78361.2,1
117,189,14,0.2,1.1,0.4,2.3,2.1,0.7,1.8,2.7,1.6,0.2,0.9,274264.2,1
117,195,2,0,0.1,0.2,0.2,0.4,0,0.4,0.3,0.1,0.2,0.1,40775,1
117,201,5,0.1,0.3,0.4,0.4,1,0.1,0.9,0.8,0.3,0.5,0.2,101937.5,1
117,209,4,0,0.3,0.1,0.5,1,0.1,0.4,0.8,0.2,0.5,0.1,85162.4,1
117,211,9,0.1,0.7,0.2,1.2,2.1,0.2,1,1.7,0.4,1.2,0.2,191615.4,1
117,212,14,0.6,0.6,1.1,1.7,1.1,0,2.2,5.6,1.1,0,0,353789.4,1
117,221,7,0.4,0.5,0.3,1.7,1.3,0.4,0.6,0.6,0.9,0.3,0,150163.1,1
117,222,4,0.3,0.5,0.4,0.5,0.9,0,0.5,0.5,0,0.3,0.1,91391.5,1
117,223,1,0.1,0.1,0.1,0.1,0.2,0,0.1,0.2,0,0.1,0,22847.9,1
117,228,5,0.3,0.4,0.3,0.5,1,0.1,0.8,0.6,0.3,0.6,0.1,106721.6,1
117,229,4,0.2,0.3,0.2,0.4,0.9,0.1,0.6,0.5,0.2,0.5,0.1,85377.3,1
117,230,3,0.1,0.2,0.2,0.3,0.6,0.1,0.5,0.4,0.1,0.4,0.1,64032.9,1
117,231,2,0.1,0.2,0.1,0.2,0.4,0,0.3,0.3,0.1,0.3,0,42688.6,1
117,239,3,0.1,0.2,0,0.3,0.3,0.1,0.8,0.6,0.1,0.5,0,62145,1
117,242,3,0.1,0.2,0.1,0.4,0.6,0.2,0.5,0.4,0.3,0.2,0,64074.6,1
117,243,5,0.1,0.3,0.2,0.7,1,0.3,0.8,0.7,0.5,0.4,0,106791,1
117,245,5,0.1,0.3,0.2,0.7,1,0.3,0.8,0.7,0.5,0.4,0,106791,1
117,246,3,0.1,0.2,0.1,0.4,0.6,0.2,0.5,0.4,0.3,0.2,0,64074.6,1
117,254,7,0.4,0.9,0.1,1.5,1.2,0.2,1.4,0.2,0.9,0.2,0,125953,1
118,1,6,0.3,0.5,0.2,1.1,0.8,0.3,0.5,0.7,0.5,1.1,0,121286.1,1
118,2,4,0.2,0.5,0.3,0.6,1,0.1,0.6,0.3,0.3,0,0.1,88825.7,1
118,4,2,0.1,0.3,0.1,0.3,0.5,0.1,0.3,0.1,0.1,0,0.1,44412.8,1
118,5,2,0.1,0.3,0.1,0.3,0.5,0.1,0.3,0.1,0.1,0,0.1,44412.8,1
118,6,12,0.6,1.6,0.8,1.8,3.1,0.3,1.7,0.8,0.8,0.1,0.4,266477,1
118,7,4,0.6,0.2,0,1.5,0.4,0.2,0.4,0.1,0.5,0.1,0,90171.8,1
118,11,4,0.6,0.2,0,1.5,0.4,0.2,0.4,0.1,0.5,0.1,0,90171.8,1
118,12,5,0,0.5,0.5,0.6,1.1,0,0.6,0.6,0.5,0.4,0.2,118219.1,1
118,27,2,0.1,0.2,0.2,0.3,0.6,0,0.2,0.3,0.1,0,0,42495,1
118,29,65.5,5,2,5,16,5,3.5,18,6,5,0,0,1528870.6,0
118,30,148,3,28,14,9,53,2,5,9,9,1,15,2988638.1,0
118,31,66,3,12,3,7,25,0,5,3,8,0,0,1406640.3,0
118,52,4,0.2,0.1,0.4,0.6,0.7,0.1,0.8,0.8,0.2,0.1,0,102391.5,1
118,53,2,0.1,0.1,0.2,0.3,0.3,0,0.4,0.4,0.1,0.1,0,51195.8,1
118,58,4,0.2,0.1,0.4,0.6,0.7,0.1,0.8,0.8,0.2,0.1,0,102391.5,1
118,66,35,2,1,0,4,1,0,0,8,5,14,0,670531.7,0
118,67,82,2,5,3,14,13,0,9,23,0,11,2,1501540.7,0
118,68,104,1,7,4,7,24,1,13,35,6,3,3,2428942.3,0
118,69,19,1.5,1.2,0.2,5.7,2.6,0.2,2.6,2.8,1.5,0.5,0.2,420789.7,1
118,70,7,0.6,0.4,0.1,2.1,0.9,0.1,0.9,1,0.6,0.2,0.1,155027.8,1
118,73,4,0.4,0.1,0.2,0.7,0.5,0.1,1.1,0.4,0.4,0.1,0,81852.5,1
118,75,5,0.4,0.2,0.2,0.9,0.6,0.2,1.4,0.5,0.4,0.2,0,102315.6,1
118,77,5,0.3,0.3,0.8,0.8,1.1,0.3,0,0.6,0.3,0.5,0,86447,1
118,78,2,0.1,0.1,0.3,0.3,0.5,0.1,0,0.3,0.1,0.2,0,34578.8,1
118,83,8,0.1,1.7,0.5,0.9,1.9,0.3,0.7,0.9,0.5,0.5,0,131581.3,1
118,90,4,0.1,0.8,0.3,0.4,1,0.1,0.3,0.4,0.3,0.3,0,65790.7,1
118,102,5,0.1,0.3,0,0.8,0.8,0.1,0.3,1.5,0.2,0.5,0.4,89725.7,1
118,114,3,0.1,0.4,0.1,0.4,0.5,0,0.6,0.4,0.2,0.2,0.1,68379.2,1
118,117,6,0.5,0.5,0.3,1.4,1.4,0.1,0.8,0.3,0.4,0.1,0.2,131939,1
118,118,17,1.4,1.4,0.8,4,4.1,0.4,2.3,0.9,1.1,0.1,0.5,373827.2,1
118,119,14,1.1,1.1,0.7,3.3,3.3,0.3,1.9,0.8,0.9,0.1,0.5,307857.7,1
118,120,5,0.4,0.4,0.2,1.2,1.2,0.1,0.7,0.3,0.3,0,0.2,109949.2,1
118,122,4,0.1,0.1,0.2,0.6,0.9,0.1,0.5,0.5,0.4,0.5,0.1,85209.5,1
118,123,1,0,0.1,0.1,0.2,0.2,0,0.1,0.1,0.1,0.1,0,21302.4,1
118,126,2,0.1,0.1,0.1,0.3,0.5,0,0.2,0.2,0.2,0.2,0.1,42604.8,1
118,135,7,0.7,0.7,0.3,1.2,1.1,0.1,1.9,0.3,0.2,0.4,0.1,140800.2,1
118,136,4,0.4,0.4,0.1,0.7,0.6,0.1,1.1,0.2,0.1,0.2,0.1,80457.3,1
118,137,4,0.4,0.4,0.1,0.7,0.6,0.1,1.1,0.2,0.1,0.2,0.1,80457.3,1
118,138,4,0.4,0.4,0.1,0.7,0.6,0.1,1.1,0.2,0.1,0.2,0.1,80457.3,1
118,141,3,0.3,0.3,0.1,0.5,0.5,0,0.8,0.1,0.1,0.2,0.1,60342.9,1
118,142,3,0.2,0.5,0.2,0.4,0.6,0,0.5,0.2,0.1,0.2,0.1,62191.9,1
118,159,2,0.2,0,0.1,0.3,0.3,0.2,0.4,0.4,0.1,0,0,34267.3,1
118,166,6,0.4,0.3,0.3,1.6,1,0.2,0.4,0.8,0.5,0.4,0.1,123558.2,1
118,185,2,0,0.2,0.1,0.3,0.3,0.1,0.3,0.4,0.2,0,0.1,39180.6,1
118,186,9,0.1,0.7,0.2,1.5,1.4,0.5,1.2,1.7,1,0.1,0.6,176312.7,1
118,191,8,0.1,0.6,0.2,1.4,1.2,0.4,1,1.6,0.9,0.1,0.5,156722.4,1
118,201,9,0.2,0.6,0.8,0.8,1.7,0.2,1.5,1.4,0.6,0.8,0.4,183487.5,1
118,203,2,0.1,0.1,0.1,0.4,0.5,0.1,0.2,0.2,0.3,0,0,40136.2,1
118,204,8,0.5,0.5,0.6,1.7,1.8,0.4,0.7,0.6,1.2,0,0,160545,1
118,208,6,0.1,0.4,0.2,0.8,1.4,0.1,0.6,1.1,0.3,0.8,0.2,127743.6,1
118,209,16,0.2,1.1,0.4,2.1,3.8,0.4,1.7,3,0.8,2.1,0.4,340649.7,1
118,210,4,0,0.3,0.1,0.5,1,0.1,0.4,0.8,0.2,0.5,0.1,85162.4,1
118,211,3,0,0.2,0.1,0.4,0.7,0.1,0.3,0.6,0.1,0.4,0.1,63871.8,1
118,215,1,0,0,0.1,0.1,0.1,0,0.2,0.4,0.1,0,0,25270.7,1
118,221,6,0.3,0.4,0.3,1.5,1.1,0.3,0.5,0.5,0.8,0.3,0,128711.2,1
118,222,4,0.3,0.5,0.4,0.5,0.9,0,0.5,0.5,0,0.3,0.1,91391.5,1
118,231,2,0.1,0.2,0.1,0.2,0.4,0,0.3,0.3,0.1,0.3,0,42688.6,1
118,246,2,0.1,0.1,0.1,0.3,0.4,0.1,0.3,0.3,0.2,0.1,0,42716.4,1
118,254,4,0.2,0.5,0.1,0.9,0.7,0.1,0.8,0.1,0.5,0.1,0,71973.2,1
119,2,31,1.6,4.1,2.1,4.8,8,0.7,4.3,2.1,2,0.2,1.1,688398.9,1
119,3,34,9,0,1,14,3,1,4,0,2,0,0,809862.3,0
119,4,20,1,2.7,1.3,3.1,5.2,0.4,2.8,1.3,1.3,0.2,0.7,444128.3,1
119,5,29,1.5,3.8,1.9,4.5,7.5,0.6,4.1,1.9,1.9,0.2,1.1,643986.1,1
119,6,2,0.1,0.3,0.1,0.3,0.5,0.1,0.3,0.1,0.1,0,0.1,44412.8,1
119,11,4,0.6,0.2,0,1.5,0.4,0.2,0.4,0.1,0.5,0.1,0,90171.8,1
119,14,5,0,0.5,0.5,0.6,1.1,0,0.6,0.6,0.5,0.4,0.2,118219.1,1
119,22,6,0.2,0.1,0.7,1.3,0.9,0.1,0.9,1.3,0.2,0,0.3,130317.7,1
119,28,30,2,2,0,5,2,0,6,12,1,0,0,697162.2,0
119,29,130,7,7,4,24,16,2,31,18,13,6,2,2735774.6,0
119,30,120.5,6.5,18,8,18,36,3,11,8,10,0,2,2720855.9,0
119,31,121,15,14,5,34,23,1,3,3,21,0,2,2563508.2,0
119,39,4,0.2,0.2,0.1,0.8,0.5,0.2,0.8,0.6,0.2,0.3,0.1,91635,1
119,42,1,0,0.1,0.1,0,0.2,0,0.1,0.2,0,0.2,0.1,19556.8,1
119,43,5,0,0.3,0.3,0.2,0.9,0.2,0.5,0.9,0.2,1.1,0.4,97783.9,1
119,50,7,0,0.5,0.5,0.2,1.3,0.2,0.8,1.3,0.2,1.5,0.5,136897.4,1
119,55,6,0.3,0.1,0.6,0.9,1,0.1,1.3,1.3,0.3,0.1,0,153587.3,1
119,62,5,0.1,0.7,0.3,0.3,1.1,0.1,0.6,0.8,0.3,0.6,0.1,111693.3,1
119,67,109,3.5,6,7,31,16,1,20,12,10.5,2,0,2131961,0
119,68,105,4,7,2,12,13,2,20,34,6,5,0,2336724,0
119,69,71,6,2,4,10,10,1,31,3,3,0,1,1529211.1,0
119,70,21,1.7,1.3,0.2,6.3,2.9,0.2,2.9,3.1,1.7,0.5,0.2,465083.3,1
119,71,1,0.1,0.1,0,0.3,0.1,0,0.1,0.2,0.1,0,0,22146.8,1
119,78,3,0.2,0.2,0.4,0.5,0.6,0.2,0,0.4,0.2,0.3,0,51868.2,1
119,94,2,0,0.2,0.3,0.2,0.4,0,0.1,0.3,0.2,0.2,0.1,37123.1,1
119,105,6,0.2,0.3,0,0.9,0.9,0.2,0.3,1.8,0.3,0.6,0.5,107670.8,1
119,117,16,1.3,1.3,0.8,3.8,3.8,0.4,2.1,0.9,1,0.1,0.5,351837.3,1
119,118,84,13,13,2,28,13,6,3,0,4,0,2,1722911.7,0
119,119,90.5,6.5,15,2,27,19,4,0,0,16,0,1,1934470.3,0
119,120,9,0.7,0.7,0.4,2.1,2.2,0.2,1.2,0.5,0.6,0.1,0.3,197908.5,1
119,121,3,0.2,0.2,0.2,0.7,0.7,0.1,0.4,0.2,0.2,0,0.1,65969.5,1
119,122,2,0.1,0.1,0.1,0.3,0.5,0,0.2,0.2,0.2,0.2,0.1,42604.8,1
119,129,4,0.1,0.1,0.2,0.6,0.9,0.1,0.5,0.5,0.4,0.5,0.1,85209.5,1
119,130,3,0.1,0.1,0.1,0.5,0.7,0.1,0.3,0.3,0.3,0.4,0.1,63907.1,1
119,132,6,0.6,0.6,0.2,1.1,0.9,0.1,1.6,0.2,0.2,0.4,0.1,120685.9,1
119,134,9,0.9,0.9,0.3,1.6,1.4,0.2,2.4,0.3,0.3,0.5,0.2,181028.8,1
119,135,4,0.4,0.4,0.1,0.7,0.6,0.1,1.1,0.2,0.1,0.2,0.1,80457.3,1
119,137,1,0.1,0.1,0,0.2,0.2,0,0.3,0,0,0.1,0,20114.3,1
119,149,4,0.2,0.7,0.3,0.6,0.9,0.1,0.6,0.2,0.1,0.2,0.1,82922.5,1
119,157,1,0.1,0,0.1,0.2,0.1,0.1,0.2,0.2,0,0,0,17133.7,1
119,159,4,0.3,0,0.2,0.7,0.5,0.5,0.8,0.8,0.2,0,0,68534.6,1
119,164,1,0.1,0,0,0.3,0.2,0,0.1,0.1,0.1,0.1,0,20593,1
119,169,2,0.1,0.1,0.1,0.5,0.4,0.1,0.1,0.3,0.2,0.1,0,41186.1,1
119,170,8,0.6,0.3,0.4,2.2,1.4,0.2,0.6,1,0.7,0.5,0.1,164744.3,1
119,174,2,0.1,0.1,0.2,0.2,0.3,0,0.5,0.4,0,0.2,0,37632.1,1
119,176,2,0.1,0.1,0.2,0.2,0.3,0,0.5,0.4,0,0.2,0,37632.1,1
119,177,4,0.2,0.2,0.3,0.4,0.6,0.1,1,0.8,0,0.4,0,75264.2,1
119,193,2,0,0.1,0.2,0.2,0.4,0,0.4,0.3,0.1,0.2,0.1,40775,1
119,195,1,0,0.1,0.1,0.1,0.2,0,0.2,0.1,0.1,0.1,0,20387.5,1
119,197,1,0,0.1,0.1,0.1,0.2,0,0.2,0.1,0.1,0.1,0,20387.5,1
119,203,9,0.6,0.6,0.6,1.9,2.1,0.4,0.8,0.6,1.4,0,0,180613.1,1
119,207,1,0,0.1,0,0.1,0.3,0,0.1,0.2,0.1,0.1,0,21290.6,1
119,208,1,0,0.1,0,0.1,0.3,0,0.1,0.2,0.1,0.1,0,21290.6,1
119,209,4,0,0.3,0.1,0.5,1,0.1,0.4,0.8,0.2,0.5,0.1,85162.4,1
119,211,9,0.1,0.7,0.2,1.2,2.1,0.2,1,1.7,0.4,1.2,0.2,191615.4,1
119,212,9,0.4,0.4,0.7,1.1,0.7,0,1.4,3.6,0.7,0,0,227436.1,1
119,219,10,0.6,0.7,0.4,2.5,1.8,0.6,0.8,0.9,1.3,0.4,0,214518.7,1
119,220,14,0.8,1,0.6,3.5,2.5,0.8,1.2,1.2,1.8,0.6,0,300326.1,1
119,228,6,0.3,0.5,0.3,0.6,1.2,0.1,0.9,0.8,0.3,0.8,0.2,128065.9,1
119,230,4,0.2,0.3,0.2,0.4,0.9,0.1,0.6,0.5,0.2,0.5,0.1,85377.3,1
119,231,4,0.2,0.3,0.2,0.4,0.9,0.1,0.6,0.5,0.2,0.5,0.1,85377.3,1
119,243,2,0.1,0.1,0.1,0.3,0.4,0.1,0.3,0.3,0.2,0.1,0,42716.4,1
119,249,6,0.4,0.4,1.1,1.3,0.5,0.2,0.7,0.7,0.5,0.2,0,113783.3,1
120,2,37,2,5,4,5,13,1,3,0,1,1,2,948261.8,0
120,3,39,1,5,0,10,5,0,8,6,3,0,1,892140,0
120,4,35,2,2,4,5,7,0,10,4,0,1,0,786002.8,0
120,5,34,1.7,4.5,2.2,5.2,8.8,0.7,4.8,2.3,2.2,0.3,1.3,755018.1,1
120,11,2,0.3,0.1,0,0.7,0.2,0.1,0.2,0,0.3,0.1,0,45085.9,1
120,12,7,0,0.8,0.6,0.9,1.6,0,0.9,0.8,0.6,0.5,0.3,165506.8,1
120,21,1,0,0.1,0.1,0.1,0.2,0,0.1,0.1,0.1,0.1,0.1,23643.8,1
120,22,5,0.2,0.1,0.6,1,0.7,0.1,0.8,1,0.2,0,0.3,108598.1,1
120,28,89,1,3,9,9,19,2,21,15,7,2,1,1910753.9,0
120,29,52,2,5,3,13,8,0,6,10,0,5,0,1178619,0
120,30,39,0,2,1,1,4,0,14,11,2,4,0,987803.8,0
120,31,113.5,13,11.5,9,38,15,9,2,5,10,1,0,2192717.4,0
120,32,6,0.2,0.4,0.4,0.7,0.9,0,1.4,1.2,0,0.6,0.2,149224.5,1
120,33,4,0.2,0.2,0.2,0.5,0.6,0,0.9,0.8,0,0.4,0.2,99483,1
120,36,2,0.1,0.1,0.1,0.2,0.3,0,0.5,0.4,0,0.2,0.1,49741.5,1
120,37,6,0.4,0.3,0.1,1.2,0.7,0.2,1.2,1,0.3,0.5,0.1,137452.4,1
120,38,4,0.2,0.2,0.1,0.8,0.5,0.2,0.8,0.6,0.2,0.3,0.1,91635,1
120,39,6,0.4,0.3,0.1,1.2,0.7,0.2,1.2,1,0.3,0.5,0.1,137452.4,1
120,40,8,0.5,0.3,0.2,1.6,1,0.3,1.6,1.3,0.3,0.7,0.2,183269.9,1
120,41,2,0.1,0.1,0,0.4,0.3,0.1,0.4,0.3,0.1,0.2,0,45817.5,1
120,49,3,0,0.2,0.2,0.1,0.5,0.1,0.3,0.6,0.1,0.7,0.2,58670.3,1
120,50,5,0,0.3,0.3,0.2,0.9,0.2,0.5,0.9,0.2,1.1,0.4,97783.9,1
120,54,1,0.1,0,0.1,0.1,0.2,0,0.2,0.2,0.1,0,0,25597.9,1
120,67,29,1,0,0,5,3,1,6,10,2,1,0,812155.2,0
120,68,102,3,5,5,23,16,0,28,15,5,0,2,2150861.3,0
120,69,154.5,15,8.5,2,51,14,15,31,3,14,0,1,3386111.3,0
120,70,30,4,0,0,14,3,0,2,4,3,0,0,641942,0
120,71,3,0.2,0.2,0,0.9,0.4,0,0.4,0.5,0.3,0.1,0,66440.5,1
120,81,7,0.4,0.5,1.1,1.1,1.5,0.4,0,0.9,0.4,0.7,0,121025.8,1
120,82,6,0.1,1.2,0.4,0.7,1.4,0.2,0.5,0.7,0.4,0.4,0,98686,1
120,85,8,0.1,1.7,0.5,0.9,1.9,0.3,0.7,0.9,0.5,0.5,0,131581.3,1
120,89,2,0.1,0.4,0.1,0.2,0.5,0.1,0.2,0.2,0.1,0.1,0,32895.3,1
120,90,12,0.2,2.5,0.8,1.3,2.9,0.4,1,1.3,0.8,0.8,0,197372,1
120,100,2,0,0.2,0.3,0.2,0.4,0,0.1,0.3,0.2,0.2,0.1,37123.1,1
120,101,5,0.1,0.5,0.8,0.5,1,0,0.1,0.8,0.5,0.5,0.2,92807.7,1
120,112,11,0.2,1.7,0.5,1.4,1.9,0,2.2,1.4,0.7,0.7,0.3,250723.6,1
120,117,18,1.4,1.4,0.9,4.3,4.3,0.4,2.4,1,1.1,0.2,0.6,395817,1
120,118,79,4,3,8,14,18,3,7,11,4,5,2,1628849.3,0
120,119,29,2.3,2.3,1.4,6.9,6.9,0.7,3.9,1.6,1.9,0.2,0.9,637705.2,1
120,121,3,0.2,0.2,0.2,0.7,0.7,0.1,0.4,0.2,0.2,0,0.1,65969.5,1
120,123,1,0,0.1,0.1,0.2,0.2,0,0.1,0.1,0.1,0.1,0,21302.4,1
120,125,4,0.1,0.1,0.2,0.6,0.9,0.1,0.5,0.5,0.4,0.5,0.1,85209.5,1
120,129,5,0.2,0.2,0.2,0.8,1.1,0.1,0.6,0.6,0.5,0.6,0.1,106511.9,1
120,130,6,0.2,0.2,0.3,1,1.4,0.1,0.7,0.7,0.6,0.7,0.1,127814.3,1
120,146,6,0.3,1.1,0.5,0.9,1.3,0.1,1,0.3,0.1,0.3,0.1,124383.8,1
120,149,8,0.4,1.4,0.7,1.2,1.7,0.1,1.3,0.4,0.2,0.4,0.2,165845,1
120,151,1,0,0.2,0.1,0.1,0.2,0,0.2,0.1,0,0.1,0,20730.6,1
120,155,2,0.2,0,0.1,0.3,0.3,0.2,0.4,0.4,0.1,0,0,34267.3,1
120,164,2,0.1,0.1,0.1,0.5,0.4,0.1,0.1,0.3,0.2,0.1,0,41186.1,1
120,167,8,0.6,0.3,0.4,2.2,1.4,0.2,0.6,1,0.7,0.5,0.1,164744.3,1
120,180,2,0.1,0.1,0.2,0.2,0.3,0,0.5,0.4,0,0.2,0,37632.1,1
120,200,2,0,0.1,0.2,0.2,0.4,0,0.4,0.3,0.1,0.2,0.1,40775,1
120,202,3,0.2,0.2,0.2,0.6,0.7,0.1,0.3,0.2,0.5,0,0,60204.4,1
120,203,4,0.3,0.3,0.3,0.8,0.9,0.2,0.3,0.3,0.6,0,0,80272.5,1
120,209,18,0.2,1.3,0.4,2.4,4.3,0.4,1.9,3.4,0.9,2.4,0.4,383230.9,1
120,214,1,0,0,0.1,0.1,0.1,0,0.2,0.4,0.1,0,0,25270.7,1
120,218,10,0.6,0.7,0.4,2.5,1.8,0.6,0.8,0.9,1.3,0.4,0,214518.7,1
120,219,3,0.2,0.2,0.1,0.8,0.5,0.2,0.2,0.3,0.4,0.1,0,64355.6,1
120,228,46,3,5,3,11,13,1,6,0,4,0,0,825523.7,0
120,229,60.5,7,8,5,20,7,4,0,0,9.5,0,0,1066232.5,0
120,239,2,0.1,0.1,0,0.2,0.2,0.1,0.6,0.4,0,0.3,0,41430,1
120,240,1,0,0.1,0,0.1,0.1,0,0.3,0.2,0,0.2,0,20715,1
120,242,13,0.3,0.9,0.6,1.8,2.6,0.9,2,1.8,1.2,0.9,0,277656.5,1
120,243,9,0.2,0.6,0.4,1.2,1.9,0.6,1.5,1.2,0.8,0.6,0,192223.7,1
120,251,1,0.1,0.1,0.2,0.2,0.1,0,0.1,0.1,0.1,0,0,18963.9,1
120,252,5,0.3,0.6,0.1,1.1,0.9,0.2,1,0.1,0.6,0.1,0,89966.5,1
121,1,4,0.2,0.3,0.1,0.8,0.6,0.2,0.3,0.4,0.3,0.8,0,80857.4,1
121,2,38,3,2,0,9,5,3,4,2,6,4,0,775415.6,0
121,3,88,3,7,4,17,13,2,9,18,8,7,0,1818970.8,0
121,4,51,7,2,3,17,5,4,5,4,1,2,1,1010753.8,0
121,12,3,0,0.3,0.3,0.4,0.7,0,0.4,0.3,0.3,0.2,0.1,70931.5,1
121,19,1,0,0.1,0.1,0.1,0.2,0,0.1,0.1,0.1,0.1,0.1,23643.8,1
121,22,4,0.1,0.1,0.5,0.8,0.6,0.1,0.6,0.8,0.2,0,0.2,86878.5,1
121,27,2,0.1,0.2,0.2,0.3,0.6,0,0.2,0.3,0.1,0,0,42495,1
121,28,14,0.7,1.4,1.2,1.9,4,0,1.2,2.4,0.6,0.3,0.3,297464.9,1
121,29,4,0.2,0.4,0.3,0.5,1.1,0,0.4,0.7,0.2,0.1,0.1,84990,1
121,30,20,1,2,1.8,2.8,5.7,0,1.8,3.3,0.8,0.4,0.4,424949.8,1
121,31,82,13,9,4,28,15,5,1,3,4,0,0,1551869,0
121,39,2,0.1,0.1,0,0.4,0.3,0.1,0.4,0.3,0.1,0.2,0,45817.5,1
121,40,8,0.5,0.3,0.2,1.6,1,0.3,1.6,1.3,0.3,0.7,0.2,183269.9,1
121,49,4,0,0.3,0.3,0.2,0.7,0.1,0.4,0.7,0.1,0.9,0.3,78227.1,1
121,58,4,0.2,0.1,0.4,0.6,0.7,0.1,0.8,0.8,0.2,0.1,0,102391.5,1
121,62,2,0.1,0.3,0.1,0.1,0.5,0,0.2,0.4,0.1,0.2,0,44677.3,1
121,68,38,1,5,4,10,9,0,8,0,1,0,0,831158.1,0
121,69,40,3,1,2,13,5,2,4,6,4,0,0,929898.4,0
121,70,34.5,2.8,2.2,0.4,10.2,4.7,0.4,4.7,5.1,2.8,0.8,0.4,764065.5,1
121,71,2,0.2,0.1,0,0.6,0.3,0,0.3,0.3,0.2,0,0,44293.7,1
121,89,2,0.1,0.4,0.1,0.2,0.5,0.1,0.2,0.2,0.1,0.1,0,32895.3,1
121,95,5,0.1,0.5,0.8,0.5,1,0,0.1,0.8,0.5,0.5,0.2,92807.7,1
121,96,3,0.1,0.3,0.5,0.3,0.5,0,0.1,0.5,0.3,0.3,0.1,55684.6,1
121,100,1,0,0.1,0.2,0.1,0.2,0,0,0.2,0.1,0.1,0,18561.5,1
121,102,1,0,0,0,0.2,0.2,0,0.1,0.3,0,0.1,0.1,17945.1,1
121,103,1,0,0,0,0.2,0.2,0,0.1,0.3,0,0.1,0.1,17945.1,1
121,112,2,0,0.3,0.1,0.3,0.4,0,0.4,0.3,0.1,0.1,0,45586.1,1
121,114,2,0,0.3,0.1,0.3,0.4,0,0.4,0.3,0.1,0.1,0,45586.1,1
121,117,38,1,1,2,8,6,0,2,4,2,12,0,705998.1,0
121,118,97.5,6,6,6,25,8,2,16,13,10.5,3,2,1917694.3,0
121,119,34,1,8,2,8,9,1,2,1,0,2,0,733474.8,0
121,120,4,0.3,0.3,0.2,1,1,0.1,0.5,0.2,0.3,0,0.1,87959.3,1
121,122,4,0.1,0.1,0.2,0.6,0.9,0.1,0.5,0.5,0.4,0.5,0.1,85209.5,1
121,129,1,0,0.1,0.1,0.2,0.2,0,0.1,0.1,0.1,0.1,0,21302.4,1
121,130,2,0.1,0.1,0.1,0.3,0.5,0,0.2,0.2,0.2,0.2,0.1,42604.8,1
121,131,3,0.1,0.1,0.1,0.5,0.7,0.1,0.3,0.3,0.3,0.4,0.1,63907.1,1
121,138,2,0.2,0.2,0.1,0.4,0.3,0,0.5,0.1,0.1,0.1,0,40228.6,1
121,151,2,0.1,0.4,0.2,0.3,0.4,0,0.3,0.1,0,0.1,0.1,41461.3,1
121,162,3,0.2,0.1,0.2,0.8,0.5,0.1,0.2,0.4,0.3,0.2,0,61779.1,1
121,171,5,0.4,0.2,0.3,1.3,0.9,0.1,0.4,0.6,0.4,0.3,0.1,102965.2,1
121,174,4,0.2,0.2,0.3,0.4,0.6,0.1,1,0.8,0,0.4,0,75264.2,1
121,176,1,0,0.1,0.1,0.1,0.2,0,0.2,0.2,0,0.1,0,18816.1,1
121,181,3,0.2,0.2,0.2,0.3,0.5,0.1,0.7,0.5,0,0.3,0,56448.2,1
121,182,2,0,0.2,0.1,0.3,0.3,0.1,0.3,0.4,0.2,0,0.1,39180.6,1
121,193,11,0.2,0.7,1,1,2.1,0.2,1.9,1.7,0.7,1,0.5,224262.6,1
121,195,9,0.2,0.6,0.8,0.8,1.7,0.2,1.5,1.4,0.6,0.8,0.4,183487.5,1
121,196,4,0.1,0.3,0.3,0.3,0.8,0.1,0.7,0.6,0.3,0.3,0.2,81550,1
121,202,1.5,0.1,0.1,0.1,0.3,0.4,0.1,0.1,0.1,0.2,0,0,30102.2,1
121,203,1,0.1,0.1,0.1,0.2,0.2,0,0.1,0.1,0.1,0,0,20068.1,1
121,205,6,0.4,0.4,0.4,1.2,1.4,0.3,0.6,0.4,0.9,0,0,120408.7,1
121,206,9,0.6,0.6,0.6,1.9,2.1,0.4,0.8,0.6,1.4,0,0,180613.1,1
121,209,6,0.1,0.4,0.2,0.8,1.4,0.1,0.6,1.1,0.3,0.8,0.2,127743.6,1
121,211,3,0,0.2,0.1,0.4,0.7,0.1,0.3,0.6,0.1,0.4,0.1,63871.8,1
121,218,20,1.1,1.4,0.8,5.1,3.7,1.1,1.7,1.7,2.5,0.9,0,429037.3,1
121,219,1,0.1,0.1,0,0.2,0.2,0.1,0.1,0.1,0.1,0,0,21451.9,1
121,228,6,0.3,0.5,0.3,0.6,1.2,0.1,0.9,0.8,0.3,0.8,0.2,128065.9,1
121,229,37,1,7,0,5,12,1,7,1,3,0,0,712491.9,0
121,230,1,0,0.1,0.1,0.1,0.2,0,0.2,0.1,0.1,0.1,0,21344.3,1
121,231,2,0.1,0.2,0.1,0.2,0.4,0,0.3,0.3,0.1,0.3,0,42688.6,1
121,234,3,0.1,0.2,0,0.3,0.3,0.1,0.8,0.6,0.1,0.5,0,62145,1
121,236,10,0.3,0.7,0,1,1,0.4,2.7,2,0.2,1.7,0,207149.9,1
121,239,2,0.1,0.1,0,0.2,0.2,0.1,0.6,0.4,0,0.3,0,41430,1
121,240,1.5,0,0.1,0,0.2,0.2,0,0.4,0.3,0,0.3,0,31072.5,1
121,243,2,0.1,0.1,0.1,0.3,0.4,0.1,0.3,0.3,0.2,0.1,0,42716.4,1
122,1,11,0.9,1.2,0.2,2.5,2.5,0.5,0.2,1.3,1.2,0.2,0.3,240172.6,1
122,2,51.5,1,4.5,1,7,10,0,16,6,2,0,4,1466013.8,0
122,3,17,0.8,2,0.6,2.9,5.2,1.4,0,0.6,2.9,0.6,0,429023.9,1
122,4,19,1,2.3,0.6,3.2,5.8,1.6,0,0.6,3.2,0.7,0,479497.3,1
122,8,3,0.4,0,0,0.8,0.1,0,0.9,0.2,0.3,0.2,0.1,68482.3,1
122,12,9.5,0.2,1.1,0.2,1.4,1.6,0.2,1.2,1,0.7,1.4,0.5,197883.3,1
122,13,4,0.1,0.5,0.1,0.6,0.6,0.1,0.5,0.4,0.3,0.6,0.2,83319.3,1
122,19,14,0.3,1.7,0.3,2,2.3,0.3,1.8,1.5,1,2,0.8,291617.5,1
122,20,2,0,0.3,0,0.3,0.3,0,0.3,0.2,0.2,0.3,0.1,41659.6,1
122,21,1,0,0.1,0,0.1,0.2,0,0.1,0.1,0.1,0.2,0.1,20829.8,1
122,24,2,0.1,0.3,0,0.3,0.5,0.1,0.1,0.3,0.3,0,0,43570.8,1
122,25,3,0.2,0.4,0,0.5,0.7,0.1,0.1,0.4,0.4,0.1,0.1,65356.3,1
122,43,8,0,0.5,0.7,0.9,2,0,2,0.9,0.5,0,0.5,184751.9,1
122,44,2,0,0.1,0.2,0.2,0.5,0,0.5,0.3,0.1,0,0.1,46188,1
122,54,2,0,0.1,0,0.3,0.3,0,0.5,0.5,0.2,0.1,0,47201.7,1
122,62,5,0.2,0.9,0.3,0.8,1.2,0.2,0.3,0.3,0.7,0.1,0,87524.3,1
122,64,5,0.2,0.9,0.3,0.8,1.2,0.2,0.3,0.3,0.7,0.1,0,87524.3,1
122,71,2,0.1,0.4,0.1,0.3,0.5,0.1,0.1,0.1,0.3,0,0,35009.7,1
122,89,14,0.6,1.1,0.9,2.9,2.7,0.2,1.9,0.8,1.9,0.6,0.4,314506,1
122,96,2,0,0.2,0.1,0.4,0.5,0.1,0.2,0.2,0.1,0.2,0,44351.9,1
122,102,3,0.1,0.3,0.3,0.5,0.7,0.1,0.3,0.3,0.3,0.1,0,61406.2,1
122,113,4,0.3,0.4,0.5,0.7,1,0.1,0.2,0.4,0.4,0,0,63335.3,1
122,116,4,0.3,0.4,0.5,0.7,1,0.1,0.2,0.4,0.4,0,0,63335.3,1
122,117,17,0.6,2.2,1.3,2.5,3.8,0.3,3.5,0.6,1.6,0.6,0,354664,1
122,118,45,0,6,1,8,11,2,2,10,5,0,0,1013898.6,0
122,119,24,0.9,3.1,1.8,3.6,5.3,0.4,4.9,0.9,2.2,0.9,0,500702.1,1
122,121,5,0.2,0.6,0.4,0.7,1.1,0.1,1,0.2,0.5,0.2,0,104312.9,1
122,127,4,0.1,0.5,0.2,0.7,0.9,0.1,0.7,0.3,0.2,0.1,0.2,72203.5,1
122,130,4,0.1,0.5,0.2,0.7,0.9,0.1,0.7,0.3,0.2,0.1,0.2,72203.5,1
122,132,4,0.3,0.2,0.2,0.6,0.6,0.2,0.5,0.8,0.4,0.1,0.1,72047.4,1
122,133,3,0.2,0.1,0.2,0.5,0.4,0.1,0.4,0.6,0.3,0.1,0.1,54035.6,1
122,135,4,0.3,0.2,0.2,0.6,0.6,0.2,0.5,0.8,0.4,0.1,0.1,72047.4,1
122,136,2,0.1,0.1,0.1,0.3,0.3,0.1,0.2,0.4,0.2,0.1,0.1,36023.7,1
122,138,5,0.4,0.2,0.3,0.8,0.7,0.2,0.6,1.1,0.5,0.1,0.1,90059.3,1
122,145,1,0.1,0.1,0.1,0.1,0.2,0,0.1,0.1,0.1,0,0.1,19632.1,1
122,146,3,0.2,0.4,0.2,0.4,0.7,0.1,0.2,0.3,0.2,0.1,0.2,58896.3,1
122,153,4,0.1,0.2,0.3,0.8,1.1,0.2,0,0.5,0.5,0.1,0.2,83629.3,1
122,162,2,0,0.3,0.1,0.1,0.5,0,0.3,0.2,0.1,0.1,0.3,32184.7,1
122,164,3,0,0.5,0.2,0.1,0.8,0,0.5,0.2,0.1,0.1,0.5,48277.1,1
122,173,2,0.1,0.3,0.1,0.2,0.6,0,0.2,0.2,0.1,0.1,0.1,43284.3,1
122,174,2,0.1,0.3,0.1,0.2,0.6,0,0.2,0.2,0.1,0.1,0.1,43284.3,1
122,175,4,0.1,0.7,0.2,0.4,1.1,0.1,0.3,0.5,0.2,0.2,0.2,86568.7,1
122,176,6,0.2,1,0.3,0.6,1.7,0.1,0.5,0.7,0.3,0.3,0.3,129853,1
122,179,4,0.2,0.3,0.1,0.8,0.5,0.2,0.9,0.4,0.3,0.2,0.1,84286.5,1
122,182,1,0.1,0.1,0.1,0.1,0.3,0,0,0.1,0.1,0.1,0,22820.7,1
122,197,3,0.1,0.3,0.4,0,1,0,0.2,0.7,0,0.2,0.1,58024.1,1
122,203,7,0.1,0.8,0.9,0.8,2.1,0.2,0.7,0.3,0.2,0.5,0.4,141537,1
122,205,7,0.1,0.8,0.9,0.8,2.1,0.2,0.7,0.3,0.2,0.5,0.4,141537,1
122,207,9,0.9,0.9,0.5,2.5,1.5,0,0.8,0.3,1.3,0.1,0.2,164525.1,1
122,212,1,0,0,0,0.1,0.1,0.1,0.4,0.3,0,0,0,22433.4,1
122,217,5,0.2,0.2,0.3,0.8,1,0.1,0.9,0.6,0.3,0.3,0.3,109573.7,1
122,218,7,0.2,0.2,0.3,1.2,1.4,0.1,1.3,0.8,0.5,0.5,0.5,153403.2,1
122,219,2,0.1,0.1,0.1,0.3,0.4,0,0.4,0.3,0.1,0.1,0.1,43829.5,1
122,227,8,0.4,0.6,0.3,1.3,1.8,0.5,1.2,1.3,0.5,0.1,0,180904,1
122,228,115,6.5,3.5,2,32,19,1,12,19,11,8,1,2403617.4,0
122,229,75,7,7,5,17,8,1,7,13,5,5,0,1302908.5,0
122,230,6,0.3,0.5,0.2,0.9,1.3,0.4,0.9,1,0.4,0.1,0,135678,1
122,236,1,0,0,0.1,0.2,0.1,0,0.2,0.2,0,0.1,0.1,20394.2,1
122,246,5,0.2,0.6,0.3,0.6,1.1,0.2,0.5,0.8,0.4,0.2,0.1,132237.3,1
123,2,74,3.5,5,8,12,19,1.5,4,12,2,6,1,1319777.3,0
123,3,31,1,0,3,8,1,3,3,2,2,7,1,596784.9,0
123,5,23,1.2,2.7,0.8,3.9,7,1.9,0,0.8,3.9,0.8,0,580444.1,1
123,6,85.5,6,7,3,33,9,4,12,0,11.5,0,0,1584042.2,0
123,12,6,0.1,0.7,0.1,0.9,1,0.1,0.8,0.7,0.4,0.9,0.3,124978.9,1
123,27,4,0.2,0.5,0.1,0.7,0.9,0.2,0.2,0.5,0.5,0.1,0.1,87141.7,1
123,28,5,0.3,0.7,0.1,0.8,1.1,0.2,0.2,0.7,0.7,0.1,0.1,108927.1,1
123,35,2,0,0.4,0,0.1,0.6,0,0.2,0.3,0.2,0,0.2,45420.2,1
123,54,2,0,0.1,0,0.3,0.3,0,0.5,0.5,0.2,0.1,0,47201.7,1
123,73,5,0,0.3,0.8,0.2,1.1,0,0.7,1.1,0,0.3,0.5,98538.1,1
123,94,5,0.1,0.6,0.2,0.9,1.2,0.1,0.6,0.5,0.3,0.5,0,110879.7,1
123,116,5,0.4,0.5,0.6,0.8,1.3,0.2,0.2,0.5,0.5,0,0,79169.2,1
123,137,2,0.1,0.1,0.1,0.3,0.3,0.1,0.2,0.4,0.2,0.1,0.1,36023.7,1
123,149,1,0.1,0.1,0.1,0.1,0.2,0,0.1,0.1,0.1,0,0.1,19632.1,1
123,154,1,0,0.1,0.1,0.2,0.3,0,0,0.1,0.1,0,0.1,20907.3,1
123,157,3,0.1,0.1,0.2,0.6,0.8,0.1,0,0.4,0.4,0.1,0.2,62722,1
123,170,5,0,0.8,0.3,0.2,1.2,0,0.8,0.4,0.2,0.2,0.9,80461.8,1
123,173,4,0.1,0.7,0.2,0.4,1.1,0.1,0.3,0.5,0.2,0.2,0.2,86568.7,1
123,174,11,0.3,1.8,0.6,1.1,3.1,0.2,1,1.3,0.6,0.5,0.5,238063.8,1
123,175,14,0.4,2.3,0.8,1.4,3.9,0.2,1.2,1.6,0.8,0.7,0.7,302990.3,1
123,176,40,3,3,0,12,8,3,0,2,9,0,0,804578.9,0
123,177,33,1.6,2.8,0.4,6.9,4,2,7.3,3.6,2,1.6,0.8,695363.6,1
123,179,11,0.5,0.9,0.1,2.3,1.4,0.7,2.4,1.2,0.7,0.5,0.3,231787.9,1
123,180,1,0,0.1,0,0.2,0.1,0.1,0.2,0.1,0.1,0.1,0,21071.6,1
123,187,4,0.2,0.5,0.2,0.5,1.3,0.1,0.2,0.3,0.4,0.2,0.1,91282.6,1
123,188,4,0.2,0.5,0.2,0.5,1.3,0.1,0.2,0.3,0.4,0.2,0.1,91282.6,1
123,196,9,0.3,0.9,1.2,0,3,0,0.6,2.1,0,0.6,0.3,174072.3,1
123,201,8,0.3,0.8,1.1,0,2.6,0,0.5,1.9,0,0.5,0.3,154730.9,1
123,202,4,0.1,0.4,0.5,0.5,1.2,0.1,0.4,0.2,0.1,0.3,0.2,80878.3,1
123,204,2,0,0.2,0.3,0.2,0.6,0.1,0.2,0.1,0.1,0.1,0.1,40439.1,1
123,205,22,0.4,2.5,2.9,2.5,6.5,0.7,2.2,1.1,0.7,1.4,1.1,444830.5,1
123,213,2,0.1,0,0,0.2,0.2,0.1,0.8,0.6,0,0,0,44866.7,1
123,217,25,0.8,0.8,1.2,4.2,5,0.4,4.6,2.9,1.7,1.7,1.7,547868.6,1
123,227,4,0.2,0.3,0.2,0.6,0.9,0.3,0.6,0.6,0.3,0,0,90452,1
123,228,36,1,0,2,9,6,1,4,9,3,1,0,863708.8,0
123,229,30,1,0,2,6,3,0,8,7,1,2,0,749988.7,0
123,230,7,0.4,0.5,0.3,1.1,1.6,0.4,1,1.1,0.5,0.1,0,158291,1
123,231,4,0.2,0.3,0.2,0.6,0.9,0.3,0.6,0.6,0.3,0,0,90452,1
123,240,11,0.6,1.2,0.5,2.4,2.1,0,2.7,0,0.6,0.3,0.6,256680.6,1
123,247,7,0.3,0.9,0.4,0.9,1.5,0.3,0.6,1.1,0.6,0.3,0.1,185132.3,1
123,255,3,0.2,0.4,0,0.6,0.5,0.1,0.6,0.1,0.4,0.1,0,53979.9,1
124,0,9,0.8,1,0.1,2.1,2.1,0.4,0.1,1,1,0.1,0.3,196504.9,1
124,2,105,3,8,9,24,13,7,10,12,9,9,1,2079405,0
124,3,122.5,4.5,9,11,26,25,2,9,12,2,22,0,2509632,0
124,4,80,4,7,7,10,24,0,3,10,2,9,4,1650602.3,0
124,5,114.5,7,24,7,18,35,3,4,3,6.5,1,6,2313669,0
124,6,106,19,8,1,36,11,7,5,1,18,0,0,2218081.2,0
124,23,2,0.1,0.3,0,0.3,0.5,0.1,0.1,0.3,0.3,0,0,43570.8,1
124,36,6,0,1.1,0.2,0.3,1.8,0.1,0.6,0.9,0.5,0,0.5,136260.6,1
124,38,1,0,0.2,0,0,0.3,0,0.1,0.2,0.1,0,0.1,22710.1,1
124,39,2,0,0.4,0,0.1,0.6,0,0.2,0.3,0.2,0,0.2,45420.2,1
124,43,2,0,0.1,0.2,0.2,0.5,0,0.5,0.3,0.1,0,0.1,46188,1
124,51,9,0,0.5,0.8,1,2.3,0,2.3,1.1,0.5,0,0.5,207845.9,1
124,57,7,0,0.5,0.2,0.9,1.2,0,1.7,1.7,0.6,0.2,0,165206,1
124,67,2,0.1,0.4,0.1,0.3,0.5,0.1,0.1,0.1,0.3,0,0,35009.7,1
124,72,2,0,0.1,0.3,0.1,0.4,0,0.3,0.5,0,0.1,0.2,39415.2,1
124,73,1,0,0.1,0.2,0,0.2,0,0.1,0.2,0,0.1,0.1,19707.6,1
124,79,3,0,0.2,0.5,0.1,0.6,0,0.4,0.7,0,0.2,0.3,59122.8,1
124,83,15,0.6,1.2,1,3.1,2.9,0.2,2.1,0.8,2.1,0.6,0.4,336970.7,1
124,84,5,0.2,0.4,0.3,1,1,0.1,0.7,0.3,0.7,0.2,0.1,112323.6,1
124,85,7,0.3,0.6,0.5,1.4,1.3,0.1,1,0.4,0.9,0.3,0.2,157253,1
124,121,5,0.2,0.6,0.4,0.7,1.1,0.1,1,0.2,0.5,0.2,0,104312.9,1
124,127,7,0.1,0.9,0.4,1.1,1.6,0.1,1.3,0.6,0.4,0.2,0.3,126356.1,1
124,137,2,0.1,0.1,0.1,0.3,0.3,0.1,0.2,0.4,0.2,0.1,0.1,36023.7,1
124,138,7,0.5,0.3,0.3,1.2,1,0.3,0.8,1.5,0.7,0.2,0.2,126083,1
124,141,2,0.1,0.1,0.1,0.3,0.3,0.1,0.2,0.4,0.2,0.1,0.1,36023.7,1
124,142,2,0.1,0.2,0.2,0.2,0.5,0,0.2,0.2,0.1,0.1,0.2,39264.2,1
124,149,2,0.1,0.2,0.2,0.2,0.5,0,0.2,0.2,0.1,0.1,0.2,39264.2,1
124,155,4,0.1,0.2,0.3,0.8,1.1,0.2,0,0.5,0.5,0.1,0.2,83629.3,1
124,160,3,0.1,0.1,0.2,0.6,0.8,0.1,0,0.4,0.4,0.1,0.2,62722,1
124,161,8,0.1,0.3,0.6,1.6,2.2,0.3,0,1.1,1.1,0.2,0.5,167258.7,1
124,172,4,0.1,0.7,0.2,0.4,1.1,0.1,0.3,0.5,0.2,0.2,0.2,86568.7,1
124,173,30,0.9,5,1.7,2.9,8.4,0.4,2.6,3.5,1.6,1.5,1.5,649265,1
124,174,118.5,5,18,11,18,29,6.5,7,6,8,7,3,2246273.9,0
124,175,11,0.3,1.8,0.6,1.1,3.1,0.2,1,1.3,0.6,0.5,0.5,238063.8,1
124,176,91,4,14,2,20,17,4,15,3,8,0,4,1666772.2,0
124,177,104,9,10,6,23,21,6,11,4,11,1,2,2182210.7,0
124,178,10,0.5,0.9,0.1,2.1,1.2,0.6,2.2,1.1,0.6,0.5,0.2,210716.2,1
124,179,2,0.1,0.2,0,0.4,0.3,0.1,0.4,0.2,0.1,0.1,0.1,42143.2,1
124,200,1,0,0.1,0.1,0,0.3,0,0.1,0.3,0,0.1,0,19341.4,1
124,202,2,0,0.2,0.3,0.2,0.6,0.1,0.2,0.1,0.1,0.1,0.1,40439.1,1
124,203,7,0.1,0.8,0.9,0.8,2.1,0.2,0.7,0.3,0.2,0.5,0.4,141537,1
124,204,7,0.1,0.8,0.9,0.8,2.1,0.2,0.7,0.3,0.2,0.5,0.4,141537,1
124,209,5,0.5,0.5,0.3,1.4,0.8,0,0.4,0.2,0.7,0.1,0.1,91402.8,1
124,210,3,0.3,0.3,0.2,0.8,0.5,0,0.3,0.1,0.4,0,0.1,54841.7,1
124,216,2,0.1,0,0,0.2,0.2,0.1,0.8,0.6,0,0,0,44866.7,1
124,217,3,0.1,0.1,0.2,0.5,0.6,0,0.5,0.4,0.2,0.2,0.2,65744.2,1
124,218,2,0.1,0.1,0.1,0.3,0.4,0,0.4,0.3,0.1,0.1,0.1,43829.5,1
124,226,8,0.3,0,0.5,0.3,0.5,0,2.5,1.7,0,2.2,0,188547.9,1
124,227,18,1,1.4,0.7,2.8,4,1.2,2.6,2.9,1.2,0.2,0,407033.9,1
124,228,94.5,4,8,2,16,18,7,6,19,7.5,3,4,1785653.2,0
124,229,27,1,3,1,3,6,1,0,8,1,2,1,594545.4,0
124,230,10,0.5,0.8,0.4,1.6,2.2,0.7,1.4,1.6,0.7,0.1,0,226130,1
124,239,2,0.1,0.2,0.1,0.4,0.4,0,0.5,0,0.1,0.1,0.1,46669.2,1
124,243,4,0.1,0.5,0.2,0.5,0.9,0.2,0.4,0.7,0.3,0.1,0.1,105789.9,1
124,249,2,0.1,0.2,0.1,0.3,0.4,0.1,0.2,0.3,0.2,0.1,0,52894.9,1
124,252,2,0.1,0.3,0,0.4,0.3,0.1,0.4,0.1,0.2,0.1,0,35986.6,1
125,1,15,1.3,1.7,0.2,3.4,3.4,0.7,0.2,1.7,1.7,0.2,0.5,327508.1,1
125,2,127.5,6,6.5,5,23,22,4,9,37,5,8,2,2428047.8,0
125,3,77.5,0.5,6,5,15,17,1.5,13,9,3.5,5,2,1553378,0
125,4,117,1,16.5,17,11,33,2,11,6,10.5,4,5,2546853.3,0
125,5,137.5,3,23,15,10,56,4,8,2,12.5,0,4,2834733.2,0
125,6,33.5,4,3.5,1,11,8,0,1,1,4,0,0,699744.2,0
125,31,4,0.2,0.5,0.1,0.7,0.9,0.2,0.2,0.5,0.5,0.1,0.1,87141.7,1
125,32,1,0,0.2,0,0,0.3,0,0.1,0.2,0.1,0,0.1,22710.1,1
125,42,4,0,0.2,0.4,0.5,1,0,1,0.5,0.2,0,0.2,92376,1
125,44,4,0,0.2,0.4,0.5,1,0,1,0.5,0.2,0,0.2,92376,1
125,45,2,0,0.1,0.2,0.2,0.5,0,0.5,0.3,0.1,0,0.1,46188,1
125,55,2.5,0,0.2,0.1,0.3,0.4,0,0.6,0.6,0.2,0.1,0,59002.1,1
125,64,6,0.3,1.1,0.4,0.9,1.5,0.2,0.4,0.3,0.8,0.1,0,105029.2,1
125,67,6,0.3,1.1,0.4,0.9,1.5,0.2,0.4,0.3,0.8,0.1,0,105029.2,1
125,79,6,0,0.4,1,0.2,1.3,0,0.8,1.3,0,0.4,0.6,118245.7,1
125,87,2,0.1,0.2,0.1,0.4,0.4,0,0.3,0.1,0.3,0.1,0,44929.4,1
125,88,5,0.2,0.4,0.3,1,1,0.1,0.7,0.3,0.7,0.2,0.1,112323.6,1
125,109,3,0.1,0.3,0.3,0.5,0.7,0.1,0.3,0.3,0.3,0.1,0,61406.2,1
125,119,3,0.1,0.4,0.2,0.4,0.7,0.1,0.6,0.1,0.3,0.1,0,62587.8,1
125,125,8,0.1,1,0.5,1.3,1.8,0.2,1.5,0.6,0.5,0.2,0.3,144406.9,1
125,129,7,0.1,0.9,0.4,1.1,1.6,0.1,1.3,0.6,0.4,0.2,0.3,126356.1,1
125,130,4,0.1,0.5,0.2,0.7,0.9,0.1,0.7,0.3,0.2,0.1,0.2,72203.5,1
125,141,11,0.8,0.5,0.5,1.8,1.6,0.5,1.3,2.4,1,0.3,0.3,198130.4,1
125,144,4,0.2,0.5,0.3,0.5,1,0.1,0.3,0.4,0.2,0.2,0.3,78528.4,1
125,153,3,0.1,0.1,0.2,0.6,0.8,0.1,0,0.4,0.4,0.1,0.2,62722,1
125,154,4,0.1,0.2,0.3,0.8,1.1,0.2,0,0.5,0.5,0.1,0.2,83629.3,1
125,161,2,0,0.1,0.2,0.4,0.5,0.1,0,0.3,0.3,0,0.1,41814.7,1
125,164,5,0,0.8,0.3,0.2,1.2,0,0.8,0.4,0.2,0.2,0.9,80461.8,1
125,167,4,0,0.6,0.2,0.2,1,0,0.6,0.3,0.2,0.2,0.7,64369.4,1
125,168,9,0,1.4,0.5,0.4,2.3,0,1.4,0.7,0.3,0.4,1.6,144831.3,1
125,171,3,0,0.5,0.2,0.1,0.8,0,0.5,0.2,0.1,0.1,0.5,48277.1,1
125,173,3,0.1,0.5,0.2,0.3,0.8,0,0.3,0.4,0.2,0.1,0.1,64926.5,1
125,174,51,5,2,3,9,8,0,12,7,3,0,2,1031588.6,0
125,175,44,0,2,5,12,6,1,5,6,4,3,0,972002.9,0
125,176,83,3,7,5,11,15,3,12,18,4,4,1,1871423.8,0
125,177,132,8,16,12,29,29,4,18,5,9,1,1,2567633.9,0
125,178,7,0.3,0.6,0.1,1.5,0.9,0.4,1.5,0.8,0.4,0.3,0.2,147501.4,1
125,180,1,0,0.1,0,0.2,0.1,0.1,0.2,0.1,0.1,0.1,0,21071.6,1
125,181,11,0.5,0.9,0.1,2.3,1.4,0.7,2.4,1.2,0.7,0.5,0.3,231787.9,1
125,182,8,0.5,1,0.5,0.9,2.5,0.2,0.3,0.7,0.9,0.4,0.1,182565.3,1
125,190,15,0.9,1.9,0.9,1.7,4.7,0.4,0.6,1.3,1.7,0.7,0.2,342309.9,1
125,198,4,0.1,0.4,0.5,0,1.3,0,0.3,1,0,0.3,0.1,77365.5,1
125,204,3,0.1,0.3,0.4,0.3,0.9,0.1,0.3,0.1,0.1,0.2,0.2,60658.7,1
125,216,12,0.4,0,0,1.3,1.3,0.5,4.9,3.6,0,0,0,269200.3,1
125,217,14,0.5,0.5,0.7,2.4,2.8,0.2,2.6,1.6,0.9,0.9,0.9,306806.4,1
125,226,4,0.1,0,0.3,0.1,0.3,0,1.3,0.8,0,1.1,0,94273.9,1
125,227,61.5,1,16,0,11,19,2.5,0,2,10,0,0,1314792.4,0
125,228,88,1,26,5,10,32,2,2,3,6,0,1,1726932.9,0
125,230,5,0.3,0.4,0.2,0.8,1.1,0.3,0.7,0.8,0.3,0.1,0,113065,1
125,232,9,0,0.5,0.5,1.9,1.3,0,1.9,1.6,0,0.5,0.8,183547.5,1
125,235,1,0,0,0.1,0.2,0.1,0,0.2,0.2,0,0.1,0.1,20394.2,1
125,236,1,0,0,0.1,0.2,0.1,0,0.2,0.2,0,0.1,0.1,20394.2,1
125,240,3,0.2,0.3,0.1,0.6,0.6,0,0.7,0,0.2,0.1,0.2,70003.8,1
125,241,8,0.4,0.9,0.3,1.8,1.5,0,2,0,0.4,0.2,0.5,186676.8,1
125,246,2,0.1,0.2,0.1,0.3,0.4,0.1,0.2,0.3,0.2,0.1,0,52894.9,1
125,247,2,0.1,0.2,0.1,0.3,0.4,0.1,0.2,0.3,0.2,0.1,0,52894.9,1
126,1,33,0,2,0,3,2,0,13,13,0,0,0,766462.1,0
126,2,80,1,1,4,3,13,2,8,41,3,3,1,1656298.3,0
126,3,112.5,5,9.5,6,18,19,2,22,19,5,2,5,2080168.6,0
126,4,121.5,5.5,6.5,9,23,32,1,27,6,5.5,1,5,2575469.7,0
126,5,116,6,15,13,27,23,4,10,4,10,2,2,2130979.4,0
126,10,6,0.8,0,0,1.5,0.2,0,1.9,0.4,0.6,0.4,0.2,136964.5,1
126,20,1,0,0.1,0,0.1,0.2,0,0.1,0.1,0.1,0.2,0.1,20829.8,1
126,24,3,0.2,0.4,0,0.5,0.7,0.1,0.1,0.4,0.4,0.1,0.1,65356.3,1
126,25,6,0.4,0.8,0.1,1.1,1.4,0.2,0.2,0.8,0.8,0.1,0.1,130712.5,1
126,29,1,0.1,0.1,0,0.2,0.2,0.1,0.1,0.1,0.1,0,0,21785.4,1
126,46,4,0,0.2,0.4,0.5,1,0,1,0.5,0.2,0,0.2,92376,1
126,55,3,0,0.2,0.1,0.4,0.5,0,0.7,0.7,0.3,0.1,0,70802.6,1
126,76,2,0,0.1,0.3,0.1,0.4,0,0.3,0.5,0,0.1,0.2,39415.2,1
126,79,2,0,0.1,0.3,0.1,0.4,0,0.3,0.5,0,0.1,0.2,39415.2,1
126,91,7,0.3,0.6,0.5,1.4,1.3,0.1,1,0.4,0.9,0.3,0.2,157253,1
126,99,3,0.1,0.3,0.1,0.5,0.7,0.1,0.4,0.3,0.2,0.3,0,66527.8,1
126,105,5,0.2,0.6,0.6,0.8,1.1,0.2,0.4,0.5,0.4,0.2,0,102343.7,1
126,109,3,0.1,0.3,0.3,0.5,0.7,0.1,0.3,0.3,0.3,0.1,0,61406.2,1
126,110,13,0.6,1.4,1.4,2,2.9,0.6,1.2,1.2,1.1,0.6,0,266093.6,1
126,112,17,1.2,1.9,2.2,2.8,4.3,0.6,0.6,1.5,1.9,0,0,269175.2,1
126,125,5,0.1,0.6,0.3,0.8,1.2,0.1,0.9,0.4,0.3,0.1,0.2,90254.3,1
126,150,8,0.5,1,0.6,1,1.9,0.2,0.6,0.8,0.5,0.3,0.6,157056.8,1
126,151,6,0.4,0.7,0.5,0.7,1.4,0.1,0.5,0.6,0.4,0.2,0.5,117792.6,1
126,172,10,0.3,1.6,0.6,1,2.8,0.1,0.9,1.2,0.5,0.5,0.5,216421.7,1
126,173,2,0.1,0.3,0.1,0.2,0.6,0,0.2,0.2,0.1,0.1,0.1,43284.3,1
126,174,53,1,8,5,6,14,1,1,6,5,5,1,879769,0
126,175,121.5,5,10.5,10,28,21,1,14,15,7,8,2,2368587.4,0
126,176,69.5,3.5,9,6,9,16,1,5,9,6,4,1,1335713.2,0
126,177,68,1,1,1,13,12,2,11,10,1,13,3,1272758,0
126,178,28,0,0,3,3,5,0,11,5,0,0,1,717089.8,0
126,180,2,0.1,0.2,0,0.4,0.3,0.1,0.4,0.2,0.1,0.1,0.1,42143.2,1
126,182,2,0.1,0.3,0.1,0.2,0.6,0.1,0.1,0.2,0.2,0.1,0,45641.3,1
126,189,6,0.3,0.8,0.3,0.7,1.9,0.2,0.2,0.5,0.7,0.3,0.1,136924,1
126,199,5,0.2,0.5,0.7,0,1.6,0,0.3,1.2,0,0.3,0.2,96706.8,1
126,216,10,0.4,0,0,1.1,1.1,0.4,4.1,2.9,0,0,0,224333.6,1
126,217,2,0.1,0.1,0.1,0.3,0.4,0,0.4,0.3,0.1,0.1,0.1,43829.5,1
126,224,6,0.2,0,0.4,0.2,0.4,0,1.9,1.2,0,1.7,0,141410.9,1
126,228,9,0.5,0.7,0.4,1.4,2,0.6,1.3,1.4,0.6,0.1,0,203517,1
126,230,3,0.2,0.2,0.1,0.5,0.7,0.2,0.4,0.5,0.2,0,0,67839,1
126,231,2,0.1,0.2,0.1,0.3,0.5,0.1,0.3,0.3,0.1,0,0,45226,1
126,232,13,0,0.7,0.8,2.7,1.9,0,2.7,2.3,0,0.8,1.1,265124.1,1
126,234,7,0,0.4,0.4,1.5,1,0,1.5,1.2,0,0.4,0.6,142759.1,1
126,235,2,0,0.1,0.1,0.4,0.3,0,0.4,0.4,0,0.1,0.2,40788.3,1
126,237,2,0.1,0.2,0.1,0.4,0.4,0,0.5,0,0.1,0.1,0.1,46669.2,1
126,244,2,0.1,0.2,0.1,0.3,0.4,0.1,0.2,0.3,0.2,0.1,0,52894.9,1
126,248,9,0.3,1.1,0.5,1.2,2,0.4,0.8,1.5,0.7,0.3,0.2,238027.2,1
127,1,60.5,3.3,3.7,2.9,7.3,8.8,0,10.3,18.3,0.8,2.9,2.2,1269013.7,1
127,2,84.5,3.5,6,6,15,10,2,25,14,0,2,1,1790747.4,0
127,3,74,1,9.5,2,8,13,0.5,17,18,5,0,0,1630779.9,0
127,4,93,4,10,6,17,26,1,11,3,11,0,4,2183159.9,0
127,5,30.5,0,5.3,0,3.8,9,0,3.8,4.5,3.4,0.7,0,730957.2,1
127,13,2,0,0.1,0.1,0.1,0.3,0,0.6,0.6,0,0.1,0.1,54718.8,1
127,15,1,0,0,0,0,0.2,0,0.3,0.3,0,0.1,0.1,27359.4,1
127,16,2,0,0.1,0.1,0.1,0.3,0,0.6,0.6,0,0.1,0.1,54718.8,1
127,17,5,0.1,0.6,0.1,0.7,0.8,0.1,0.6,0.6,0.4,0.7,0.3,104149.1,1
127,20,3,0,0.4,0.1,0.4,0.5,0.1,0.4,0.3,0.2,0.4,0.2,62489.5,1
127,30,1,0.1,0.1,0,0.2,0.2,0.1,0.1,0.1,0.1,0,0,21785.4,1
127,37,1,0,0.2,0,0,0.3,0,0.1,0.2,0.1,0,0.1,22710.1,1
127,73,2,0,0.1,0.3,0.1,0.4,0,0.3,0.5,0,0.1,0.2,39415.2,1
127,90,5,0.2,0.4,0.3,1,1,0.1,0.7,0.3,0.7,0.2,0.1,112323.6,1
127,97,5,0.1,0.6,0.2,0.9,1.2,0.1,0.6,0.5,0.3,0.5,0,110879.7,1
127,110,3,0.1,0.3,0.3,0.5,0.7,0.1,0.3,0.3,0.3,0.1,0,61406.2,1
127,117,5,0.4,0.5,0.6,0.8,1.3,0.2,0.2,0.5,0.5,0,0,79169.2,1
127,132,1,0,0.2,0.1,0.1,0.3,0,0.1,0.1,0.1,0,0,21960.8,1
127,137,4,0.1,0.2,0.5,0.5,1,0,0.1,1.1,0.2,0.2,0.1,85996.1,1
127,138,2,0,0.1,0.3,0.3,0.5,0,0,0.5,0.1,0.1,0.1,42998.1,1
127,143,1,0.1,0.1,0.1,0.1,0.2,0,0.1,0.1,0.1,0,0.1,19632.1,1
127,161,3,0.3,0,0.2,1.5,0.1,0,0.1,0.3,0.4,0.1,0,59675.5,1
127,170,7,0,1.1,0.4,0.3,1.8,0,1.1,0.5,0.3,0.3,1.2,112646.5,1
127,171,1,0,0.2,0.1,0,0.2,0,0.2,0.1,0,0,0.2,16092.4,1
127,173,3,0.1,0.4,0.2,0.4,0.7,0,0.4,0.2,0.4,0.1,0.1,66199.4,1
127,174,49,4,2,3,13,9,1,10,2,2,0,3,952816.5,0
127,175,96,2,8,22,9,34,0,10,3,1,5,2,1867334.2,0
127,176,31.5,0.9,4.2,2.2,4.5,7.2,0.4,4.5,2.2,4,0.5,0.9,695093.5,1
127,177,13,0,0.4,0.8,0.8,2.7,0,1.1,4.2,0.7,2.3,0,267751,1
127,178,11,0,0.3,0.6,0.7,2.3,0,1,3.6,0.6,1.9,0,226558.6,1
127,189,1,0.1,0.1,0.1,0.1,0.3,0,0,0.1,0.1,0.1,0,22820.7,1
127,192,9,0.5,0.6,0,0.6,2,0.3,1.1,2.8,0.3,0.8,0,192061.8,1
127,208,1,0.1,0.1,0,0.1,0.1,0,0.2,0.2,0,0.2,0,18705.9,1
127,215,13,0.8,1.1,0.5,2.1,3.3,0.4,1.7,1.1,1,0.6,0.4,316909,1
127,216,10,0.6,0.9,0.4,1.6,2.5,0.3,1.3,0.9,0.8,0.4,0.3,243776.2,1
127,231,4,0.2,0.2,0.4,0.8,0.9,0,0.9,0.3,0,0.3,0,92430.1,1
127,232,4,0,0.2,0.2,0.4,0.8,0.3,0.5,0.6,0.4,0.5,0.1,78558,1
127,233,4,0,0.2,0.2,0.4,0.8,0.3,0.5,0.6,0.4,0.5,0.1,78558,1
127,235,7,0,0.3,0.3,0.8,1.4,0.5,1,1.1,0.6,0.8,0.2,137476.5,1
127,236,7,0,0.3,0.3,0.8,1.4,0.5,1,1.1,0.6,0.8,0.2,137476.5,1
127,249,9,0.3,1.1,0.5,1.2,2,0.4,0.8,1.5,0.7,0.3,0.2,238027.2,1
127,250,13,0.5,1.6,0.7,1.7,2.8,0.6,1.2,2.1,1.1,0.5,0.2,343817.1,1
127,252,8,0.5,1,0.1,1.7,1.4,0.3,1.6,0.2,1,0.2,0,143946.3,1
127,253,2,0.1,0.3,0,0.4,0.3,0.1,0.4,0.1,0.2,0.1,0,35986.6,1
128,1,2,0.1,0.1,0.1,0.3,0.3,0,0.3,0.6,0,0.1,0.1,41950.9,1
128,2,7,0,1.2,0,0.8,2.1,0,0.9,1,0.8,0.2,0,167760.7,1
128,3,34,0,1,2,3,4,0,12,11,0,0,1,825854.2,0
128,9,3,0.4,0,0,0.8,0.1,0,0.9,0.2,0.3,0.2,0.1,68482.3,1
128,10,8,1,0,0,2.1,0.2,0,2.6,0.5,0.8,0.5,0.3,182619.4,1
128,12,2,0,0.1,0.1,0.1,0.3,0,0.6,0.6,0,0.1,0.1,54718.8,1
128,13,3,0,0.1,0.1,0.1,0.5,0,0.9,0.9,0,0.3,0.1,82078.2,1
128,14,8,0,0.3,0.3,0.4,1.3,0,2.3,2.3,0,0.7,0.4,218875.3,1
128,38,13,0,2.3,0.4,0.7,4,0.3,1.3,2,1,0,1,295231.4,1
128,63,1,0,0.2,0.1,0.2,0.2,0,0.1,0.1,0.1,0,0,17504.9,1
128,71,4,0.2,0.7,0.3,0.6,1,0.1,0.3,0.2,0.5,0.1,0,70019.4,1
128,75,3,0,0.2,0.5,0.1,0.6,0,0.4,0.7,0,0.2,0.3,59122.8,1
128,78,2,0,0.2,0.1,0.4,0.5,0,0.1,0.3,0.2,0.1,0.1,46712.3,1
128,80,8,0.1,1,0.2,1.6,2,0.2,0.4,1,0.8,0.4,0.3,186849.4,1
128,86,5,0.4,0.2,0.2,1.4,0.6,0.2,0.6,0.6,0.7,0.1,0,114436,1
128,87,4,0.2,0.3,0.3,0.8,0.8,0.1,0.5,0.2,0.5,0.2,0.1,89858.8,1
128,101,5,0.1,0.6,0.2,0.9,1.2,0.1,0.6,0.5,0.3,0.5,0,110879.7,1
128,111,4,0.2,0.4,0.4,0.6,0.9,0.2,0.4,0.4,0.3,0.2,0,81875,1
128,115,1,0.1,0.1,0.1,0.2,0.3,0,0,0.1,0.1,0,0,15833.8,1
128,126,5,0.1,0.6,0.3,0.8,1.2,0.1,0.9,0.4,0.3,0.1,0.2,90254.3,1
128,137,1,0,0.1,0.1,0.1,0.2,0,0,0.3,0.1,0.1,0,21499,1
128,140,8,0.2,0.4,1.1,1.1,1.9,0,0.2,2.1,0.4,0.4,0.2,171992.2,1
128,147,11,0.7,1.3,0.9,1.3,2.6,0.2,0.9,1.1,0.7,0.4,0.9,215953.1,1
128,161,7,0.7,0,0.5,3.4,0.2,0,0.2,0.7,1,0.3,0,139242.7,1
128,162,1,0,0.2,0.1,0,0.2,0,0.2,0.1,0,0,0.2,16092.4,1
128,168,10,0,1.6,0.6,0.4,2.5,0,1.6,0.8,0.4,0.4,1.7,160923.6,1
128,174,21,0.6,2.8,1.5,3,4.7,0.3,3,1.5,2.7,0.3,0.6,463395.6,1
128,177,3,0,0.1,0.2,0.2,0.6,0,0.2,1,0.2,0.5,0,61788.7,1
128,183,4,0.2,0.5,0.2,0.5,1.3,0.1,0.2,0.3,0.4,0.2,0.1,91282.6,1
128,194,2,0.1,0.1,0,0.1,0.4,0.1,0.3,0.6,0.1,0.2,0,42680.4,1
128,196,11,0.7,0.7,0,0.7,2.4,0.3,1.4,3.4,0.4,1,0,234742.2,1
128,207,3,0.2,0.3,0.1,0.5,0.4,0,0.5,0.5,0,0.5,0,56117.6,1
128,208,6,0.5,0.5,0.2,1,0.8,0,1,1,0,1,0,112235.2,1
128,214,5,0.3,0.4,0.2,0.8,1.3,0.2,0.6,0.4,0.4,0.2,0.2,121888.1,1
128,215,20,1.2,1.7,0.8,3.2,5.1,0.7,2.5,1.7,1.5,0.9,0.7,487552.4,1
128,216,4,0.2,0.3,0.2,0.7,1,0.1,0.5,0.4,0.3,0.2,0.1,97510.5,1
128,228,3,0.2,0.2,0.3,0.6,0.6,0,0.7,0.2,0,0.2,0,69322.5,1
128,232,5,0,0.2,0.2,0.6,1,0.3,0.7,0.8,0.5,0.6,0.1,98197.5,1
128,235,2,0,0.1,0.1,0.2,0.4,0.1,0.3,0.3,0.2,0.2,0.1,39279,1
128,238,7,0.4,0.8,0.3,1.5,1.3,0,1.7,0,0.4,0.2,0.4,163342.2,1
129,0,8,0.4,0.5,0.4,1,1.2,0,1.3,2.4,0.1,0.4,0.3,167803.5,1
129,9,4,0.5,0,0,1,0.1,0,1.3,0.3,0.4,0.3,0.1,91309.7,1
129,15,2,0,0.1,0.1,0.1,0.3,0,0.6,0.6,0,0.1,0.1,54718.8,1
129,19,2,0,0.3,0,0.3,0.3,0,0.3,0.2,0.2,0.3,0.1,41659.6,1
129,38,6,0,1.1,0.2,0.3,1.8,0.1,0.6,0.9,0.5,0,0.5,136260.6,1
129,53,2,0,0.1,0,0.3,0.3,0,0.5,0.5,0.2,0.1,0,47201.7,1
129,56,2,0,0.1,0,0.3,0.3,0,0.5,0.5,0.2,0.1,0,47201.7,1
129,57,3,0,0.2,0.1,0.4,0.5,0,0.7,0.7,0.3,0.1,0,70802.6,1
129,62,8,0.4,1.4,0.6,1.2,1.9,0.3,0.6,0.4,1.1,0.1,0,140038.9,1
129,66,8,0.4,1.4,0.6,1.2,1.9,0.3,0.6,0.4,1.1,0.1,0,140038.9,1
129,67,5,0.2,0.9,0.3,0.8,1.2,0.2,0.3,0.3,0.7,0.1,0,87524.3,1
129,73,5,0,0.3,0.8,0.2,1.1,0,0.7,1.1,0,0.3,0.5,98538.1,1
129,77,3,0,0.4,0.1,0.6,0.8,0,0.1,0.4,0.3,0.2,0.1,70068.5,1
129,78,13,0.1,1.6,0.4,2.6,3.3,0.2,0.6,1.7,1.3,0.7,0.5,303630.3,1
129,79,64,4,5.5,5,7,19,2,11,2,0.5,0,8,1399944.9,0
129,80,16,0.2,1.9,0.5,3.1,4,0.3,0.8,2.1,1.6,0.9,0.6,373698.8,1
129,81,74,6,5,4,17,10,3,2,16,4,7,0,1557468.1,0
129,82,20,1.6,0.6,1,5.4,2.5,1,2.2,2.5,2.9,0.3,0,457744.2,1
129,83,2,0.2,0.1,0.1,0.5,0.2,0.1,0.2,0.3,0.3,0,0,45774.4,1
129,86,6,0.5,0.2,0.3,1.6,0.7,0.3,0.7,0.8,0.8,0.1,0,137323.3,1
129,105,6,0.3,0.7,0.7,0.9,1.3,0.3,0.5,0.5,0.5,0.3,0,122812.4,1
129,129,5,0.1,0.6,0.3,0.8,1.2,0.1,0.9,0.4,0.3,0.1,0.2,90254.3,1
129,136,6,0.2,1,0.4,0.6,1.8,0,0.7,0.5,0.5,0.2,0.1,131764.8,1
129,153,4,0.1,0.2,0.3,0.8,1.1,0.2,0,0.5,0.5,0.1,0.2,83629.3,1
129,154,7,0.1,0.3,0.5,1.4,1.9,0.3,0,1,1,0.1,0.4,146351.4,1
129,157,5,0.5,0,0.3,2.4,0.2,0,0.2,0.5,0.7,0.2,0,99459.1,1
129,162,1,0,0.2,0.1,0,0.2,0,0.2,0.1,0,0,0.2,16092.4,1
129,175,1,0,0.1,0.1,0.2,0.2,0,0.2,0.1,0.1,0,0,22066.5,1
129,188,6,0.3,0.8,0.3,0.7,1.9,0.2,0.2,0.5,0.7,0.3,0.1,136924,1
129,194,2,0.1,0.1,0,0.1,0.4,0.1,0.3,0.6,0.1,0.2,0,42680.4,1
129,195,2,0.1,0.1,0,0.1,0.4,0.1,0.3,0.6,0.1,0.2,0,42680.4,1
129,196,2,0.1,0.1,0,0.1,0.4,0.1,0.3,0.6,0.1,0.2,0,42680.4,1
129,206,4,0.4,0.4,0.2,1.1,0.7,0,0.3,0.1,0.6,0.1,0.1,73122.3,1
129,207,14,1.2,1.2,0.6,2.3,1.8,0,2.3,2.3,0,2.3,0,261882.2,1
129,214,10,0.6,0.9,0.4,1.6,2.5,0.3,1.3,0.9,0.8,0.4,0.3,243776.2,1
129,215,9,0.5,0.8,0.4,1.4,2.3,0.3,1.1,0.8,0.7,0.4,0.3,219398.6,1
129,222,4,0.1,0,0.3,0.1,0.3,0,1.3,0.8,0,1.1,0,94273.9,1
129,229,8,0.5,0.5,0.8,1.6,1.8,0,1.8,0.5,0,0.5,0,184860.1,1
129,230,2,0.1,0.1,0.2,0.4,0.5,0,0.5,0.1,0,0.1,0,46215,1
129,231,10,0.6,0.6,1,1.9,2.3,0,2.3,0.6,0,0.7,0,231075.1,1
129,236,1,0,0,0.1,0.1,0.2,0.1,0.1,0.2,0.1,0.1,0,19639.5,1
129,243,5,0,0.5,0.2,1,1.1,0.3,0.4,0,0.6,0.2,0.7,86585.4,1
129,244,12,0,1.2,0.3,2.4,2.8,0.7,1,0,1.5,0.4,1.7,207804.9,1
129,255,5,0.3,0.6,0.1,1.1,0.9,0.2,1,0.1,0.6,0.1,0,89966.5,1
130,1,4,0.2,0.2,0.2,0.5,0.6,0,0.7,1.2,0.1,0.2,0.1,83901.7,1
130,2,3,0,0.5,0,0.4,0.9,0,0.4,0.4,0.3,0.1,0,71897.4,1
130,7,2,0.3,0,0,0.5,0.1,0,0.6,0.1,0.2,0.1,0.1,45654.8,1
130,8,5,0.6,0,0,1.3,0.2,0,1.6,0.3,0.5,0.3,0.2,114137.1,1
130,17,4,0.1,0.5,0.1,0.6,0.6,0.1,0.5,0.4,0.3,0.6,0.2,83319.3,1
130,34,4,0,0.7,0.1,0.2,1.3,0.1,0.4,0.6,0.3,0,0.3,90840.4,1
130,39,2,0,0.4,0,0.1,0.6,0,0.2,0.3,0.2,0,0.2,45420.2,1
130,53,3,0,0.2,0.1,0.4,0.5,0,0.7,0.7,0.3,0.1,0,70802.6,1
130,67,6,0.3,1.1,0.4,0.9,1.5,0.2,0.4,0.3,0.8,0.1,0,105029.2,1
130,77,29,0.3,3.5,0.8,5.7,7.3,0.5,1.4,3.8,3,1.6,1.1,677329,1
130,78,22,0.2,2.7,0.6,4.3,5.6,0.4,1,2.9,2.3,1.2,0.8,513835.8,1
130,79,64,2,17,4,10,22,1,1,2,5,0,0,1475009.8,0
130,80,80,4,13,3,12,17,1,14,7,7,1,1,1731290.7,0
130,81,82,5,4,5,17,9,2,21,13,1,4,1,1667287.5,0
130,82,64,3,2,7,9,12,1,11,12,2,5,0,1309701.6,0
130,83,9,0.7,0.3,0.4,2.4,1.1,0.4,1,1.2,1.3,0.2,0,205984.9,1
130,86,1,0.1,0,0.1,0.3,0.1,0.1,0.1,0.1,0.1,0,0,22887.2,1
130,93,2,0,0.2,0.1,0.4,0.5,0.1,0.2,0.2,0.1,0.2,0,44351.9,1
130,103,2,0.1,0.2,0.2,0.3,0.4,0.1,0.2,0.2,0.2,0.1,0,40937.5,1
130,116,4,0.3,0.4,0.5,0.7,1,0.1,0.2,0.4,0.4,0,0,63335.3,1
130,121,10,0.7,1.1,1.3,1.6,2.5,0.4,0.4,0.9,1.1,0,0,158338.3,1
130,135,7,0.2,1.2,0.5,0.7,2.1,0,0.8,0.6,0.6,0.2,0.1,153725.6,1
130,136,72,2.3,12.1,4.7,7,21.9,0,7.8,6.3,5.9,2.4,1.6,1581177.8,1
130,137,43,2,8,4,5,12,0,6,2,2,2,0,820763.5,0
130,138,7,0.2,0.4,0.9,0.9,1.6,0,0.2,1.8,0.4,0.4,0.2,150493.2,1
130,141,2,0,0.1,0.3,0.3,0.5,0,0,0.5,0.1,0.1,0.1,42998.1,1
130,144,10,0.6,1.2,0.8,1.2,2.4,0.2,0.8,1,0.6,0.4,0.8,196321,1
130,156,4,0.1,0.2,0.3,0.8,1.1,0.2,0,0.5,0.5,0.1,0.2,83629.3,1
130,157,2,0.2,0,0.1,0.9,0.1,0,0.1,0.2,0.3,0.1,0,39783.6,1
130,159,7,0.7,0,0.5,3.4,0.2,0,0.2,0.7,1,0.3,0,139242.7,1
130,175,6,0.2,0.8,0.4,0.8,1.4,0.1,0.8,0.4,0.8,0.1,0.2,132398.8,1
130,178,2,0,0.1,0.1,0.1,0.4,0,0.2,0.6,0.1,0.4,0,41192.5,1
130,180,1,0,0,0.1,0.1,0.2,0,0.1,0.3,0,0.2,0,20596.2,1
130,186,4,0.2,0.5,0.2,0.5,1.3,0.1,0.2,0.3,0.4,0.2,0.1,91282.6,1
130,202,11,1.1,1.1,0.6,3,1.9,0,0.9,0.4,1.6,0.2,0.2,201086.2,1
130,206,13,1.3,1.3,0.7,3.6,2.2,0,1.1,0.5,1.9,0.2,0.2,237647.4,1
130,213,9,0.5,0.8,0.4,1.4,2.3,0.3,1.1,0.8,0.7,0.4,0.3,219398.6,1
130,214,12,0.7,1,0.5,2,3.1,0.4,1.5,1,0.9,0.5,0.4,292531.4,1
130,215,5,0.3,0.4,0.2,0.8,1.3,0.2,0.6,0.4,0.4,0.2,0.2,121888.1,1
130,216,1,0.1,0.1,0,0.2,0.3,0,0.1,0.1,0.1,0,0,24377.6,1
130,222,2,0.1,0,0.1,0.1,0.1,0,0.6,0.4,0,0.6,0,47137,1
130,225,3,0.1,0,0.2,0.1,0.2,0,1,0.6,0,0.8,0,70705.5,1
130,226,2,0.1,0,0.1,0.1,0.1,0,0.6,0.4,0,0.6,0,47137,1
130,233,2,0,0.1,0.1,0.2,0.4,0.1,0.3,0.3,0.2,0.2,0.1,39279,1
130,236,3,0,0.1,0.1,0.3,0.6,0.2,0.4,0.5,0.3,0.4,0.1,58918.5,1
130,238,3.5,0.2,0.4,0.1,0.8,0.7,0,0.8,0,0.2,0.1,0.2,81671.1,1
130,242,8,0,0.8,0.2,1.6,1.8,0.5,0.7,0,1,0.2,1.2,138536.6,1
130,243,7,0,0.7,0.2,1.4,1.6,0.4,0.6,0,0.9,0.2,1,121219.5,1
130,254,6,0.4,0.7,0.1,1.3,1,0.2,1.2,0.2,0.7,0.2,0,107959.8,1
131,15,4,0,0.2,0.2,0.2,0.7,0,1.1,1.1,0,0.3,0.2,109437.6,1
131,17,3,0,0.4,0.1,0.4,0.5,0.1,0.4,0.3,0.2,0.4,0.2,62489.5,1
131,26,9,0.5,1.2,0.2,1.6,2.1,0.3,0.3,1.2,1.2,0.2,0.2,196068.8,1
131,28,4,0.2,0.5,0.1,0.7,0.9,0.2,0.2,0.5,0.5,0.1,0.1,87141.7,1
131,29,8,0.5,1.1,0.1,1.4,1.8,0.3,0.3,1.1,1.1,0.1,0.2,174283.4,1
131,39,1,0,0.2,0,0,0.3,0,0.1,0.2,0.1,0,0.1,22710.1,1
131,53,3,0,0.2,0.1,0.4,0.5,0,0.7,0.7,0.3,0.1,0,70802.6,1
131,77,7,0.1,0.8,0.2,1.4,1.8,0.1,0.3,0.9,0.7,0.4,0.3,163493.2,1
131,78,7,0.1,0.8,0.2,1.4,1.8,0.1,0.3,0.9,0.7,0.4,0.3,163493.2,1
131,79,103,17,11,0,38,11,8,2,0,15,1,0,2243133.4,0
131,80,29,6,2,0,10,5,1,4,1,0,0,0,638225.6,0
131,81,40,0,4,2,4,10,0,14,2,3,0,1,939237.1,0
131,82,37,2,4,3,4,8,0,6,4,5,0,1,880327.1,0
131,85,7,0.6,0.2,0.3,1.9,0.9,0.3,0.8,0.9,1,0.1,0,160210.5,1
131,86,13,1,0.4,0.6,3.5,1.7,0.6,1.4,1.7,1.9,0.2,0,297533.7,1
131,87,5,0.2,0.4,0.3,1,1,0.1,0.7,0.3,0.7,0.2,0.1,112323.6,1
131,89,4,0.2,0.3,0.3,0.8,0.8,0.1,0.5,0.2,0.5,0.2,0.1,89858.8,1
131,93,2,0,0.2,0.1,0.4,0.5,0.1,0.2,0.2,0.1,0.2,0,44351.9,1
131,95,6,0.2,0.7,0.2,1.1,1.5,0.2,0.7,0.5,0.4,0.5,0,133055.7,1
131,96,3,0.1,0.3,0.1,0.5,0.7,0.1,0.4,0.3,0.2,0.3,0,66527.8,1
131,104,3,0.1,0.3,0.3,0.5,0.7,0.1,0.3,0.3,0.3,0.1,0,61406.2,1
131,115,5,0.4,0.5,0.6,0.8,1.3,0.2,0.2,0.5,0.5,0,0,79169.2,1
131,135,6,0.2,1,0.4,0.6,1.8,0,0.7,0.5,0.5,0.2,0.1,131764.8,1
131,136,98.5,10,10,2,33,12,4,3,9,14.5,0,1,1881206.7,0
131,137,75,3,5,4,9,18,1,14,15,2,2,2,1478003.7,0
131,138,9,0.2,0.5,1.2,1.2,2.1,0,0.2,2.4,0.5,0.5,0.2,193491.3,1
131,139,5,0.1,0.3,0.6,0.7,1.2,0,0.1,1.3,0.3,0.3,0.1,107495.1,1
131,148,1,0.1,0.1,0.1,0.1,0.2,0,0.1,0.1,0.1,0,0.1,19632.1,1
131,155,4,0.1,0.2,0.3,0.8,1.1,0.2,0,0.5,0.5,0.1,0.2,83629.3,1
131,160,3,0.3,0,0.2,1.5,0.1,0,0.1,0.3,0.4,0.1,0,59675.5,1
131,161,2,0.2,0,0.1,0.9,0.1,0,0.1,0.2,0.3,0.1,0,39783.6,1
131,174,8,0.2,1.1,0.6,1.1,1.8,0.1,1.2,0.6,1,0.1,0.2,176531.7,1
131,178,3,0,0.1,0.2,0.2,0.6,0,0.2,1,0.2,0.5,0,61788.7,1
131,180,1,0,0,0.1,0.1,0.2,0,0.1,0.3,0,0.2,0,20596.2,1
131,184,12,0.7,1.5,0.7,1.4,3.8,0.3,0.5,1,1.4,0.5,0.2,273847.9,1
131,185,3,0.2,0.4,0.2,0.3,1,0.1,0.1,0.3,0.3,0.1,0,68462,1
131,192,4,0.2,0.2,0,0.3,0.9,0.1,0.5,1.3,0.1,0.4,0,85360.8,1
131,206,13.5,1.4,1.4,0.7,3.7,2.3,0,1.1,0.5,2,0.2,0.2,246787.7,1
131,212,9,0.5,0.8,0.4,1.4,2.3,0.3,1.1,0.8,0.7,0.4,0.3,219398.6,1
131,214,11,0.6,0.9,0.5,1.8,2.8,0.4,1.4,0.9,0.8,0.5,0.4,268153.8,1
131,227,2,0.1,0.1,0.2,0.4,0.5,0,0.5,0.1,0,0.1,0,46215,1
131,231,2,0.1,0.1,0.2,0.4,0.5,0,0.5,0.1,0,0.1,0,46215,1
131,232,7,0,0.3,0.3,0.8,1.4,0.5,1,1.1,0.6,0.8,0.2,137476.5,1
131,235,2,0,0.1,0.1,0.2,0.4,0.1,0.3,0.3,0.2,0.2,0.1,39279,1
131,242,3,0,0.3,0.1,0.6,0.7,0.2,0.2,0,0.4,0.1,0.4,51951.2,1
132,5,2,0.2,0.1,0,0.5,0.2,0,0.4,0.4,0.2,0,0,49145.6,1
132,10,3,0.3,0.1,0.1,0.7,0.3,0,0.5,0.6,0.3,0.1,0,73718.5,1
132,15,2,0.1,0.2,0.1,0.2,0.5,0,0.6,0.1,0.1,0.1,0,54673.7,1
132,22,7,0.1,0.6,0.1,1.2,1.8,0.2,0.8,0.9,0.7,0.3,0.3,136846.9,1
132,42,2,0,0,0.2,0.4,0.4,0,0.5,0.5,0,0,0,49092.2,1
132,49,2,0,0.1,0.2,0.4,0.3,0,0.4,0.3,0.2,0.1,0,43964,1
132,53,7,0.3,0.8,0.7,0.4,2,0,0.9,1,0.5,0.4,0,154168.7,1
132,54,2,0.1,0.2,0.2,0.1,0.6,0,0.2,0.3,0.2,0.1,0,44048.2,1
132,58,6.5,0.3,0.8,0.6,0.4,1.8,0,0.8,0.9,0.5,0.4,0,143156.7,1
132,71,3,0.2,0.2,0.2,0.2,0.6,0,0.5,0.7,0.2,0.2,0,54181.2,1
132,72,1,0,0.1,0.1,0.2,0.2,0,0.1,0.2,0.1,0,0,21469.9,1
132,78,13,0.6,1.5,0.6,2.7,2.4,0.2,1.7,2.2,1,0.1,0,279109.3,1
132,80,3,0.1,0.4,0.1,0.6,0.6,0.1,0.4,0.5,0.2,0,0,64409.8,1
132,84,4,0,0.1,0.1,0.7,0.5,0.2,1,0.6,0.3,0.3,0.2,97091.1,1
132,85,3,0,0.1,0.1,0.5,0.4,0.1,0.7,0.4,0.2,0.3,0.2,72818.3,1
132,87,5,0,0.3,0.3,0.7,0.7,0,1.6,0.9,0.2,0.3,0,116300.2,1
132,88,2,0,0.1,0.1,0.3,0.3,0,0.6,0.4,0.1,0.1,0,46520.1,1
132,89,5,0,0.3,0.3,0.7,0.7,0,1.6,0.9,0.2,0.3,0,116300.2,1
132,99,8,0.4,0.4,0.4,1.5,0.7,0,2.7,1.5,0,0.4,0,179385.3,1
132,101,5,0.2,0.2,0.2,1,0.5,0,1.7,1,0,0.2,0,112115.8,1
132,116,2,0,0.3,0.2,0,0.5,0,0.4,0.3,0.1,0.1,0.1,34929.9,1
132,117,2,0,0.3,0.2,0,0.5,0,0.4,0.3,0.1,0.1,0.1,34929.9,1
132,126,5,0.3,0.2,0.5,1,0.8,0.2,0.9,0.7,0.2,0.1,0.1,99964.5,1
132,131,4,0.3,0.1,0.4,0.8,0.6,0.1,0.7,0.6,0.2,0.1,0.1,79971.6,1
132,133,4,0.4,0.6,0.1,0.7,0.7,0.3,0.5,0.5,0.2,0,0,72157.9,1
132,134,2,0.2,0.3,0.1,0.4,0.4,0.1,0.2,0.2,0.1,0,0,36078.9,1
132,135,5,0.5,0.7,0.1,0.9,1,0.4,0.6,0.6,0.2,0,0,90197.3,1
132,136,34,0,3,2,0,9,0,5,9,3,3,0,777326.3,0
132,137,89,7,9,3,22,9,4,6,11,6,9,3,1523565.3,0
132,138,23,2.2,3.2,0.7,4.3,4.7,0,1.1,3.6,1.8,1.4,0,519133.1,1
132,139,5,0.5,0.7,0.2,0.9,1,0,0.2,0.8,0.4,0.3,0,112855,1
132,145,5,0.2,0.5,0.2,1,0.6,0.2,0.8,0.9,0.2,0.4,0,96270.5,1
132,149,2,0.1,0.2,0.1,0.4,0.2,0.1,0.3,0.4,0.1,0.1,0,38508.2,1
132,150,1,0,0.1,0.1,0.2,0.1,0,0.2,0.2,0,0.1,0,19254.1,1
132,152,7,0.4,0.4,0.2,1.3,1.3,0.7,0.5,0.7,1,0.5,0,129843.1,1
132,156,4,0.2,0.3,0.1,0.7,0.7,0.4,0.3,0.4,0.6,0.3,0,74196.1,1
132,158,2,0.1,0.1,0,0.4,0.4,0.2,0.1,0.2,0.3,0.2,0,37098,1
132,161,4,0.2,0.3,0.1,0.7,0.7,0.4,0.3,0.4,0.6,0.3,0,74196.1,1
132,176,3,0.1,0.3,0.3,0.2,0.6,0,0.3,0.9,0.2,0.1,0,49010.2,1
132,177,2,0.1,0.1,0.1,0.3,0.3,0,0.5,0.2,0.2,0.1,0.1,37860.2,1
132,179,7,0.3,0.5,0.2,1.2,1,0.2,1.7,0.7,0.8,0.2,0.2,132510.7,1
132,185,6,0,0.1,0.2,0.5,0.9,0,2.3,1.4,0.3,0.3,0,141067.8,1
132,189,5,0,0.1,0.1,0.4,0.8,0,1.9,1.1,0.3,0.3,0,117556.5,1
132,193,18.5,1.1,2.6,0.7,4.4,3.4,0.7,2.2,1.4,1,0.8,0.2,396196.7,1
132,194,5,0.3,0.7,0.2,1.2,0.9,0.2,0.6,0.4,0.2,0.2,0.1,107080.2,1
132,196,2,0.1,0.3,0.1,0.5,0.4,0.1,0.2,0.1,0.1,0.1,0,42832.1,1
132,212,6,0.1,0.5,0.4,0.7,1.7,0.3,0.9,0.4,0.3,0.7,0,134265.3,1
132,213,3,0,0.3,0.2,0.3,0.9,0.2,0.4,0.2,0.2,0.3,0,67132.7,1
132,225,12,0.8,0.7,0.9,2.9,1.8,0.4,1.7,1,0.9,0.7,0.2,236408.2,1
132,226,19,1.3,1.1,1.5,4.6,2.8,0.6,2.6,1.5,1.5,1.1,0.4,374313,1
132,227,7,0,0.7,1,0.5,2.5,0.2,0.3,0.8,0.5,0.5,0,145725.4,1
132,228,8,0,0.8,1.1,0.6,2.8,0.3,0.3,0.9,0.6,0.6,0,166543.3,1
132,235,5,0.4,0.3,0.6,1.7,0.4,0,1,0.3,0.3,0,0,109744.3,1
132,239,6.5,0.6,0.3,0.9,2.2,0.5,0,1.4,0.3,0.3,0,0,142667.6,1
132,245,7,0,1.2,0.2,0.4,2.4,0,0.8,0.8,0.7,0.4,0.1,145694.1,1
132,254,4,0.1,0.2,0.6,1,0.6,0.2,0.4,0.4,0,0.3,0.2,76732.4,1
133,4,5,0.5,0.2,0.1,1.2,0.4,0.1,0.9,1,0.5,0.1,0,122864.1,1
133,5,7,0.7,0.3,0.2,1.7,0.6,0.1,1.2,1.3,0.7,0.2,0,172009.7,1
133,10,2,0.2,0.1,0,0.5,0.2,0,0.4,0.4,0.2,0,0,49145.6,1
133,14,2,0.1,0.2,0.1,0.2,0.5,0,0.6,0.1,0.1,0.1,0,54673.7,1
133,16,4,0.1,0.4,0.2,0.4,1.1,0,1.1,0.3,0.2,0.2,0,109347.5,1
133,28,5,0.1,0.4,0.1,0.9,1.3,0.2,0.5,0.6,0.5,0.2,0.2,97747.8,1
133,32,2,0.1,0.2,0,0.2,0.4,0,0.3,0.4,0.2,0.2,0,38948.8,1
133,48,1,0,0.1,0.1,0.2,0.2,0,0.2,0.1,0.1,0,0,21982,1
133,49,14.5,0.2,0.6,1.3,3,2.3,0,3.3,2,1.3,0.5,0,318739.1,1
133,50,3,0,0.1,0.3,0.6,0.5,0,0.7,0.4,0.3,0.1,0,65946,1
133,52,2,0.1,0.2,0.2,0.1,0.6,0,0.2,0.3,0.2,0.1,0,44048.2,1
133,67,2,0.1,0.1,0.1,0.1,0.5,0.1,0.3,0.5,0.1,0.1,0,36120.8,1
133,70,7,0.4,0.4,0.4,0.4,1.6,0.2,1.2,1.6,0.4,0.4,0,126422.7,1
133,72,1,0,0.1,0.1,0.2,0.2,0,0.1,0.2,0.1,0,0,21469.9,1
133,77,6,0.2,0.7,0.3,1.2,1.1,0.1,0.8,1,0.5,0.1,0,128819.7,1
133,81,3,0.1,0.4,0.1,0.6,0.6,0.1,0.4,0.5,0.2,0,0,64409.8,1
133,82,5,0,0.1,0.2,0.8,0.7,0.2,1.2,0.7,0.4,0.4,0.3,121363.9,1
133,83,5,0,0.1,0.2,0.8,0.7,0.2,1.2,0.7,0.4,0.4,0.3,121363.9,1
133,91,2,0,0.1,0.1,0.3,0.3,0,0.6,0.4,0.1,0.1,0,46520.1,1
133,92,2,0.1,0.3,0.1,0.3,0.4,0.1,0.2,0.3,0.1,0.1,0,39526.4,1
133,108,1,0,0.2,0,0.2,0.2,0,0.1,0.1,0.1,0.1,0,22819.3,1
133,115,4,0,0.6,0.4,0,1,0,0.7,0.5,0.3,0.2,0.3,69859.8,1
133,120,10,0,1.6,0.9,0,2.5,0,1.8,1.4,0.7,0.4,0.7,174649.4,1
133,133,4,0.4,0.6,0.1,0.7,0.7,0.3,0.5,0.5,0.2,0,0,72157.9,1
133,135,1,0.1,0.1,0,0.2,0.2,0.1,0.1,0.1,0.1,0,0,18039.5,1
133,136,20,1.9,2.9,0.5,3.8,3.8,1.4,2.4,2.4,0.9,0,0,360789.3,1
133,137,15,1.4,2.1,0.5,2.8,3.1,0,0.7,2.3,1.2,0.9,0,338565,1
133,138,25.5,1,4,1,5,7,0,3,3,0.5,1,0,481766.2,0
133,139,2,0.2,0.3,0.1,0.4,0.4,0,0.1,0.3,0.1,0.1,0,45142,1
133,167,3,0.1,0.5,0.2,0.3,0.5,0,0.3,0.6,0,0.5,0,64395,1
133,169,4,0.2,0.7,0.2,0.4,0.7,0,0.4,0.8,0,0.6,0,85860,1
133,175,4,0.1,0.4,0.4,0.2,0.9,0,0.4,1.3,0.2,0.1,0,65346.9,1
133,179,21,1,1.5,0.5,3.6,3.1,0.5,5.1,2.1,2.6,0.5,0.5,397532.1,1
133,182,2,0,0,0,0.2,0.3,0,0.8,0.5,0.1,0.1,0,47022.6,1
133,188,4,0,0.1,0.1,0.3,0.6,0,1.6,0.9,0.2,0.2,0,94045.2,1
133,191,2,0,0,0,0.2,0.3,0,0.8,0.5,0.1,0.1,0,47022.6,1
133,193,17,1,2.4,0.6,4.1,3.1,0.6,2,1.3,0.9,0.8,0.2,364072.6,1
133,194,40,6,2,0,13,3,3,7,3,1,1,1,877154.1,0
133,197,4,0.1,0.3,0.1,0.7,0.8,0.1,0.7,0.6,0.2,0.4,0,91335.7,1
133,212,6,0.1,0.5,0.4,0.7,1.7,0.3,0.9,0.4,0.3,0.7,0,134265.3,1
133,223,3,0.2,0.2,0.2,0.7,0.5,0.1,0.4,0.2,0.2,0.2,0.1,59102.1,1
133,225,1,0.1,0.1,0.1,0.2,0.1,0,0.1,0.1,0.1,0.1,0,19700.7,1
133,226,4,0.3,0.2,0.3,1,0.6,0.1,0.6,0.3,0.3,0.2,0.1,78802.7,1
133,235,3,0.3,0.2,0.4,1,0.2,0,0.6,0.2,0.1,0,0,65846.6,1
133,239,2,0.2,0.1,0.3,0.7,0.1,0,0.4,0.1,0.1,0,0,43897.7,1
133,247,1,0,0.2,0,0.1,0.3,0,0.1,0.1,0.1,0.1,0,20813.4,1
133,250,7,0,1.2,0.2,0.4,2.4,0,0.8,0.8,0.7,0.4,0.1,145694.1,1
133,253,1,0,0,0.2,0.3,0.2,0,0.1,0.1,0,0.1,0,19183.1,1
134,2,9,0.9,0.4,0.2,2.2,0.7,0.1,1.6,1.7,1,0.2,0,221155.4,1
134,4,4,0.4,0.2,0.1,1,0.3,0,0.7,0.8,0.4,0.1,0,98291.3,1
134,5,4,0.4,0.2,0.1,1,0.3,0,0.7,0.8,0.4,0.1,0,98291.3,1
134,10,5,0.5,0.2,0.1,1.2,0.4,0.1,0.9,1,0.5,0.1,0,122864.1,1
134,13,8,0.3,0.8,0.3,0.8,2.3,0,2.3,0.6,0.3,0.3,0,218694.9,1
134,15,2,0.1,0.2,0.1,0.2,0.5,0,0.6,0.1,0.1,0.1,0,54673.7,1
134,30,6,0.1,0.5,0.1,1,1.5,0.2,0.7,0.7,0.6,0.3,0.3,117297.4,1
134,31,4,0.1,0.3,0.1,0.7,1,0.1,0.4,0.5,0.4,0.2,0.2,78198.2,1
134,48,4,0.1,0.2,0.4,0.8,0.6,0,0.9,0.6,0.3,0.1,0,87928,1
134,49,15,0.3,0.7,1.3,3.1,2.3,0,3.4,2.1,1.3,0.5,0,329730.1,1
134,51,10,0.2,0.4,0.9,2.1,1.6,0,2.2,1.4,0.9,0.3,0,219820,1
134,52,2,0.1,0.2,0.2,0.1,0.6,0,0.2,0.3,0.2,0.1,0,44048.2,1
134,58,2,0.1,0.2,0.2,0.1,0.6,0,0.2,0.3,0.2,0.1,0,44048.2,1
134,62,4,0.2,0.2,0.2,0.3,0.9,0.1,0.7,0.9,0.2,0.3,0,72241.5,1
134,79,1,0,0.1,0.1,0.2,0.2,0,0.1,0.2,0.1,0,0,21469.9,1
134,100,6,0.3,0.3,0.3,1.1,0.6,0,2,1.1,0,0.3,0,134539,1
134,102,3,0.1,0.5,0.1,0.5,0.6,0,0.4,0.4,0.3,0.1,0,68458,1
134,106,2,0.1,0.3,0,0.3,0.4,0,0.3,0.3,0.2,0.1,0,45638.7,1
134,109,3,0.1,0.5,0.1,0.5,0.6,0,0.4,0.4,0.3,0.1,0,68458,1
134,127,2,0.1,0.1,0.2,0.4,0.3,0.1,0.4,0.3,0.1,0,0,39985.8,1
134,129,3,0.2,0.1,0.3,0.6,0.5,0.1,0.5,0.4,0.2,0,0.1,59978.7,1
134,130,2,0.1,0.1,0.2,0.4,0.3,0.1,0.4,0.3,0.1,0,0,39985.8,1
134,138,9,0.8,1.3,0.3,1.7,1.8,0,0.4,1.4,0.7,0.6,0,203139,1
134,139,3,0.3,0.4,0.1,0.6,0.6,0,0.1,0.5,0.2,0.2,0,67713,1
134,143,4,0.2,0.4,0.2,0.7,0.5,0.2,0.6,0.7,0.2,0.3,0,77016.4,1
134,147,4,0.2,0.4,0.2,0.7,0.5,0.2,0.6,0.7,0.2,0.3,0,77016.4,1
134,153,2,0.1,0.1,0,0.4,0.4,0.2,0.1,0.2,0.3,0.2,0,37098,1
134,160,8,0.4,0.5,0.2,1.5,1.5,0.8,0.5,0.8,1.2,0.6,0,148392.2,1
134,163,4,0.1,0.2,0.4,0.3,0.9,0,1.3,0.3,0.1,0.4,0,99684.8,1
134,170,12,0.5,2.1,0.6,1.1,2.1,0,1.3,2.4,0,1.9,0,257580.1,1
134,173,2,0.1,0.2,0.2,0.1,0.4,0,0.2,0.6,0.1,0.1,0,32673.5,1
134,176,2,0.1,0.2,0.2,0.1,0.4,0,0.2,0.6,0.1,0.1,0,32673.5,1
134,186,3,0,0.1,0.1,0.2,0.5,0,1.2,0.7,0.1,0.1,0,70533.9,1
134,194,25,1.5,3.5,1,6,4.5,1,2.9,1.9,1.3,1.1,0.3,535400.9,1
134,195,3,0.2,0.4,0.1,0.7,0.6,0.1,0.4,0.2,0.2,0.1,0,64248.1,1
134,196,12,0.7,1.7,0.5,2.9,2.2,0.5,1.4,0.9,0.6,0.5,0.1,256992.4,1
134,197,5,0.1,0.4,0.1,0.9,1.1,0.1,0.9,0.8,0.2,0.4,0,114169.6,1
134,208,2,0.1,0,0.1,0.4,0.4,0.1,0.2,0.5,0.1,0.1,0,48436.6,1
134,210,5,0.1,0.1,0.2,1.1,1.1,0.1,0.6,1.2,0.3,0.2,0,121091.5,1
134,211,14.5,0.4,0.2,0.5,3.1,3.1,0.4,1.8,3.6,0.9,0.5,0,351165.3,1
134,212,4,0.1,0.4,0.3,0.4,1.1,0.2,0.6,0.3,0.2,0.4,0,89510.2,1
134,213,19,0.4,1.7,1.4,2,5.4,1,2.7,1.4,1,2,0,425173.5,1
134,220,5,0.1,0.4,0,0.5,1.4,0,1.2,0.9,0.1,0.3,0.1,119644.7,1
134,221,1,0,0.1,0,0.1,0.3,0,0.2,0.2,0,0.1,0,23928.9,1
134,222,7,0.5,0.4,0.6,1.7,1,0.2,1,0.6,0.5,0.4,0.1,137904.8,1
134,223,6,0.4,0.3,0.5,1.5,0.9,0.2,0.8,0.5,0.5,0.3,0.1,118204.1,1
134,224,2,0.1,0.1,0.2,0.5,0.3,0.1,0.3,0.2,0.1,0.1,0,39401.4,1
134,225,2,0.1,0.1,0.2,0.5,0.3,0.1,0.3,0.2,0.1,0.1,0,39401.4,1
134,226,8,0.5,0.5,0.6,2,1.2,0.2,1.1,0.6,0.6,0.5,0.2,157605.5,1
134,236,2,0.2,0.1,0.3,0.7,0.1,0,0.4,0.1,0.1,0,0,43897.7,1
134,242,5,0,0.8,0.1,0.3,1.7,0,0.6,0.6,0.5,0.3,0.1,104067.2,1
135,4,14,1.3,0.7,0.3,3.5,1.1,0.2,2.5,2.6,1.5,0.3,0,344019.5,1
135,5,4,0.4,0.2,0.1,1,0.3,0,0.7,0.8,0.4,0.1,0,98291.3,1
135,11,3,0.3,0.1,0.1,0.7,0.3,0,0.5,0.6,0.3,0.1,0,73718.5,1
135,22,5,0.1,0.4,0.1,0.9,1.3,0.2,0.5,0.6,0.5,0.2,0.2,97747.8,1
135,33,7,0.2,0.9,0,0.9,1.5,0,0.9,1.5,0.5,0.6,0,136320.8,1
135,34,5,0.1,0.6,0,0.6,1.1,0,0.6,1.1,0.4,0.5,0,97372,1
135,49,5,0.1,0.2,0.4,1.1,0.8,0,1.1,0.7,0.4,0.2,0,109910,1
135,50,1,0,0.1,0.1,0.2,0.2,0,0.2,0.1,0.1,0,0,21982,1
135,51,32,6,1,3,6,7,1,2,1,1,4,0,652539.5,0
135,53,2,0.1,0.2,0.2,0.1,0.6,0,0.2,0.3,0.2,0.1,0,44048.2,1
135,56,2,0.1,0.2,0.2,0.1,0.6,0,0.2,0.3,0.2,0.1,0,44048.2,1
135,57,2,0.1,0.2,0.2,0.1,0.6,0,0.2,0.3,0.2,0.1,0,44048.2,1
135,60,9,0.4,1,0.8,0.6,2.5,0,1.1,1.3,0.7,0.6,0,198216.9,1
135,65,4,0.2,0.2,0.2,0.3,0.9,0.1,0.7,0.9,0.2,0.3,0,72241.5,1
135,67,4,0.2,0.2,0.2,0.3,0.9,0.1,0.7,0.9,0.2,0.3,0,72241.5,1
135,70,5,0.3,0.3,0.3,0.3,1.1,0.1,0.8,1.2,0.3,0.3,0,90301.9,1
135,80,10,0.4,1.2,0.4,2.1,1.8,0.2,1.3,1.7,0.8,0.1,0,214699.4,1
135,81,2,0.1,0.2,0.1,0.4,0.4,0,0.3,0.3,0.2,0,0,42939.9,1
135,95,4,0.2,0.6,0.3,0.6,0.8,0.3,0.4,0.6,0.1,0.1,0,79052.8,1
135,106,8,0.3,1.4,0.2,1.2,1.6,0,1.1,1.1,0.8,0.3,0,182554.6,1
135,109,2,0.1,0.3,0,0.3,0.4,0,0.3,0.3,0.2,0.1,0,45638.7,1
135,115,3,0,0.5,0.3,0,0.8,0,0.5,0.4,0.2,0.1,0.2,52394.8,1
135,124,3,0.2,0.1,0.3,0.6,0.5,0.1,0.5,0.4,0.2,0,0.1,59978.7,1
135,125,3,0.2,0.1,0.3,0.6,0.5,0.1,0.5,0.4,0.2,0,0.1,59978.7,1
135,127,5,0.3,0.2,0.5,1,0.8,0.2,0.9,0.7,0.2,0.1,0.1,99964.5,1
135,131,2,0.1,0.1,0.2,0.4,0.3,0.1,0.4,0.3,0.1,0,0,39985.8,1
135,135,5,0.5,0.7,0.1,0.9,1,0.4,0.6,0.6,0.2,0,0,90197.3,1
135,136,1,0.1,0.1,0,0.2,0.2,0.1,0.1,0.1,0.1,0,0,18039.5,1
135,140,7,0.7,1,0.2,1.3,1.4,0,0.3,1.1,0.6,0.4,0,157997,1
135,144,1,0,0.1,0.1,0.2,0.1,0,0.2,0.2,0,0.1,0,19254.1,1
135,147,6,0.3,0.6,0.3,1.1,0.7,0.3,1,1,0.3,0.4,0,115524.6,1
135,161,2,0.1,0.1,0,0.4,0.4,0.2,0.1,0.2,0.3,0.2,0,37098,1
135,167,4,0.2,0.7,0.2,0.4,0.7,0,0.4,0.8,0,0.6,0,85860,1
135,168,4,0.2,0.7,0.2,0.4,0.7,0,0.4,0.8,0,0.6,0,85860,1
135,169,2,0.1,0.3,0.1,0.2,0.4,0,0.2,0.4,0,0.3,0,42930,1
135,170,12,0.5,2.1,0.6,1.1,2.1,0,1.3,2.4,0,1.9,0,257580.1,1
135,173,6,0.2,0.5,0.5,0.4,1.3,0,0.6,1.9,0.4,0.2,0,98020.4,1
135,176,11,0.4,1,1,0.7,2.4,0,1,3.4,0.7,0.4,0,179704,1
135,177,3,0.1,0.2,0.1,0.5,0.4,0.1,0.7,0.3,0.4,0.1,0.1,56790.3,1
135,178,4,0.2,0.3,0.1,0.7,0.6,0.1,0.9,0.4,0.5,0.1,0.1,75720.4,1
135,183,1,0,0,0,0.1,0.2,0,0.4,0.2,0,0.1,0,23511.3,1
135,190,6,0,0.1,0.2,0.5,0.9,0,2.3,1.4,0.3,0.3,0,141067.8,1
135,191,3,0,0.1,0.1,0.2,0.5,0,1.2,0.7,0.1,0.1,0,70533.9,1
135,192,6,0.4,0.8,0.2,1.4,1.1,0.2,0.7,0.5,0.3,0.3,0.1,128496.2,1
135,194,16,1,2.2,0.6,3.8,2.9,0.6,1.9,1.3,0.8,0.7,0.2,342656.6,1
135,195,43,1,13,1,2,16,1,2,5,0,0,2,1000297.9,0
135,196,23,1.3,3.2,0.9,5.5,4.2,0.9,2.7,1.8,1.2,1,0.3,492568.8,1
135,199,8,0.2,0.7,0.1,1.5,1.6,0.1,1.4,1.3,0.4,0.7,0,182671.3,1
135,201,2,0.1,0.2,0,0.4,0.4,0,0.3,0.3,0.1,0.2,0,45667.8,1
135,210,2,0.1,0,0.1,0.4,0.4,0.1,0.2,0.5,0.1,0.1,0,48436.6,1
135,211,3,0.1,0,0.1,0.6,0.7,0.1,0.4,0.7,0.2,0.1,0,72654.9,1
135,212,2,0,0.2,0.1,0.2,0.6,0.1,0.3,0.2,0.1,0.2,0,44755.1,1
135,213,9,0.1,0.8,0.6,1,2.6,0.5,1.3,0.6,0.5,1,0,201398,1
135,214,2,0,0.2,0.1,0.2,0.6,0.1,0.3,0.2,0.1,0.2,0,44755.1,1
135,217,2,0,0.2,0,0.2,0.5,0,0.5,0.4,0,0.1,0.1,47857.9,1
135,221,9,0.2,0.7,0,0.9,2.5,0,2.2,1.6,0.2,0.5,0.2,215360.4,1
135,222,6,0.4,0.3,0.5,1.5,0.9,0.2,0.8,0.5,0.5,0.3,0.1,118204.1,1
135,226,9,0.6,0.5,0.7,2.2,1.3,0.3,1.3,0.7,0.7,0.5,0.2,177306.2,1
135,227,4,0,0.4,0.6,0.3,1.4,0.1,0.2,0.4,0.3,0.3,0,83271.6,1
135,242,1,0,0.2,0,0.1,0.3,0,0.1,0.1,0.1,0.1,0,20813.4,1
136,2,7,0.7,0.3,0.2,1.7,0.6,0.1,1.2,1.3,0.7,0.2,0,172009.7,1
136,3,2,0.2,0.1,0,0.5,0.2,0,0.4,0.4,0.2,0,0,49145.6,1
136,4,3,0.3,0.1,0.1,0.7,0.3,0,0.5,0.6,0.3,0.1,0,73718.5,1
136,10,9,0.9,0.4,0.2,2.2,0.7,0.1,1.6,1.7,1,0.2,0,221155.4,1
136,11,2,0.2,0.1,0,0.5,0.2,0,0.4,0.4,0.2,0,0,49145.6,1
136,19,4,0.1,0.4,0.2,0.4,1.1,0,1.1,0.3,0.2,0.2,0,109347.5,1
136,22,9,0.1,0.7,0.2,1.6,2.3,0.3,1,1.1,0.9,0.4,0.4,175946,1
136,23,2,0,0.2,0,0.3,0.5,0.1,0.2,0.3,0.2,0.1,0.1,39099.1,1
136,32,2,0.1,0.2,0,0.2,0.4,0,0.3,0.4,0.2,0.2,0,38948.8,1
136,43,3,0,0.1,0.3,0.5,0.5,0.1,0.7,0.8,0,0,0,73638.3,1
136,49,2,0,0.1,0.2,0.4,0.3,0,0.4,0.3,0.2,0.1,0,43964,1
136,57,4,0.2,0.5,0.4,0.2,1.1,0,0.5,0.6,0.3,0.2,0,88096.4,1
136,62,3,0.2,0.2,0.2,0.2,0.6,0,0.5,0.7,0.2,0.2,0,54181.2,1
136,67,2,0.1,0.1,0.1,0.1,0.5,0.1,0.3,0.5,0.1,0.1,0,36120.8,1
136,71,2,0.1,0.1,0.1,0.1,0.5,0.1,0.3,0.5,0.1,0.1,0,36120.8,1
136,76,3,0.1,0.4,0.1,0.6,0.6,0.1,0.4,0.5,0.2,0,0,64409.8,1
136,79,2,0.1,0.2,0.1,0.4,0.4,0,0.3,0.3,0.2,0,0,42939.9,1
136,80,34,3,2,0,6,4,1,7,6,1,4,0,720938.4,0
136,81,27,1.2,3.2,1.2,5.5,4.9,0.4,3.5,4.6,2.2,0.3,0,579688.5,1
136,82,16.5,0,0.4,0.4,2.7,2.3,0.7,4.1,2.3,1.3,1.4,0.9,400500.8,1
136,84,3,0,0.1,0.1,0.5,0.4,0.1,0.7,0.4,0.2,0.3,0.2,72818.3,1
136,91,5,0,0.3,0.3,0.7,0.7,0,1.6,0.9,0.2,0.3,0,116300.2,1
136,98,2,0.1,0.1,0.1,0.4,0.2,0,0.6,0.4,0,0.1,0,44846.3,1
136,111,16,0.6,2.8,0.4,2.4,3.2,0,2.2,2.2,1.5,0.7,0,365109.3,1
136,143,2,0.1,0.2,0.1,0.4,0.2,0.1,0.3,0.4,0.1,0.1,0,38508.2,1
136,144,4,0.2,0.4,0.2,0.7,0.5,0.2,0.6,0.7,0.2,0.3,0,77016.4,1
136,157,1,0,0.1,0,0.2,0.2,0.1,0.1,0.1,0.1,0.1,0,18549,1
136,165,5,0.2,0.3,0.5,0.3,1.1,0,1.6,0.3,0.2,0.5,0,124605.9,1
136,168,3,0.1,0.5,0.2,0.3,0.5,0,0.3,0.6,0,0.5,0,64395,1
136,169,1,0,0.2,0,0.1,0.2,0,0.1,0.2,0,0.2,0,21465,1
136,173,2,0.1,0.2,0.2,0.1,0.4,0,0.2,0.6,0.1,0.1,0,32673.5,1
136,176,2,0.1,0.2,0.2,0.1,0.4,0,0.2,0.6,0.1,0.1,0,32673.5,1
136,177,4,0.2,0.3,0.1,0.7,0.6,0.1,0.9,0.4,0.5,0.1,0.1,75720.4,1
136,190,7,0,0.2,0.2,0.5,1.1,0,2.7,1.6,0.3,0.4,0,164579.1,1
136,192,1,0.1,0.1,0,0.2,0.2,0,0.1,0.1,0.1,0.1,0,21416,1
136,193,6,0.4,0.8,0.2,1.4,1.1,0.2,0.7,0.5,0.3,0.3,0.1,128496.2,1
136,195,9,0.5,1.3,0.4,2.2,1.6,0.3,1,0.7,0.5,0.4,0.1,192744.3,1
136,196,11,0.6,1.5,0.4,2.6,2,0.4,1.3,0.9,0.6,0.5,0.2,235576.4,1
136,198,1,0,0.1,0,0.2,0.2,0,0.2,0.2,0,0.1,0,22833.9,1
136,199,2,0.1,0.2,0,0.4,0.4,0,0.3,0.3,0.1,0.2,0,45667.8,1
136,206,3,0.1,0,0.1,0.6,0.7,0.1,0.4,0.7,0.2,0.1,0,72654.9,1
136,216,5,0.1,0.4,0.4,0.5,1.4,0.3,0.7,0.4,0.3,0.5,0,111887.8,1
136,217,2,0,0.2,0,0.2,0.5,0,0.5,0.4,0,0.1,0.1,47857.9,1
136,221,4,0.1,0.3,0,0.4,1.1,0,1,0.7,0.1,0.2,0.1,95715.7,1
136,222,3,0.2,0.2,0.2,0.7,0.5,0.1,0.4,0.2,0.2,0.2,0.1,59102.1,1
136,224,5,0.3,0.3,0.4,1.2,0.7,0.2,0.7,0.4,0.4,0.3,0.1,98503.4,1
136,225,3,0.2,0.2,0.2,0.7,0.5,0.1,0.4,0.2,0.2,0.2,0.1,59102.1,1
136,226,12,0.8,0.7,0.9,2.9,1.8,0.4,1.7,1,0.9,0.7,0.2,236408.2,1
136,227,8,0,0.8,1.1,0.6,2.8,0.3,0.3,0.9,0.6,0.6,0,166543.3,1
136,229,1,0,0.1,0.1,0.1,0.4,0,0,0.1,0.1,0.1,0,20817.9,1
136,232,3,0.3,0.2,0.4,1,0.2,0,0.6,0.2,0.1,0,0,65846.6,1
136,244,8,0,1.3,0.2,0.5,2.8,0,0.9,0.9,0.8,0.5,0.1,166507.6,1
136,245,2,0,0.3,0.1,0.1,0.7,0,0.2,0.2,0.2,0.1,0.1,41626.9,1
136,250,4,0,0.6,0.1,0.2,1.4,0,0.5,0.5,0.4,0.2,0.1,83253.8,1
137,17,3,0.4,0,0,0.8,0.4,0.1,0.8,0,0.4,0.1,0,70479.3,1
137,22,1,0,0.1,0,0.2,0.3,0,0.1,0.1,0.1,0,0.1,19549.6,1
137,45,4,0,0.1,0.4,0.7,0.7,0.1,0.9,1.1,0,0,0,98184.4,1
137,80,50,5,3,2,6,7,2,12,11,1,1,0,1026820.7,0
137,81,107.5,9,15,5,28,25,3,9,0,11.5,0,2,2176570.2,0
137,82,46,6,0,0,13,6,3,6,5,6,0,1,1131418.4,0
137,83,2,0.1,0.2,0.2,0.5,0.4,0,0.1,0,0.3,0.1,0.1,39045.9,1
137,84,3,0.2,0.3,0.3,0.7,0.6,0,0.2,0,0.4,0.2,0.1,58568.9,1
137,91,2,0,0.1,0.1,0.3,0.3,0,0.6,0.4,0.1,0.1,0,46520.1,1
137,98,2,0.1,0.3,0.1,0.3,0.4,0.1,0.2,0.3,0.1,0.1,0,39526.4,1
137,107,8,0.3,1.4,0.2,1.2,1.6,0,1.1,1.1,0.8,0.3,0,182554.6,1
137,112,3,0.1,0.5,0.2,0.3,0.9,0,0.1,0.3,0.3,0.3,0,65398.6,1
137,116,5,0.2,0.8,0.2,0.6,1.5,0.1,0.2,0.4,0.5,0.5,0,108997.6,1
137,121,7,0,1.1,0.6,0,1.7,0,1.3,1,0.5,0.3,0.5,122254.6,1
137,128,6,0.4,0.2,0.6,1.3,0.9,0.2,1.1,0.8,0.3,0.1,0.1,119957.4,1
137,137,3,0,0.3,0.5,0.7,0.6,0,0.2,0.4,0.2,0,0.1,55068.4,1
137,139,5,0,0.4,0.9,1.2,1,0,0.3,0.7,0.3,0,0.2,91780.7,1
137,140,4,0,0.4,0.7,1,0.8,0,0.2,0.6,0.2,0,0.1,73424.5,1
137,143,3,0.1,0.3,0.2,0.6,0.4,0.1,0.5,0.5,0.1,0.2,0,57762.3,1
137,144,6,0.3,0.6,0.3,1.1,0.7,0.3,1,1,0.3,0.4,0,115524.6,1
137,150,2,0.1,0.2,0.1,0.4,0.2,0.1,0.3,0.4,0.1,0.1,0,38508.2,1
137,151,11,0.5,1.1,0.5,2.1,1.3,0.5,1.8,1.9,0.5,0.8,0,211795.1,1
137,156,7,0.4,0.4,0.2,1.3,1.3,0.7,0.5,0.7,1,0.5,0,129843.1,1
137,166,5,0.2,0.3,0.5,0.3,1.1,0,1.6,0.3,0.2,0.5,0,124605.9,1
137,180,30,1.7,4.9,0.9,4.7,7.2,1.6,2.6,1.6,3.3,1.2,0.3,689883.9,1
137,181,16,0.9,2.6,0.5,2.5,3.8,0.8,1.4,0.8,1.8,0.7,0.2,367938.1,1
137,188,13.5,1.3,1,1,1.6,2.8,0.9,0.8,2.6,1,0.5,0,273442.1,1
137,189,40,3,9,0,14,4,1,2,1,4,1,1,862025.8,0
137,191,2,0.2,0.2,0.2,0.2,0.4,0.1,0.1,0.4,0.1,0.1,0,40509.9,1
137,192,7,0.2,0.4,0.1,1.1,1,0.3,1.5,1.4,0.5,0.4,0.1,165494,1
137,195,1,0,0.1,0,0.2,0.1,0,0.2,0.2,0.1,0.1,0,23642,1
137,196,18,0.6,1,0.3,3,2.5,0.7,3.8,3.6,1.2,1.1,0.2,425555.9,1
137,198,2,0.1,0.2,0,0.4,0.4,0,0.3,0.3,0.1,0.2,0,45667.8,1
137,199,4,0.1,0.3,0.1,0.7,0.8,0.1,0.7,0.6,0.2,0.4,0,91335.7,1
137,206,13,0,1.1,0,3.9,2.3,0.3,2.3,1.6,0.8,0,0.7,282098,1
137,215,6,0.4,0.5,0.3,1.1,1.2,0.2,0.9,0.5,0.5,0.2,0.2,127591.3,1
137,218,2,0,0.2,0,0.2,0.5,0,0.5,0.4,0,0.1,0.1,47857.9,1
137,219,2,0,0.2,0,0.2,0.5,0,0.5,0.4,0,0.1,0.1,47857.9,1
137,225,1,0.1,0.1,0.1,0.2,0.2,0.1,0.1,0.1,0,0,0,22239.8,1
137,226,16,1.2,1.5,1.6,3.1,3.1,0.8,2.3,1.6,0.4,0.4,0,355836.3,1
137,228,3,0.3,0,0,0.5,0.1,0.1,0.4,1.6,0,0,0,78087.6,1
137,231,2,0.2,0,0,0.3,0.1,0.1,0.3,1,0,0,0,52058.4,1
137,244,1,0,0.2,0,0.1,0.3,0,0.1,0.1,0.1,0.1,0,20813.4,1
137,247,13,1.4,1.4,0.8,2.3,3.5,0.6,1.2,0.8,0.2,0.2,0.6,282819.8,1
137,250,2,0.2,0.2,0.1,0.4,0.6,0.1,0.2,0.1,0,0,0.1,43510.7,1
137,251,4,0.4,0.4,0.2,0.7,1.1,0.2,0.4,0.2,0.1,0.1,0.2,87021.5,1
137,252,4,0.3,0.4,0,1,0.5,0.2,0.6,0.8,0.2,0,0,83268.2,1
138,6,15,0.4,0.9,0.4,2.1,1.3,0,3.4,5.6,0,0.9,0,339443.1,1
138,11,2,0.2,0.1,0,0.4,0.2,0,0.2,0.6,0.1,0.2,0,42396.9,1
138,12,2,0.1,0.2,0.1,0.2,0.5,0,0.6,0.1,0.1,0.1,0,54673.7,1
138,17,8,1,0,0,2.2,1,0.3,2.2,0,1,0.3,0,187944.9,1
138,44,2,0,0,0.2,0.4,0.4,0,0.5,0.5,0,0,0,49092.2,1
138,46,2,0,0,0.2,0.4,0.4,0,0.5,0.5,0,0,0,49092.2,1
138,47,4,0,0.1,0.4,0.7,0.7,0.1,0.9,1.1,0,0,0,98184.4,1
138,54,2,0.1,0.2,0.2,0.1,0.6,0,0.2,0.3,0.2,0.1,0,44048.2,1
138,55,1,0,0.1,0.1,0.1,0.3,0,0.1,0.1,0.1,0.1,0,22024.1,1
138,63,2,0.1,0.1,0.1,0.1,0.5,0.1,0.3,0.5,0.1,0.1,0,36120.8,1
138,64,1,0,0.1,0.1,0.1,0.2,0,0.2,0.2,0,0.1,0,18060.4,1
138,72,7,0.3,0.8,0.3,1.4,1.3,0.1,0.9,1.2,0.6,0.1,0,150289.6,1
138,76,1,0,0.1,0.1,0.2,0.2,0,0.1,0.2,0.1,0,0,21469.9,1
138,79,3,0.1,0.1,0.5,0.7,0.5,0,0.4,0.2,0.2,0.2,0.1,69176.4,1
138,80,33,1,4,3,4,5,0,11,4,0,1,0,673786.7,0
138,81,82,7,5,7,12,14,3,11,8,10,5,0,1604526.8,0
138,82,27,1.8,3.1,2.5,6.1,5.5,0,1.8,0,3.7,1.9,0.6,527120,1
138,94,2,0.1,0.3,0.1,0.3,0.4,0.1,0.2,0.3,0.1,0.1,0,39526.4,1
138,98,6,0.4,0.9,0.4,0.9,1.1,0.4,0.6,0.9,0.2,0.2,0,118579.2,1
138,100,2,0.1,0.3,0.1,0.3,0.4,0.1,0.2,0.3,0.1,0.1,0,39526.4,1
138,108,3,0.1,0.5,0.1,0.5,0.6,0,0.4,0.4,0.3,0.1,0,68458,1
138,118,5,0,0.8,0.5,0,1.3,0,0.9,0.7,0.3,0.2,0.3,87324.7,1
138,120,2,0,0.3,0.2,0,0.5,0,0.4,0.3,0.1,0.1,0.1,34929.9,1
138,123,2,0.1,0.1,0.2,0.4,0.3,0.1,0.4,0.3,0.1,0,0,39985.8,1
138,133,3,0,0.3,0.5,0.7,0.6,0,0.2,0.4,0.2,0,0.1,55068.4,1
138,138,7,0,0.6,1.2,1.7,1.5,0,0.4,1,0.4,0,0.2,128493,1
138,143,6,0.3,0.6,0.3,1.1,0.7,0.3,1,1,0.3,0.4,0,115524.6,1
138,144,5,0.2,0.5,0.2,1,0.6,0.2,0.8,0.9,0.2,0.4,0,96270.5,1
138,172,7,0.4,0.2,0.6,1,1.7,0.2,0.6,1.5,0.6,0.2,0,187299,1
138,173,4,0.2,0.1,0.4,0.6,0.9,0.1,0.4,0.8,0.4,0.1,0,107028,1
138,175,2,0.1,0,0.2,0.3,0.5,0,0.2,0.4,0.2,0.1,0,53514,1
138,178,25,1.4,4.1,0.7,3.9,6,1.3,2.2,1.3,2.8,1,0.3,574903.3,1
138,179,26,1.5,4.2,0.7,4.1,6.2,1.4,2.3,1.4,2.9,1,0.3,597899.4,1
138,180,103,5,14,4,23,19,5,6,2,22,1,2,2431621.3,0
138,181,68.5,2,10,5,7,20,1,4,9,7.5,1,2,1503830.7,0
138,182,21,0.9,2.8,1.5,4.6,4.3,0.6,1.8,1.5,2.7,0.3,0,497494.8,1
138,189,104,4,19,2,21,22,7,6,7,15,0,1,2148288.4,0
138,190,36,0,7,2,2,11,1,2,7,2,0,2,951472.8,0
138,191,20,1.9,1.5,1.5,2.3,4.2,1.3,1.2,3.8,1.5,0.8,0,405099.3,1
138,192,7,0.2,0.4,0.1,1.1,1,0.3,1.5,1.4,0.5,0.4,0.1,165494,1
138,196,1,0,0.1,0,0.2,0.1,0,0.2,0.2,0.1,0.1,0,23642,1
138,198,6,0.1,0.5,0.1,1.1,1.3,0.1,1,1,0.3,0.5,0,137003.5,1
138,206,9,0,0.8,0,2.7,1.6,0.2,1.6,1.1,0.6,0,0.4,195298.6,1
138,212,31,2.1,2.5,1.8,6,6,1,4.6,2.5,2.5,1,1,659221.8,1
138,213,8,0.6,0.6,0.5,1.5,1.5,0.3,1.2,0.6,0.6,0.3,0.3,170121.8,1
138,214,9,0.6,0.7,0.5,1.8,1.8,0.3,1.3,0.7,0.7,0.3,0.3,191387,1
138,217,4,0.1,0.3,0,0.4,1.1,0,1,0.7,0.1,0.2,0.1,95715.7,1
138,220,3,0.1,0.2,0,0.3,0.8,0,0.7,0.5,0.1,0.2,0.1,71786.8,1
138,227,3,0.3,0,0,0.5,0.1,0.1,0.4,1.6,0,0,0,78087.6,1
138,234,2,0.2,0.1,0.3,0.7,0.1,0,0.4,0.1,0.1,0,0,43897.7,1
138,241,5,0.4,0.3,0.6,1.7,0.4,0,1,0.3,0.3,0,0,109744.3,1
138,243,1,0,0.2,0,0.1,0.3,0,0.1,0.1,0.1,0.1,0,20813.4,1
138,244,9,0,1.5,0.3,0.5,3.1,0,1,1,0.9,0.5,0.2,187321,1
138,245,6,0,1,0.2,0.3,2.1,0,0.7,0.7,0.6,0.3,0.1,124880.7,1
138,251,8,0.8,0.8,0.5,1.5,2.2,0.4,0.7,0.5,0.1,0.1,0.4,174043,1
138,252,39,4,5,0,17,5,1,0,0,7,0,0,687139.5,0
138,253,48,9,1,1,18,5,5,0,0,9,0,0,851717.8,0
139,6,17,0.5,1,0.5,2.4,1.4,0,3.9,6.3,0,1,0,384702.1,1
139,7,18,2,0.6,0.3,3.7,2,0.3,1.7,4.8,0.9,1.7,0,381572.1,1
139,8,8,0.9,0.2,0.1,1.6,0.9,0.1,0.8,2.2,0.4,0.8,0,169587.6,1
139,10,5,0.5,0.2,0.1,1,0.6,0.1,0.5,1.3,0.2,0.5,0,105992.2,1
139,21,1,0.1,0,0,0.3,0.1,0,0.3,0,0.1,0.1,0,23493.1,1
139,28,1,0,0.1,0,0.2,0.3,0,0.1,0.1,0.1,0,0.1,19549.6,1
139,29,3,0.1,0.2,0.1,0.5,0.8,0.1,0.3,0.4,0.3,0.1,0.1,58648.7,1
139,30,4,0.1,0.3,0.1,0.7,1,0.1,0.4,0.5,0.4,0.2,0.2,78198.2,1
139,44,5,0,0.1,0.5,0.9,0.9,0.1,1.1,1.4,0,0,0,122730.4,1
139,46,4,0,0.1,0.4,0.7,0.7,0.1,0.9,1.1,0,0,0,98184.4,1
139,68,2,0.1,0.1,0.1,0.1,0.5,0.1,0.3,0.5,0.1,0.1,0,36120.8,1
139,79,3,0.1,0.1,0.5,0.7,0.5,0,0.4,0.2,0.2,0.2,0.1,69176.4,1
139,80,6,0.2,0.2,0.9,1.4,0.9,0,0.7,0.5,0.5,0.5,0.2,138352.7,1
139,81,6,0.2,0.2,0.9,1.4,0.9,0,0.7,0.5,0.5,0.5,0.2,138352.7,1
139,101,2,0.1,0.3,0.1,0.3,0.4,0.1,0.2,0.3,0.1,0.1,0,39526.4,1
139,108,3,0.1,0.5,0.1,0.5,0.6,0,0.4,0.4,0.3,0.1,0,68458,1
139,110,2,0.1,0.3,0,0.3,0.4,0,0.3,0.3,0.2,0.1,0,45638.7,1
139,114,2,0.1,0.3,0.1,0.2,0.6,0,0.1,0.2,0.2,0.2,0,43599.1,1
139,130,1,0.1,0,0.1,0.2,0.2,0,0.2,0.1,0.1,0,0,19992.9,1
139,136,4,0,0.4,0.7,1,0.8,0,0.2,0.6,0.2,0,0.1,73424.5,1
139,146,2,0.1,0.2,0.1,0.4,0.2,0.1,0.3,0.4,0.1,0.1,0,38508.2,1
139,153,3,0.2,0.2,0.1,0.5,0.6,0.3,0.2,0.3,0.4,0.2,0,55647.1,1
139,159,5,0.3,0.3,0.2,0.9,0.9,0.5,0.3,0.5,0.7,0.4,0,92745.1,1
139,160,4,0.2,0.3,0.1,0.7,0.7,0.4,0.3,0.4,0.6,0.3,0,74196.1,1
139,161,4,0.2,0.3,0.1,0.7,0.7,0.4,0.3,0.4,0.6,0.3,0,74196.1,1
139,163,9,0.3,0.6,0.8,0.6,2,0,2.9,0.6,0.3,0.9,0,224290.7,1
139,173,4,0.2,0.1,0.4,0.6,0.9,0.1,0.4,0.8,0.4,0.1,0,107028,1
139,175,2,0.1,0,0.2,0.3,0.5,0,0.2,0.4,0.2,0.1,0,53514,1
139,176,2,0.1,0,0.2,0.3,0.5,0,0.2,0.4,0.2,0.1,0,53514,1
139,177,2,0.1,0.3,0.1,0.3,0.5,0.1,0.2,0.1,0.2,0.1,0,45992.3,1
139,178,39,0,7,1,4,15,0,6,1,2,0,3,853866.7,0
139,179,73,4,9,3,14,26,3,0,0,7,2,5,1746527.7,0
139,180,71,1,5,4,10,13,2,17,11,3,0,5,1569229.2,0
139,181,57,1,3,7,7,14,1,9,3,7,4,1,1361048.7,0
139,182,14,0.6,1.8,1,3.1,2.9,0.4,1.2,1,1.8,0.2,0,331663.2,1
139,185,2,0.1,0.3,0.1,0.4,0.4,0.1,0.2,0.1,0.3,0,0,47380.5,1
139,187,1,0.1,0.1,0.1,0.1,0.2,0.1,0,0.2,0.1,0,0,20255,1
139,189,131,9,22.5,3.5,37,28,3,5,8,13,2,0,2971139.7,0
139,190,47,3,6,0,11,10,2,2,4,8,0,1,1003571.5,0
139,191,53,2,5,0,6,7,3,6,18,3,3,0,1233064,0
139,192,12,0.4,0.7,0.2,2,1.7,0.4,2.5,2.4,0.8,0.8,0.1,283704,1
139,193,4,0.1,0.2,0.1,0.7,0.6,0.1,0.8,0.8,0.3,0.3,0,94568,1
139,194,24,0.9,1.3,0.4,4,3.3,0.9,5,4.8,1.7,1.5,0.2,567407.9,1
139,195,3,0.1,0.2,0.1,0.5,0.4,0.1,0.6,0.6,0.2,0.2,0,70926,1
139,196,3.5,0.1,0.2,0.1,0.6,0.5,0.1,0.7,0.7,0.3,0.2,0,82747,1
139,197,2,0.1,0.2,0,0.4,0.4,0,0.3,0.3,0.1,0.2,0,45667.8,1
139,199,6,0.1,0.5,0.1,1.1,1.3,0.1,1,1,0.3,0.5,0,137003.5,1
139,212,2,0.1,0.1,0.1,0.4,0.4,0.1,0.3,0.2,0.1,0.1,0.1,42530.4,1
139,213,13,0.9,1,0.7,2.5,2.5,0.5,1.9,1,1,0.5,0.5,276447.9,1
139,216,5,0.3,0.4,0.3,0.9,1,0.2,0.7,0.4,0.4,0.2,0.2,106326.1,1
139,217,2,0,0.2,0,0.2,0.5,0,0.5,0.4,0,0.1,0.1,47857.9,1
139,221,2,0,0.2,0,0.2,0.5,0,0.5,0.4,0,0.1,0.1,47857.9,1
139,224,7,0.5,0.7,0.7,1.3,1.4,0.3,1,0.7,0.2,0.2,0,155678.4,1
139,225,3,0.2,0.3,0.3,0.6,0.6,0.1,0.4,0.3,0.1,0.1,0,66719.3,1
139,228,2,0.2,0,0,0.3,0.1,0.1,0.3,1,0,0,0,52058.4,1
139,229,9,0.8,0,0,1.5,0.4,0.4,1.2,4.7,0,0,0,234262.7,1
139,249,12,1.3,1.3,0.7,2.2,3.3,0.5,1.1,0.7,0.2,0.2,0.5,261064.4,1
139,250,2,0.2,0.2,0.1,0.4,0.6,0.1,0.2,0.1,0,0,0.1,43510.7,1
139,251,17,1.8,1.8,1,3.1,4.6,0.8,1.5,1,0.3,0.3,0.8,369841.3,1
139,252,86.5,8,6,4,30,14,5,1,9,8.5,1,0,1732407.6,0
139,253,164.5,22,14.5,7,48,30,10,4,4,22,0,3,3142272.6,0
139,254,7,0.6,0.6,0,1.7,0.9,0.4,1.1,1.3,0.4,0,0,145719.3,1
140,0,5,0,0.7,0.3,0.3,1.6,0.1,0.6,0.8,0.4,0.1,0.1,104046.1,1
140,2,3,0.1,0.2,0.1,0.4,0.2,0,0.7,1.1,0,0.2,0,67888.6,1
140,4,52,9,3,2,20,7,3,2,1,5,0,0,1117507.7,0
140,5,46,1,7,1,6,11,1,6,2,11,0,0,1124793,0
140,6,67,1,8,3,8,17,0,10,6,6,7,1,1341004.7,0
140,7,65,2,8,2,8,15,0,8,10,3,7,2,1152478.7,0
140,8,91,3,3,6,26,8,1,14,13,7,10,0,1752285.5,0
140,9,12,1.3,0.4,0.2,2.5,1.3,0.2,1.1,3.2,0.6,1.2,0,254381.4,1
140,10,4,0.4,0.1,0.1,0.8,0.4,0.1,0.4,1.1,0.2,0.4,0,84793.8,1
140,13,3,0.1,0.3,0.1,0.3,0.9,0,0.9,0.2,0.1,0.1,0,82010.6,1
140,19,2,0.2,0,0,0.6,0.2,0.1,0.6,0,0.2,0.1,0,46986.2,1
140,22,2,0,0.2,0,0.3,0.5,0.1,0.2,0.3,0.2,0.1,0.1,39099.1,1
140,29,5,0.1,0.4,0.1,0.9,1.3,0.2,0.5,0.6,0.5,0.2,0.2,97747.8,1
140,30,3,0.1,0.2,0.1,0.5,0.8,0.1,0.3,0.4,0.3,0.1,0.1,58648.7,1
140,44,2,0,0,0.2,0.4,0.4,0,0.5,0.5,0,0,0,49092.2,1
140,46,10,0,0.3,0.9,1.8,1.8,0.2,2.3,2.7,0,0,0,245460.9,1
140,47,2,0,0,0.2,0.4,0.4,0,0.5,0.5,0,0,0,49092.2,1
140,53,1,0,0.1,0.1,0.1,0.3,0,0.1,0.1,0.1,0.1,0,22024.1,1
140,62,4,0.2,0.2,0.2,0.3,0.9,0.1,0.7,0.9,0.2,0.3,0,72241.5,1
140,71,1,0,0.1,0.1,0.1,0.2,0,0.2,0.2,0,0.1,0,18060.4,1
140,72,5,0.2,0.6,0.2,1,0.9,0.1,0.6,0.9,0.4,0.1,0,107349.7,1
140,73,8,0.3,1,0.3,1.6,1.5,0.1,1,1.4,0.7,0.1,0,171759.5,1
140,79,8,0.3,0.3,1.2,1.9,1.3,0,0.9,0.6,0.6,0.6,0.3,184470.3,1
140,84,12,0.8,1.4,1.1,2.7,2.5,0,0.8,0,1.6,0.8,0.3,234275.5,1
140,88,3,0,0.2,0.2,0.4,0.4,0,1,0.5,0.1,0.2,0,69780.1,1
140,94,7,0.4,1.1,0.5,1.1,1.3,0.4,0.7,1.1,0.2,0.2,0,138342.5,1
140,102,2,0.1,0.3,0,0.3,0.4,0,0.3,0.3,0.2,0.1,0,45638.7,1
140,106,8,0.3,1.4,0.2,1.2,1.6,0,1.1,1.1,0.8,0.3,0,182554.6,1
140,109,3,0.1,0.5,0.1,0.5,0.6,0,0.4,0.4,0.3,0.1,0,68458,1
140,114,20,0.8,3.3,1,2.2,5.9,0.3,0.8,1.7,2,2,0,435990.6,1
140,117,7,0,1.1,0.6,0,1.7,0,1.3,1,0.5,0.3,0.5,122254.6,1
140,123,2,0.1,0.1,0.2,0.4,0.3,0.1,0.4,0.3,0.1,0,0,39985.8,1
140,128,5,0.3,0.2,0.5,1,0.8,0.2,0.9,0.7,0.2,0.1,0.1,99964.5,1
140,131,3,0.2,0.1,0.3,0.6,0.5,0.1,0.5,0.4,0.2,0,0.1,59978.7,1
140,154,10,0.5,0.7,0.3,1.8,1.8,1,0.7,1,1.4,0.8,0,185490.2,1
140,159,11,0.6,0.7,0.3,2,2,1.1,0.7,1.1,1.6,0.9,0,204039.2,1
140,166,2,0.1,0.1,0.2,0.1,0.5,0,0.6,0.1,0.1,0.2,0,49842.4,1
140,168,2,0.1,0.1,0.2,0.1,0.5,0,0.6,0.1,0.1,0.2,0,49842.4,1
140,174,6,0.4,0.2,0.5,0.9,1.4,0.2,0.5,1.2,0.5,0.2,0,160542,1
140,175,4,0.2,0.1,0.4,0.6,0.9,0.1,0.4,0.8,0.4,0.1,0,107028,1
140,178,9,0.5,1.5,0.2,1.4,2.1,0.5,0.8,0.5,1,0.4,0.1,206965.2,1
140,179,92,7,14,8,19,19,5,2,2,11,0,5,2062647.9,0
140,180,61.5,1,11,8,8,17,1,6,3,4.5,0,2,1277546.3,0
140,181,42,3,3,5,9,14,2,2,0,2,0,2,956508.2,0
140,183,6,0.3,0.8,0.4,1.3,1.2,0.2,0.5,0.4,0.8,0.1,0,142141.4,1
140,186,4,0.2,0.5,0.3,0.9,0.8,0.1,0.3,0.3,0.5,0.1,0,94760.9,1
140,188,16,1.5,1.2,1.2,1.8,3.4,1.1,0.9,3.1,1.2,0.6,0,324079.5,1
140,189,130.5,5,26.5,8,22,38,4,3,6,15,1,2,2714672.1,0
140,190,79,2,3,15,10,13,1,20,8,4,0,3,1683179.2,0
140,191,72.5,1,2,1,6,7,1,14,33,0.5,5,2,1566082.8,0
140,192,37,0,1,1,8,2,3,5,12,3,2,0,892356.8,0
140,193,17,0.6,0.9,0.3,2.8,2.3,0.6,3.6,3.4,1.2,1.1,0.2,401913.9,1
140,194,83,6,3.5,1.5,12,13,3,9,22,10,3,0,2156909.6,0
140,195,178.5,6,24,11,30,43,6.5,21,17,15,5,0,3061298.6,0
140,196,12,0.4,0.7,0.2,2,1.7,0.4,2.5,2.4,0.8,0.8,0.1,283704,1
140,198,1,0,0.1,0,0.2,0.2,0,0.2,0.2,0,0.1,0,22833.9,1
140,199,9,0.2,0.8,0.1,1.7,1.9,0.1,1.6,1.4,0.4,0.8,0,205505.2,1
140,200,5,0.1,0.4,0.1,0.9,1.1,0.1,0.9,0.8,0.2,0.4,0,114169.6,1
140,201,2,0.1,0.2,0,0.4,0.4,0,0.3,0.3,0.1,0.2,0,45667.8,1
140,204,10,0,0.9,0,3,1.7,0.2,1.8,1.3,0.6,0,0.5,216998.5,1
140,212,5,0.3,0.4,0.3,0.9,1,0.2,0.7,0.4,0.4,0.2,0.2,106326.1,1
140,213,4,0.3,0.3,0.2,0.8,0.8,0.1,0.6,0.3,0.3,0.1,0.2,85060.9,1
140,215,3,0.2,0.2,0.2,0.6,0.6,0.1,0.5,0.2,0.2,0.1,0.1,63795.7,1
140,222,4,0.3,0.4,0.4,0.7,0.8,0.2,0.6,0.4,0.1,0.1,0,88959.1,1
140,229,2,0.2,0,0,0.3,0.1,0.1,0.3,1,0,0,0,52058.4,1
140,231,2,0.2,0,0,0.3,0.1,0.1,0.3,1,0,0,0,52058.4,1
140,232,10,0.9,0.5,1.3,3.4,0.8,0,2.1,0.5,0.5,0,0,219488.7,1
140,252,54,2,4,1,11,8,0,20,4,4,0,0,1284560.6,0
140,253,87,5,5,4,14,17,2,8,19,7,4,2,1785192.4,0
140,254,93.5,3.5,8,11,12,24,0,9,8,9,8,1,2143374.1,0
141,4,59,8,5,1,16,11,1,3,2,11,0,1,1253472.4,0
141,5,130.5,3,30,6,17,43,4,3,0,21.5,0,3,2877571.1,0
141,6,109,3,11,21,13,34,0.5,12,6,4.5,0,4,2292810.8,0
141,7,81,4,3,5,16,10,2,7,16,6,11,1,1504179.5,0
141,8,67.5,0,3,2,7,10,0.5,6,21,4,14,0,1229019.9,0
141,9,12,1.3,0.4,0.2,2.5,1.3,0.2,1.1,3.2,0.6,1.2,0,254381.4,1
141,10,1,0.1,0,0,0.2,0.1,0,0.1,0.3,0.1,0.1,0,21198.4,1
141,11,1,0.1,0,0,0.2,0.1,0,0.1,0.3,0.1,0.1,0,21198.4,1
141,20,7,0.8,0,0,2,0.8,0.3,2,0,0.8,0.3,0,164451.8,1
141,21,4,0.5,0,0,1.1,0.5,0.1,1.1,0,0.5,0.2,0,93972.4,1
141,31,6,0.1,0.5,0.1,1,1.5,0.2,0.7,0.7,0.6,0.3,0.3,117297.4,1
141,32,5,0.1,0.6,0,0.6,1.1,0,0.6,1.1,0.4,0.5,0,97372,1
141,50,4,0,0.1,0.4,0.7,0.7,0.1,0.9,1.1,0,0,0,98184.4,1
141,53,8,0.4,0.9,0.8,0.5,2.2,0,1,1.1,0.6,0.5,0,176192.8,1
141,57,9,0.4,1,0.8,0.6,2.5,0,1.1,1.3,0.7,0.6,0,198216.9,1
141,61,3,0.1,0.4,0.3,0.2,0.8,0,0.4,0.4,0.2,0.2,0,66072.3,1
141,65,3,0.2,0.2,0.2,0.2,0.6,0,0.5,0.7,0.2,0.2,0,54181.2,1
141,87,4,0,0.3,0.3,0.5,0.6,0,1.2,0.7,0.1,0.3,0,93040.2,1
141,88,1,0,0.1,0.1,0.1,0.1,0,0.3,0.2,0,0.1,0,23260,1
141,100,5,0.3,0.8,0.3,0.8,0.9,0.3,0.5,0.8,0.1,0.2,0,98816,1
141,104,5,0.2,0.9,0.1,0.7,1,0,0.7,0.7,0.5,0.2,0,114096.6,1
141,105,5,0.2,0.9,0.1,0.7,1,0,0.7,0.7,0.5,0.2,0,114096.6,1
141,112,12,0.5,2,0.6,1.3,3.5,0.2,0.5,1,1.2,1.2,0,261594.3,1
141,113,29.5,1.2,5,1.4,3.3,8.7,0.4,1.2,2.5,2.9,2.9,0,643086.1,1
141,114,120,11,12.5,6,39,21,7,8,2,13.5,0,0,2634947.3,0
141,115,104,9,12,3,30,21,5,0,2,22,0,0,2070048,0
141,116,53.5,8,3,1,24,7,5,1,0,4.5,0,0,1145554.9,0
141,118,2,0,0.3,0.2,0,0.5,0,0.4,0.3,0.1,0.1,0.1,34929.9,1
141,122,1,0.1,0,0.1,0.2,0.2,0,0.2,0.1,0.1,0,0,19992.9,1
141,123,5,0.3,0.2,0.5,1,0.8,0.2,0.9,0.7,0.2,0.1,0.1,99964.5,1
141,126,4,0.3,0.1,0.4,0.8,0.6,0.1,0.7,0.6,0.2,0.1,0.1,79971.6,1
141,138,4,0,0.4,0.7,1,0.8,0,0.2,0.6,0.2,0,0.1,73424.5,1
141,139,4,0,0.4,0.7,1,0.8,0,0.2,0.6,0.2,0,0.1,73424.5,1
141,149,4,0.2,0.4,0.2,0.7,0.5,0.2,0.6,0.7,0.2,0.3,0,77016.4,1
141,155,3,0.2,0.2,0.1,0.5,0.6,0.3,0.2,0.3,0.4,0.2,0,55647.1,1
141,171,4,0.1,0.2,0.4,0.3,0.9,0,1.3,0.3,0.1,0.4,0,99684.8,1
141,173,3,0.2,0.1,0.3,0.4,0.7,0.1,0.3,0.6,0.2,0.1,0,80271,1
141,178,6,0.4,1,0.2,0.9,1.4,0.3,0.5,0.3,0.7,0.2,0.1,137976.8,1
141,179,13,0.8,2.1,0.4,2,3.1,0.7,1.1,0.7,1.4,0.5,0.2,298949.7,1
141,180,33,1.9,5.4,1,5.2,7.9,1.7,2.9,1.7,3.6,1.3,0.4,758872.3,1
141,181,12,0.7,2,0.4,1.9,2.9,0.6,1,0.6,1.3,0.5,0.1,275953.6,1
141,183,17,0.7,2.2,1.2,3.7,3.5,0.5,1.5,1.2,2.2,0.3,0,402733.9,1
141,184,5,0.2,0.7,0.4,1.1,1,0.1,0.4,0.4,0.6,0.1,0,118451.1,1
141,189,40,6,4,5,9,8,1,2,1,2,1,1,700721.3,0
141,190,138,5,30,13,11,47,3,4,10,5,1,9,2913621.1,0
141,191,50.5,2,4.5,6,4,5,0,12,12,0,5,0,954162.5,0
141,192,59,0,0,3,4,6,0,14,28,0,3,1,1235201.4,0
141,193,36,2,0,8,10,4,0,2,8,0,2,0,650432.7,0
141,194,112,4,10,1,16,14,5,13,33,9,6,1,2196849.1,0
141,195,107,1,10,4,15,17,1,22,17,10,8,2,2251744.5,0
141,196,85,3,7,1,23,12,2,12,16,3,5,1,1836783.6,0
141,198,20,0.5,1.7,0.3,3.7,4.2,0.2,3.5,3.2,1,1.7,0,456678.3,1
141,200,2,0.1,0.2,0,0.4,0.4,0,0.3,0.3,0.1,0.2,0,45667.8,1
141,203,4,0,0.4,0,1.2,0.7,0.1,0.7,0.5,0.2,0,0.2,86799.4,1
141,204,4,0,0.4,0,1.2,0.7,0.1,0.7,0.5,0.2,0,0.2,86799.4,1
141,207,3,0.1,0,0.1,0.6,0.7,0.1,0.4,0.7,0.2,0.1,0,72654.9,1
141,212,2,0.1,0.1,0.1,0.4,0.4,0.1,0.3,0.2,0.1,0.1,0.1,42530.4,1
141,221,2,0,0.2,0,0.2,0.5,0,0.5,0.4,0,0.1,0.1,47857.9,1
141,222,6,0.4,0.6,0.6,1.2,1.2,0.3,0.9,0.6,0.1,0.1,0,133438.6,1
141,226,4,0.3,0.4,0.4,0.7,0.8,0.2,0.6,0.4,0.1,0.1,0,88959.1,1
141,250,2,0.2,0.2,0.1,0.4,0.6,0.1,0.2,0.1,0,0,0.1,43510.7,1
141,251,6,0.6,0.6,0.4,1.1,1.6,0.3,0.5,0.4,0.1,0.1,0.3,130532.2,1
141,252,16,1.3,1.5,0,3.8,2.1,0.8,2.6,3,0.9,0,0,333072.7,1
141,253,29,0,3,1,2,2,1,5,8,0,7,0,509337.2,0
141,254,40,1,4,3,11,4,1,2,7,0,7,0,755007.5,0
141,255,2,0.1,0.2,0,0.5,0.3,0.1,0.3,0.4,0.1,0,0,41634.1,1
142,4,33,3.4,2.1,0.9,8,4.7,0.8,3.8,2.1,3.8,3,0.4,724587.2,1
142,5,102.5,7,11.5,4,25,19,4,8,3,19,1,1,2078468.7,0
142,6,75,4,7,4,13,14,3,13,8,7,0,2,1449411.6,0
142,7,63,5,6,6,16,12,4,2,4,7,0,1,1218551.4,0
142,8,74,1,5,5,4,7,0,9,36,2,5,0,1488688.6,0
142,9,13,0.8,0.7,0.3,3,1.8,0.3,2.4,1.3,1.2,0.9,0.3,286222,1
142,15,3,0.2,0.1,0.2,0.5,0.5,0,0.5,0.4,0.2,0.3,0.1,60997.9,1
142,20,9,0.6,0.3,0.5,1.5,1.5,0.2,1.6,1.1,0.5,1,0.2,182993.8,1
142,21,2,0.2,0.1,0.1,0.3,0.3,0,0.4,0.3,0.1,0.2,0,40665.3,1
142,34,2.5,0.1,0.3,0,0.3,0.5,0,0.3,0.6,0.2,0.2,0,48686,1
142,44,1,0,0.1,0,0.1,0.2,0,0.2,0.3,0,0,0.1,22195.5,1
142,49,3,0.1,0.2,0.1,0.3,0.5,0,0.7,0.8,0.1,0.1,0.1,66586.4,1
142,50,2,0,0.1,0.1,0.2,0.4,0,0.5,0.5,0,0.1,0.1,44391,1
142,61,4,0.4,0.4,0,1.2,0.9,0.2,0.1,0.1,0.6,0.1,0,90658.1,1
142,62,5,0,0.8,0.4,0.5,2.1,0,0.8,0.1,0,0.1,0.2,109868.5,1
142,64,10,0,1.5,0.9,1,4.3,0,1.6,0.2,0,0.2,0.3,219736.9,1
142,65,3,0,0.5,0.3,0.3,1.3,0,0.5,0,0,0,0.1,65921.1,1
142,68,1,0.1,0,0,0.3,0.1,0,0.3,0.1,0,0.1,0,19801.6,1
142,75,13,0.5,1,0.7,2.3,2.6,0.4,2.4,0.7,0.7,1.2,0.5,282038.5,1
142,76,3,0.1,0.2,0.2,0.5,0.6,0.1,0.6,0.2,0.1,0.3,0.1,65085.8,1
142,101,4,0.1,0.1,0.1,1,0.4,0.1,0.8,0.5,0.5,0.3,0.1,87730.2,1
142,103,1,0.1,0.1,0,0.1,0.2,0.1,0.1,0.2,0.1,0,0,19866.2,1
142,105,15,1,2.2,0.5,1.2,3.2,1,0.7,2.2,2.2,0.5,0.3,297992.4,1
142,107,1,0.1,0,0.1,0.2,0.2,0,0.2,0.1,0.1,0,0,24281.5,1
142,108,2,0.2,0.1,0.1,0.4,0.3,0.1,0.4,0.3,0.1,0,0,48563.1,1
142,111,3,0.2,0.2,0.2,0.6,0.5,0.1,0.5,0.5,0.2,0,0,72844.6,1
142,112,65,5,10,2,9,21,4,2,4,7,0,1,1679970,0
142,113,75,3,11,2,14,17,5,5,9,5,2,2,1673690.4,0
142,114,54,1,13,1,6,14,0,3,7,3,1,5,1288647.8,0
142,115,118,9,15,8,28,23,6,3,1,20,2,3,2838322.8,0
142,116,103.5,17,7.5,5,45,8,8,6,1,6,0,0,2180882.7,0
142,122,1,0.1,0.1,0,0.2,0.3,0,0.2,0.1,0,0,0,24447.5,1
142,132,4,0.3,0.5,0.3,0.7,0.7,0.1,0.4,0.3,0.5,0.1,0.1,86270.9,1
142,173,2,0,0.2,0.1,0.1,0.5,0.1,0.3,0.1,0.1,0.3,0.2,46339.4,1
142,179,3,0.2,0.3,0.1,0.6,0.8,0,0.3,0.4,0.2,0.1,0,67612.1,1
142,183,31,1.8,3.3,1.2,5.3,8,1.2,2.7,2.5,2.1,0.4,2.5,694119.3,1
142,184,36,2.1,3.8,1.4,6.2,9.3,1.4,3.1,2.9,2.4,0.5,2.9,806074,1
142,185,2,0.1,0.2,0.1,0.3,0.5,0.1,0.2,0.2,0.1,0,0.2,44781.9,1
142,189,18,0.6,1.5,0.8,2.3,2.6,0.2,2.4,3.6,1.1,1.9,1,387235.7,1
142,190,120,7,7,11,13,26,2,36,4,11,0,3,2589326.1,0
142,191,12,0.4,1,0.5,1.5,1.7,0.1,1.6,2.4,0.8,1.3,0.7,258157.1,1
142,192,32,2,0,0,3,0,1,0,19,0,7,0,718765,0
142,193,13,0.7,0.7,0.7,2,2.4,0.7,0.3,3.1,0.7,1,0.7,309681.4,1
142,194,92,5,6,6,17,22,3,7,12,7,7,0,1925148.8,0
142,195,95.5,7,13,4,15,25,0,11,11,5.5,4,0,1902147.7,0
142,197,13,0.2,1.6,0.5,2.1,2.3,0.2,2.3,1.8,0.7,1.1,0.2,259484.8,1
142,199,3,0,0.4,0.1,0.5,0.5,0,0.5,0.4,0.2,0.3,0.1,59881.1,1
142,202,4,0.1,0.4,0.2,0.6,0.7,0.2,0.6,0.4,0.2,0.4,0.2,75183.9,1
142,203,2,0.1,0.2,0.1,0.3,0.3,0.1,0.3,0.2,0.1,0.2,0.1,37591.9,1
142,207,5,0.2,0.5,0.2,0.8,0.9,0.2,0.8,0.5,0.2,0.5,0.2,93979.8,1
142,212,4,0.2,0.3,0.2,0.5,0.9,0,0.6,0.7,0.3,0.1,0.2,94161.1,1
142,216,2,0.1,0.2,0.1,0.3,0.4,0,0.3,0.3,0.2,0,0.1,47080.6,1
142,218,11,1.3,1.3,0.7,2.7,2.5,0.1,0.8,0.7,0.8,0.1,0,285725.6,1
142,221,1,0.1,0.1,0.1,0.2,0.2,0,0.1,0.1,0.1,0,0,25975.1,1
142,231,5,0.6,0.4,0.2,1.2,1,0.3,0.5,0.5,0.2,0,0.1,105056.4,1
142,241,3,0.3,0.1,0.1,0.9,0.2,0.3,0.5,0.5,0.1,0,0,63971.6,1
142,248,2,0,0.3,0,0.1,0.5,0.1,0.3,0.1,0.2,0.1,0.3,37327.8,1
142,249,10,0.2,1.5,0.2,0.5,2.5,0.5,1.3,0.7,1.1,0.3,1.2,186638.8,1
142,253,19,2.1,1,1.3,5.8,3.2,0,1.7,2.3,1.2,0.2,0.2,428446.7,1
142,254,52,4.5,7,4,13,10,2,4,1,6.5,0,0,910135,0
143,3,4,0.4,0.2,0.1,1,0.6,0.1,0.5,0.2,0.5,0.4,0,87828.7,1
143,4,5,0.5,0.3,0.1,1.2,0.7,0.1,0.6,0.3,0.6,0.5,0.1,109785.9,1
143,5,13,1.3,0.8,0.4,3.2,1.8,0.3,1.5,0.8,1.5,1.2,0.2,285443.4,1
143,6,53,3,5,0,12,7,1,17,3,4,1,0,1245571.7,0
143,7,32,2.1,1.8,0.8,7.3,4.4,0.8,6,3.1,2.8,2.1,0.8,704546.6,1
143,8,19,1.2,1.1,0.5,4.3,2.6,0.5,3.5,1.9,1.7,1.2,0.5,418324.5,1
143,9,10,0.6,0.6,0.2,2.3,1.4,0.2,1.9,1,0.9,0.7,0.2,220170.8,1
143,10,2,0.1,0.1,0,0.5,0.3,0,0.4,0.2,0.2,0.1,0.1,44034.2,1
143,11,4,0.3,0.2,0.1,0.9,0.5,0.1,0.7,0.4,0.4,0.3,0.1,88068.3,1
143,12,3,0.2,0.1,0.2,0.5,0.5,0,0.5,0.4,0.2,0.3,0.1,60997.9,1
143,34,4,0.1,0.5,0,0.5,0.8,0,0.5,0.9,0.3,0.4,0,77897.6,1
143,43,4,0.1,0.3,0.1,0.4,0.7,0,0.9,1.1,0.1,0.1,0.2,88781.9,1
143,51,4,0.1,0.3,0.1,0.4,0.7,0,0.9,1.1,0.1,0.1,0.2,88781.9,1
143,61,42,4.4,4.1,0,12.5,8.8,1.9,1.2,1.2,6.6,1.3,0,951910.1,1
143,62,85,10,3,1,39,8,2,8,4,9,1,0,1955823.1,0
143,63,58,10,4,5,23,4,0,2,2,7,0,1,1088836.6,0
143,64,14,0,2.2,1.2,1.5,6,0,2.2,0.2,0,0.2,0.5,307631.7,1
143,73,2,0.1,0.2,0.1,0.3,0.4,0,0.4,0.1,0.1,0.2,0.1,43390.5,1
143,75,3,0.1,0.2,0.2,0.5,0.6,0.1,0.6,0.2,0.1,0.3,0.1,65085.8,1
143,79,11,1,0.6,0.4,2,2,0.3,1.4,1.2,1.7,0.2,0.2,254431.4,1
143,80,5,0.5,0.3,0.2,0.9,0.9,0.1,0.6,0.5,0.8,0.1,0.1,115650.6,1
143,81,4,0.4,0.2,0.1,0.7,0.7,0.1,0.5,0.4,0.7,0.1,0.1,92520.5,1
143,104,4,0.3,0.6,0.1,0.3,0.8,0.3,0.2,0.6,0.6,0.1,0.1,79464.6,1
143,108,19,1.4,1.1,1.2,3.8,3.2,0.5,3.3,3,1.3,0.1,0.1,461349.4,1
143,109,2,0.2,0.1,0.1,0.4,0.3,0.1,0.4,0.3,0.1,0,0,48563.1,1
143,110,5,0.4,0.3,0.3,1,0.8,0.1,0.9,0.8,0.3,0,0.1,121407.7,1
143,111,5,0.4,0.3,0.3,1,0.8,0.1,0.9,0.8,0.3,0,0.1,121407.7,1
143,112,83.5,3,12,2.5,11,27,1,13,3,6,0,5,2078663.3,0
143,113,107,4,17,10,15,34,4,9,4,7,1,2,2547243.8,0
143,114,68,7,9,5,14,12,3,9,1,4,1,3,1493706.3,0
143,115,74,4,10,1,22,14,3,3,5,9,0,3,1484240.2,0
143,116,15,1.7,2.8,0.5,3.9,3.9,0.5,0,0,1.4,0,0.3,326349.2,1
143,121,8,0.1,1.1,0.5,1,2.4,0.3,1.1,0.6,0.5,0.1,0.3,200501.3,1
143,122,8,0.6,0.7,0.3,1.7,2.3,0.1,1.3,0.8,0.1,0.1,0,195580,1
143,134,9,0.6,1.3,0.6,1.6,1.6,0.1,0.9,0.7,1.1,0.3,0.2,194109.5,1
143,143,2,0.2,0.2,0.1,0.2,0.4,0,0.2,0.4,0.1,0.1,0.1,44667.8,1
143,158,4,0,0.4,0.4,0.4,0.7,0.1,0.8,0.3,0.4,0.4,0.1,69804.3,1
143,169,2,0.1,0.2,0.1,0.2,0.4,0,0.4,0.2,0.1,0.3,0,39610.3,1
143,175,1,0,0.1,0,0.1,0.3,0,0.1,0.1,0,0.2,0.1,23169.7,1
143,176,1,0,0.1,0,0.1,0.3,0,0.1,0.1,0,0.2,0.1,23169.7,1
143,179,1,0.1,0.1,0,0.2,0.3,0,0.1,0.1,0.1,0,0,22537.4,1
143,180,8,0.5,0.9,0.2,1.6,2.1,0,0.7,1.1,0.7,0.2,0,180298.9,1
143,183,11,0.7,1.2,0.4,1.9,2.8,0.4,1,0.9,0.7,0.1,0.9,246300.4,1
143,184,36,2.1,3.8,1.4,6.2,9.3,1.4,3.1,2.9,2.4,0.5,2.9,806074,1
143,185,28,1,1,0,4,5,0,10,4,1,1,1,759306.7,0
143,189,100,4,9,9,31,19,1,11,6,5,4,1,1951455.1,0
143,190,79,1,12,4,3,15,1,27,10,0,4,2,1784030.2,0
143,191,20,0.7,1.6,0.9,2.5,2.9,0.2,2.7,4,1.2,2.2,1.1,430261.9,1
143,192,96,0,1,2,4,6,0,7,29,1,46,0,1645402.3,0
143,193,126,4,14.5,5,20,33,6,10,16,6.5,7,4,2836884.8,0
143,194,93,4,2,7,27,10,2,11,17,3,9,1,1912151.5,0
143,195,4,0.2,0.2,0.2,0.6,0.8,0.2,0.1,1,0.2,0.3,0.2,95286.6,1
143,197,2,0,0.2,0.1,0.3,0.4,0,0.4,0.3,0.1,0.2,0,39920.7,1
143,198,2,0,0.2,0.1,0.3,0.4,0,0.4,0.3,0.1,0.2,0,39920.7,1
143,199,2,0,0.2,0.1,0.3,0.4,0,0.4,0.3,0.1,0.2,0,39920.7,1
143,201,11,0.2,1.4,0.4,1.7,1.9,0.2,1.9,1.5,0.6,1,0.2,219564.1,1
143,202,15,0.4,1.3,0.7,2.4,2.7,0.7,2.4,1.5,0.7,1.5,0.7,281939.5,1
143,213,4,0.2,0.3,0.2,0.5,0.9,0,0.6,0.7,0.3,0.1,0.2,94161.1,1
143,214,2,0.1,0.2,0.1,0.3,0.4,0,0.3,0.3,0.2,0,0.1,47080.6,1
143,218,5,0.6,0.6,0.3,1.2,1.1,0,0.4,0.3,0.4,0.1,0,129875.3,1
143,223,1,0.1,0.1,0,0.2,0.1,0,0.3,0.1,0,0.1,0,20139.4,1
143,224,3,0.2,0.2,0,0.6,0.4,0,0.7,0.4,0.1,0.3,0.1,60418.1,1
143,227,2,0.2,0.2,0.1,0.5,0.4,0.1,0.2,0.2,0.1,0,0,42022.6,1
143,232,2,0.2,0.1,0.1,0.6,0.1,0.2,0.4,0.3,0,0,0,42647.7,1
143,233,2,0.2,0.1,0.1,0.6,0.1,0.2,0.4,0.3,0,0,0,42647.7,1
143,238,2,0.2,0.1,0.1,0.6,0.1,0.2,0.4,0.3,0,0,0,42647.7,1
143,247,2,0,0.3,0,0.1,0.5,0.1,0.3,0.1,0.2,0.1,0.3,37327.8,1
143,253,4,0.5,0.2,0.3,1.2,0.7,0,0.4,0.5,0.2,0,0,90199.3,1
143,254,9,1,0.5,0.6,2.7,1.5,0,0.8,1.1,0.6,0.1,0.1,202948.4,1
144,2,5,0.5,0.3,0.1,1.2,0.7,0.1,0.6,0.3,0.6,0.5,0.1,109785.9,1
144,9,3,0.2,0.2,0.1,0.7,0.4,0.1,0.5,0.3,0.2,0.2,0.1,66051.2,1
144,11,6,0.4,0.3,0.2,1.4,0.8,0.1,1.1,0.6,0.5,0.4,0.2,132102.5,1
144,17,7,0.5,0.3,0.4,1.1,1.1,0.1,1.3,0.9,0.4,0.8,0.1,142328.5,1
144,33,4,0.1,0.5,0,0.5,0.8,0,0.5,0.9,0.3,0.4,0,77897.6,1
144,49,2,0,0.1,0.1,0.2,0.4,0,0.5,0.5,0,0.1,0.1,44391,1
144,54,2,0,0.1,0.3,0.1,0.7,0,0.2,0.3,0.2,0.1,0,38576.8,1
144,58,2,0.2,0.2,0,0.6,0.4,0.1,0,0.1,0.3,0.1,0,45329.1,1
144,62,53,3,4,2,12,11,2,3,3,5,5,3,1036739.2,0
144,63,47,0,1,8,6,12,2.5,6,2,2.5,5,2,1142168.8,0
144,64,120.5,4,16.5,18,14,38,1,8,8,6,1,6,2317721.3,0
144,65,25,0,3.9,2.1,2.6,10.8,0,3.9,0.4,0,0.4,0.9,549342.3,1
144,66,1,0,0.2,0.1,0.1,0.4,0,0.2,0,0,0,0,21973.7,1
144,74,14,0.6,1.1,0.7,2.4,2.8,0.4,2.6,0.8,0.7,1.3,0.6,303733.8,1
144,81,4,0.4,0.2,0.1,0.7,0.7,0.1,0.5,0.4,0.7,0.1,0.1,92520.5,1
144,84,1,0,0.1,0,0.1,0.3,0,0.1,0.2,0,0.2,0,18378.1,1
144,93,6,0.1,0.2,0.2,1.6,0.6,0.1,1.2,0.8,0.7,0.4,0.1,131595.2,1
144,96,4,0.1,0.1,0.1,1,0.4,0.1,0.8,0.5,0.5,0.3,0.1,87730.2,1
144,101,5,0.1,0.2,0.2,1.3,0.5,0.1,0.9,0.7,0.6,0.3,0.1,109662.7,1
144,107,4,0.3,0.2,0.3,0.8,0.7,0.1,0.7,0.6,0.3,0,0,97126.2,1
144,108,9,0.6,0.5,0.6,1.8,1.5,0.2,1.6,1.4,0.6,0.1,0.1,218533.9,1
144,109,8,0.6,0.5,0.5,1.6,1.3,0.2,1.4,1.3,0.5,0,0.1,194252.4,1
144,110,28,2,1.7,1.8,5.5,4.7,0.7,4.9,4.4,1.9,0.2,0.2,679883.4,1
144,111,41.5,3.5,4,0,13,11,0,1,1,5,3,0,1010217.9,0
144,112,34,3,3,2,11,7,1,2,3,2,0,0,744661.3,0
144,113,38,4.2,7,1.4,9.9,9.9,1.4,0,0,3.5,0,0.7,826751.3,1
144,114,33,1,2,4,3,8,0,5,3,1,3,3,710364.9,0
144,116,1,0.1,0.2,0,0.3,0.3,0,0,0,0.1,0,0,21756.6,1
144,117,16,0.1,2.2,1,2.1,4.9,0.5,2.2,1.1,1,0.2,0.7,401002.6,1
144,119,13,0.1,1.8,0.8,1.7,3.9,0.4,1.8,0.9,0.9,0.2,0.5,325814.6,1
144,120,6,0,0.8,0.4,0.8,1.8,0.2,0.8,0.4,0.4,0.1,0.3,150376,1
144,121,50,10,2,0,17,8,4,0,4,5,0,0,1413710.5,0
144,122,7,0.5,0.6,0.3,1.5,2,0.1,1.1,0.7,0.1,0.1,0,171132.5,1
144,123,15,1,1.3,0.5,3.1,4.2,0.3,2.4,1.6,0.3,0.3,0,366712.4,1
144,124,2,0.2,0.2,0.1,0.4,0.6,0,0.3,0.2,0,0,0,48895,1
144,131,6,0.1,0.9,0.6,0.6,1.4,0.2,1.1,0.4,0.4,0.2,0.1,130917.1,1
144,143,12,1,1.3,0.8,1.3,2.5,0,1.3,2,0.8,0.5,0.5,268006.8,1
144,147,4,0.3,0.4,0.3,0.4,0.8,0,0.4,0.7,0.3,0.2,0.2,89335.6,1
144,150,2,0.2,0.2,0.1,0.2,0.4,0,0.2,0.4,0.1,0.1,0.1,44667.8,1
144,158,1,0,0.1,0.1,0.1,0.2,0,0.2,0.1,0.1,0.1,0,17451.1,1
144,166,7,0.4,0.6,0.5,0.8,1.5,0.1,1.2,0.7,0.3,0.9,0,138636.2,1
144,170,2,0.1,0.2,0.1,0.2,0.4,0,0.4,0.2,0.1,0.3,0,39610.3,1
144,180,12,0.7,1.4,0.3,2.4,3.1,0,1,1.7,1,0.4,0,270448.3,1
144,181,3,0.2,0.3,0.1,0.6,0.8,0,0.3,0.4,0.2,0.1,0,67612.1,1
144,185,16,0.9,1.7,0.6,2.8,4.1,0.6,1.4,1.3,1.1,0.2,1.3,358255.1,1
144,186,2,0.1,0.2,0.1,0.3,0.5,0.1,0.2,0.2,0.1,0,0.2,44781.9,1
144,187,9,0.3,0.7,0.4,1.1,1.3,0.1,1.2,1.8,0.6,1,0.5,193617.9,1
144,188,8,0.3,0.6,0.4,1,1.1,0.1,1.1,1.6,0.5,0.9,0.4,172104.8,1
144,189,2,0.1,0.2,0.1,0.2,0.3,0,0.3,0.4,0.1,0.2,0.1,43026.2,1
144,190,26,0.9,2.1,1.2,3.3,3.8,0.2,3.5,5.2,1.6,2.8,1.4,559340.5,1
144,191,124,5,12,5,28,20,4.5,10,18,14.5,6,1,2775969,0
144,192,80.5,7,4,7,7,12,3,9,21,2.5,8,0,1649805.2,0
144,193,252,8.5,16,18,60,46,10,30,29,14.5,15,5,5324480.3,0
144,194,23,0,1,1,4,7,0,4,2,0,1,3,424828.3,0
144,195,5,0.2,0.3,0.3,0.8,0.9,0.2,0.1,1.2,0.3,0.4,0.3,119108.2,1
144,200,3,0,0.4,0.1,0.5,0.5,0,0.5,0.4,0.2,0.3,0.1,59881.1,1
144,201,3,0,0.4,0.1,0.5,0.5,0,0.5,0.4,0.2,0.3,0.1,59881.1,1
144,215,2,0.1,0.2,0.1,0.3,0.4,0,0.3,0.3,0.2,0,0.1,47080.6,1
144,216,4,0.2,0.3,0.2,0.5,0.9,0,0.6,0.7,0.3,0.1,0.2,94161.1,1
144,217,9,1,1,0.6,2.2,2,0.1,0.7,0.6,0.7,0.1,0,233775.5,1
144,218,4,0.5,0.5,0.2,1,0.9,0,0.3,0.3,0.3,0,0,103900.2,1
144,219,4,0.5,0.5,0.2,1,0.9,0,0.3,0.3,0.3,0,0,103900.2,1
144,220,5,0.6,0.6,0.3,1.2,1.1,0,0.4,0.3,0.4,0.1,0,129875.3,1
144,222,4,0.3,0.3,0,0.8,0.5,0,1,0.5,0.1,0.4,0.1,80557.5,1
144,224,7,0.5,0.5,0,1.4,0.9,0,1.6,1,0.2,0.7,0.2,140975.6,1
144,227,2,0.2,0.2,0.1,0.5,0.4,0.1,0.2,0.2,0.1,0,0,42022.6,1
144,231,5,0.6,0.4,0.2,1.2,1,0.3,0.5,0.5,0.2,0,0.1,105056.4,1
144,236,5,0.6,0.2,0.2,1.5,0.3,0.4,0.9,0.8,0.1,0,0,106619.3,1
144,242,4,0.1,0.6,0.1,0.2,1,0.2,0.5,0.2,0.5,0.1,0.5,74655.5,1
144,243,2,0,0.3,0,0.1,0.5,0.1,0.3,0.1,0.2,0.1,0.3,37327.8,1
144,246,2,0,0.3,0,0.1,0.5,0.1,0.3,0.1,0.2,0.1,0.3,37327.8,1
144,253,8,0.9,0.4,0.5,2.4,1.4,0,0.7,1,0.5,0.1,0.1,180398.6,1
144,254,12.5,1.4,0.6,0.9,3.8,2.1,0,1.1,1.6,0.8,0.1,0.1,281872.8,1
144,255,8,0.9,0.4,0.5,2.4,1.4,0,0.7,1,0.5,0.1,0.1,180398.6,1
145,2,3,0.3,0.2,0.1,0.7,0.4,0.1,0.4,0.2,0.3,0.3,0,65871.6,1
145,3,2,0.2,0.1,0.1,0.5,0.3,0.1,0.2,0.1,0.2,0.2,0,43914.4,1
145,8,2,0.1,0.1,0,0.5,0.3,0,0.4,0.2,0.2,0.1,0.1,44034.2,1
145,10,7,0.4,0.4,0.2,1.6,1,0.2,1.3,0.7,0.6,0.4,0.2,154119.6,1
145,51,5,0.1,0.4,0.1,0.6,0.9,0,1.1,1.4,0.1,0.1,0.2,110977.4,1
145,54,3,0,0.2,0.5,0.2,1,0.1,0.3,0.4,0.2,0.1,0,57865.1,1
145,59,19,2,1.8,0,5.7,4,0.8,0.5,0.6,3,0.6,0,430626,1
145,62,107.5,3,9.5,9,24,23,2,15,11,5,6,0,1998476.6,0
145,63,75,2,4,6,9,12,1,10,14,5,10,2,1405414.3,0
145,64,98,2,8.5,10,14,22,1.5,21,11,4,1,3,2074213.6,0
145,65,72,1,13,11,10,23,1,2,3,5,2,1,1486514.7,0
145,69,4,0.3,0.1,0,1.2,0.6,0,1,0.4,0.1,0.3,0,79206.2,1
145,70,4,0.3,0.1,0,1.2,0.6,0,1,0.4,0.1,0.3,0,79206.2,1
145,72,4,0.2,0.3,0.2,0.7,0.8,0.1,0.7,0.2,0.2,0.4,0.2,86781.1,1
145,73,22,0.9,1.7,1.2,3.8,4.4,0.6,4.1,1.2,1.2,2,0.9,477295.9,1
145,75,3,0.1,0.2,0.2,0.5,0.6,0.1,0.6,0.2,0.1,0.3,0.1,65085.8,1
145,84,2,0.1,0.1,0.1,0.2,0.5,0,0.2,0.4,0.1,0.3,0,36756.1,1
145,88,2,0.1,0.1,0.1,0.2,0.5,0,0.2,0.4,0.1,0.3,0,36756.1,1
145,91,3,0.1,0.2,0.1,0.3,0.7,0,0.3,0.7,0.1,0.5,0,55134.2,1
145,92,3,0,0.1,0.1,0.8,0.3,0,0.6,0.4,0.4,0.2,0.1,65797.6,1
145,101,5,0.1,0.2,0.2,1.3,0.5,0.1,0.9,0.7,0.6,0.3,0.1,109662.7,1
145,108,63,1,5.5,2,17,8,5,4,3,14.5,1,2,1375674.7,0
145,109,52.5,3,5,4,11,8,3,4,8,2.5,4,0,1071049.5,0
145,110,88,6,10,7,18,21,4.5,9,4,7.5,1,0,1570016,0
145,111,65,5,3,8,14,9,1,12,3,8,2,0,1258637.5,0
145,112,99,9,5,12,26,19,2,7,8,3,6,2,1843050.5,0
145,113,53,3,4,2,16,8,2,4,4,7,1,2,1059702.9,0
145,114,89,1,6,7,21,16,4,6,13,4,8,3,1870989.6,0
145,115,40,2,6,0,5,9,2,6,4,1,1,4,974928.7,0
145,116,93.5,3,8,6,13,21,0,12,16,6.5,7,1,1877695.9,0
145,117,21,0.1,2.9,1.3,2.8,6.4,0.6,2.9,1.4,1.4,0.3,0.9,526315.9,1
145,118,6,0,0.8,0.4,0.8,1.8,0.2,0.8,0.4,0.4,0.1,0.3,150376,1
145,119,7,0,1,0.4,0.9,2.1,0.2,1,0.5,0.5,0.1,0.3,175438.6,1
145,120,27,0.2,3.7,1.7,3.5,8.2,0.8,3.7,1.9,1.8,0.4,1.1,676691.9,1
145,121,36,0.2,5,2.2,4.7,10.9,1.1,5,2.5,2.4,0.5,1.5,902255.8,1
145,122,42,1,5,3,3,11,2,13,1,2,0,1,1061103.7,0
145,123,20,1.4,1.8,0.7,4.2,5.6,0.3,3.2,2.1,0.3,0.4,0,488949.9,1
145,124,4,0.3,0.4,0.1,0.8,1.1,0.1,0.6,0.4,0.1,0.1,0,97790,1
145,130,3,0,0.4,0.3,0.3,0.7,0.1,0.6,0.2,0.2,0.1,0.1,65458.6,1
145,135,2,0.1,0.3,0.1,0.4,0.4,0,0.2,0.2,0.2,0.1,0,43135.5,1
145,136,2,0.1,0.3,0.1,0.4,0.4,0,0.2,0.2,0.2,0.1,0,43135.5,1
145,139,1,0.1,0.1,0.1,0.2,0.2,0,0.1,0.1,0.1,0,0,21567.7,1
145,147,5,0.4,0.5,0.3,0.5,1.1,0,0.6,0.9,0.3,0.2,0.2,111669.5,1
145,148,3,0.3,0.3,0.2,0.3,0.7,0,0.3,0.5,0.2,0.1,0.1,67001.7,1
145,151,6,0.5,0.6,0.4,0.6,1.3,0,0.6,1,0.4,0.3,0.3,134003.4,1
145,152,8,0,0.7,0.7,0.8,1.5,0.2,1.7,0.6,0.7,0.9,0.2,139608.7,1
145,174,5,0,0.5,0.2,0.4,1.2,0.2,0.7,0.4,0.2,0.7,0.5,115848.4,1
145,187,10,0.4,0.8,0.4,1.3,1.4,0.1,1.4,2,0.6,1.1,0.5,215130.9,1
145,191,44.5,1,9.5,1,6,7,2,2,6,3,7,0,903349.2,0
145,192,183,6,17,16,35,42,5,9,24,10,15,4,3721231.3,0
145,193,121,3,5.5,11,27,23,1,9,24,5.5,10,2,2405150.3,0
145,196,5,0.2,0.3,0.3,0.8,0.9,0.2,0.1,1.2,0.3,0.4,0.3,119108.2,1
145,199,4,0.1,0.5,0.1,0.6,0.7,0.1,0.7,0.6,0.2,0.3,0.1,79841.5,1
145,212,4,0.2,0.3,0.2,0.5,0.9,0,0.6,0.7,0.3,0.1,0.2,94161.1,1
145,215,2,0.1,0.2,0.1,0.3,0.4,0,0.3,0.3,0.2,0,0.1,47080.6,1
145,216,2,0.1,0.2,0.1,0.3,0.4,0,0.3,0.3,0.2,0,0.1,47080.6,1
145,217,10,1.1,1.2,0.6,2.4,2.3,0.1,0.8,0.6,0.8,0.1,0,259750.5,1
145,219,5,0.6,0.6,0.3,1.2,1.1,0,0.4,0.3,0.4,0.1,0,129875.3,1
145,222,107,1,19,1,18,26,8,8,4,20,0,2,2297418,0
145,223,47,1,7,4,8,13,0,5,0,5,0,4,755526.8,0
145,224,2,0.1,0.1,0,0.4,0.2,0,0.5,0.3,0.1,0.2,0.1,40278.7,1
145,225,5,0.3,0.3,0,1,0.7,0,1.1,0.7,0.2,0.5,0.2,100696.9,1
145,229,3,0.3,0.2,0.1,0.8,0.6,0.2,0.3,0.3,0.1,0,0.1,63033.9,1
145,237,12,1.3,0.5,0.5,3.7,0.8,1,2.1,1.8,0.3,0,0,255886.3,1
145,242,4,0.1,0.6,0.1,0.2,1,0.2,0.5,0.2,0.5,0.1,0.5,74655.5,1
145,248,5,0.1,0.7,0.1,0.2,1.3,0.2,0.7,0.3,0.6,0.2,0.6,93319.4,1
145,254,3,0.3,0.2,0.2,0.9,0.5,0,0.3,0.4,0.2,0,0,67649.5,1
146,5,9,0.9,0.6,0.2,2.2,1.3,0.2,1.1,0.6,1,0.8,0.1,197614.7,1
146,6,4,0.4,0.2,0.1,1,0.6,0.1,0.5,0.2,0.5,0.4,0,87828.7,1
146,43,1,0,0.1,0,0.1,0.2,0,0.2,0.3,0,0,0.1,22195.5,1
146,47,2,0,0.1,0.1,0.2,0.4,0,0.5,0.5,0,0.1,0.1,44391,1
146,55,4,0,0.2,0.7,0.3,1.4,0.1,0.4,0.5,0.3,0.1,0,77153.5,1
146,56,1,0,0,0.2,0.1,0.4,0,0.1,0.1,0.1,0,0,19288.4,1
146,59,30,1,4,1,5,6,0,2,7,1,3,0,567818.2,0
146,60,72,2,6,2,17,16,0,10,8,7,3,1,1534459.3,0
146,61,41,4,1,0,10,3,1,4,9,3,6,0,888342.6,0
146,62,110,6,10,8,22,15,3,15,15,6,8,2,2139570.7,0
146,63,97,3,12,6,13,16,2,26,12,5,1,1,2026050.8,0
146,64,59.5,2,4,6,14,10,2.5,11,3,3,2,2,1233270.3,0
146,68,2,0.1,0.1,0,0.6,0.3,0,0.5,0.2,0.1,0.1,0,39603.1,1
146,72,2,0.1,0.2,0.1,0.3,0.4,0,0.4,0.1,0.1,0.2,0.1,43390.5,1
146,74,6,0.2,0.5,0.3,1.1,1.2,0.2,1.1,0.3,0.3,0.6,0.2,130171.6,1
146,75,3,0.1,0.2,0.2,0.5,0.6,0.1,0.6,0.2,0.1,0.3,0.1,65085.8,1
146,83,1,0,0.1,0,0.1,0.3,0,0.1,0.2,0,0.2,0,18378.1,1
146,92,9,0.2,0.3,0.3,2.3,0.9,0.2,1.7,1.2,1.1,0.6,0.2,197392.9,1
146,94,2,0,0.1,0.1,0.5,0.2,0,0.4,0.3,0.3,0.1,0,43865.1,1
146,106,16,1,2.4,0.5,1.3,3.4,1,0.8,2.4,2.4,0.5,0.3,317858.5,1
146,108,29,2.1,1.7,1.8,5.8,4.8,0.7,5.1,4.6,2,0.2,0.2,704164.9,1
146,109,11,0.8,0.7,0.7,2.2,1.8,0.3,1.9,1.7,0.7,0.1,0.1,267097,1
146,110,87,2,4,4,18,19,4,11,14,7,4,0,1721215.4,0
146,111,101,6,10,16,21,18,0,7,11,6,5,1,1825147,0
146,112,151,4,12.5,31,42,23,2,13,11,1.5,8,3,2862878.3,0
146,113,209.5,21.5,22,12,41,47,14.5,13,5,20.5,11,2,3113688.8,0
146,114,72,9,4.5,2,18,8,3.5,3,6,10,8,0,1287909.9,0
146,115,67,4,0.5,1,10,3,2,12,18,4.5,12,0,1567771,0
146,116,110,5,8.5,16,27,18,3,8,11,5.5,6,2,2143547.4,0
146,117,122,8,8.5,13,34,23,2,8,12,6.5,5,2,2817670.5,0
146,118,86,3,0,2,20,16,3,10,9,12,8,3,1727767.2,0
146,119,30.5,0,1.5,4,3,5,0,5,10,0,2,0,675951.2,0
146,121,5,0,0.7,0.3,0.7,1.5,0.2,0.7,0.3,0.3,0.1,0.2,125313.3,1
146,149,5,0.4,0.5,0.3,0.5,1.1,0,0.6,0.9,0.3,0.2,0.2,111669.5,1
146,156,6,0,0.6,0.6,0.6,1.1,0.1,1.2,0.4,0.6,0.7,0.1,104706.5,1
146,172,3,0,0.3,0.1,0.2,0.8,0.1,0.4,0.2,0.1,0.5,0.3,69509,1
146,176,6,0,0.6,0.2,0.4,1.5,0.2,0.9,0.4,0.2,0.9,0.7,139018.1,1
146,180,8,0.5,0.9,0.2,1.6,2.1,0,0.7,1.1,0.7,0.2,0,180298.9,1
146,182,2,0.1,0.2,0.1,0.3,0.5,0.1,0.2,0.2,0.1,0,0.2,44781.9,1
146,183,2,0.1,0.2,0.1,0.3,0.5,0.1,0.2,0.2,0.1,0,0.2,44781.9,1
146,185,2,0.1,0.2,0.1,0.3,0.5,0.1,0.2,0.2,0.1,0,0.2,44781.9,1
146,186,11,0.7,1.2,0.4,1.9,2.8,0.4,1,0.9,0.7,0.1,0.9,246300.4,1
146,188,2,0.1,0.2,0.1,0.2,0.3,0,0.3,0.4,0.1,0.2,0.1,43026.2,1
146,189,4,0.2,0.3,0.2,0.5,0.6,0,0.5,0.8,0.3,0.4,0.2,86052.4,1
146,191,85.5,1,6.5,8,7,12,0,5,20,1,23,2,1767169.7,0
146,192,82,4,9,6,11,18,0,12,8,4,6,4,1573046.1,0
146,193,8,0.4,0.4,0.4,1.3,1.5,0.4,0.2,1.9,0.4,0.7,0.4,190573.1,1
146,195,3,0.1,0.2,0.2,0.5,0.5,0.1,0.1,0.7,0.2,0.2,0.2,71464.9,1
146,199,14,0.2,1.7,0.5,2.2,2.5,0.2,2.5,2,0.7,1.2,0.3,279445.2,1
146,218,6,0.7,0.7,0.4,1.4,1.4,0.1,0.4,0.4,0.4,0.1,0,155850.3,1
146,219,10,1.1,1.2,0.6,2.4,2.3,0.1,0.8,0.6,0.8,0.1,0,259750.5,1
146,220,9,1,1,0.6,2.2,2,0.1,0.7,0.6,0.7,0.1,0,233775.5,1
146,221,51,2,2,2,9,9,2,12,3,7,3,0,1256835,0
146,222,124,12,17,4,29,25,3,10,13,11,0,0,2835425.8,0
146,223,103.5,3,16,0,18,22,3,7,20,11.5,3,0,2644395.2,0
146,224,83,6.5,5.5,9,15,18,3,1,15,5,5,0,1353899.5,0
146,226,8,0.5,0.5,0,1.6,1,0,1.9,1.1,0.3,0.8,0.3,161115,1
146,229,4,0.4,0.3,0.2,1,0.8,0.3,0.3,0.4,0.2,0,0.1,84045.2,1
146,231,5,0.6,0.4,0.2,1.2,1,0.3,0.5,0.5,0.2,0,0.1,105056.4,1
146,239,4,0.4,0.2,0.2,1.2,0.3,0.3,0.7,0.6,0.1,0,0,85295.4,1
146,249,2,0,0.3,0,0.1,0.5,0.1,0.3,0.1,0.2,0.1,0.3,37327.8,1
147,0,4,0.3,0.4,0,0.6,1,0.2,0.5,0.4,0.1,0.4,0.1,100961.7,1
147,8,4,0.3,0.2,0.1,0.9,0.5,0.1,0.7,0.4,0.4,0.3,0.1,88068.3,1
147,58,7,0,0.4,1.2,0.5,2.5,0.1,0.6,0.9,0.6,0.2,0,135018.7,1
147,59,6,0,0.3,1,0.4,2.1,0.2,0.5,0.8,0.5,0.2,0,115730.3,1
147,60,54,2,2,0,5,3,1,13,23,3,2,0,1144832.2,0
147,61,117,7,16,1,34,20,4,6,6,20,2,1,2373430.3,0
147,62,24,1.7,3.4,1.7,4.2,4.6,0,2.5,2.5,0.9,2.5,0,572865.5,1
147,63,3,0.2,0.4,0.2,0.6,0.6,0,0.3,0.3,0.1,0.3,0,71608.2,1
147,64,1,0.1,0.1,0.1,0.2,0.2,0,0.1,0.1,0,0.1,0,23869.4,1
147,68,2,0.1,0.1,0,0.6,0.3,0,0.5,0.2,0.1,0.1,0,39603.1,1
147,80,2,0.2,0.1,0.1,0.4,0.4,0.1,0.2,0.2,0.3,0,0,46260.3,1
147,83,2,0.1,0.1,0.1,0.2,0.5,0,0.2,0.4,0.1,0.3,0,36756.1,1
147,95,4,0.1,0.1,0.1,1,0.4,0.1,0.8,0.5,0.5,0.3,0.1,87730.2,1
147,101,12,0,0,0.9,3,1.7,0,3.8,1.3,0.9,0,0.4,308265.4,1
147,107,14,0.4,0.8,0.9,1.8,3.1,0.2,1.8,2.8,1.8,0.2,0.2,288868.9,1
147,108,36,2,4,4,4,7,0,7,4,2,1,1,898339.5,0
147,109,26,0,1,0,2,2,1,6,8,1,2,3,693972.9,0
147,110,34,3,0,1,8,3,0,2,9,3,5,0,750082.2,0
147,111,61,5,5,7,12,7,1,8,6,8,2,0,962328.7,0
147,112,68,0,7,4,10,13,0,6,16,1,8,3,1486118.5,0
147,113,23,0,0,4,0,3,0,6,4,0,4,2,579802.8,0
147,114,63,3,4.5,4,8,15,1,13,8,2.5,4,0,1026688.6,0
147,115,37,0,0,2,6,6,1,9,8,1,4,0,778361.6,0
147,116,22,1,1,1,4,6,2,2,4,1,0,0,486638.2,0
147,117,16,0.1,1.9,1.7,2,3.9,0.5,2,1.7,0.8,1.2,0.2,352536.2,1
147,118,122.5,9,17,17,31,18,2,7,9,3.5,7,2,2597332.8,0
147,119,25,0.2,2.9,2.7,3.1,6,0.9,3.1,2.7,1.2,1.9,0.3,550837.8,1
147,120,35,2,3,2,4,6,0,2,7,3,5,1,668527,0
147,138,4,0.3,0.5,0.3,0.7,0.7,0.1,0.4,0.3,0.5,0.1,0.1,86270.9,1
147,141,8,0.5,1.1,0.5,1.4,1.5,0.1,0.8,0.7,1,0.3,0.1,172541.8,1
147,146,4,0.3,0.4,0.3,0.4,0.8,0,0.4,0.7,0.3,0.2,0.2,89335.6,1
147,147,2,0.1,0,0.1,0.3,0.3,0.1,0.3,0.5,0.1,0.1,0.1,43997.2,1
147,155,6,0.2,0.5,0.5,1.1,1.1,0.2,0.4,0.9,0.2,0.7,0.2,116894.9,1
147,159,6,0,0.6,0.6,0.6,1.1,0.1,1.2,0.4,0.6,0.7,0.1,104706.5,1
147,161,4,0,0.4,0.4,0.4,0.7,0.1,0.8,0.3,0.4,0.4,0.1,69804.3,1
147,169,11,0.7,1,0.7,1.2,2.3,0.2,2,1.1,0.4,1.4,0,217856.8,1
147,172,6,0.2,1.1,0.6,0.9,2,0,0.1,0.4,0.5,0.1,0.1,127719,1
147,174,10.5,0.3,1.9,1.1,1.5,3.6,0,0.2,0.7,0.8,0.2,0.2,223508.3,1
147,175,2,0.1,0.4,0.2,0.3,0.7,0,0,0.1,0.2,0,0,42573,1
147,177,3,0,0.3,0.1,0.2,0.8,0.1,0.4,0.2,0.1,0.5,0.3,69509,1
147,180,1,0,0.1,0,0.1,0.3,0,0.1,0.1,0,0.2,0.1,23169.7,1
147,183,4,0.3,0.1,0.1,0.8,0.5,0,1,1,0.1,0.1,0,87762.1,1
147,184,8,0.6,0.3,0.3,1.5,0.9,0.1,1.9,1.9,0.2,0.3,0,175524.2,1
147,185,5,0.3,0.2,0.2,0.9,0.6,0.1,1.2,1.2,0.1,0.2,0,109702.7,1
147,187,7,0,0,0.2,0.6,1,0.1,1.2,2.8,0.1,0.8,0.2,166114.7,1
147,192,2,0.2,0.2,0,0.2,0.5,0,0.3,0,0.3,0.1,0.2,45207,1
147,193,3,0.3,0.2,0,0.4,0.8,0,0.4,0.1,0.4,0.2,0.2,67810.5,1
147,196,4,0.4,0.3,0,0.5,1.1,0,0.5,0.1,0.6,0.2,0.3,90414,1
147,198,7,0.3,0.5,0.3,1.8,1,0.3,0.5,1.3,0,1,0,161887.8,1
147,211,2,0,0.2,0.2,0.3,0.5,0,0.3,0.3,0.1,0.1,0,45122.7,1
147,213,4,0.2,0.3,0.2,0.5,0.9,0,0.6,0.7,0.3,0.1,0.2,94161.1,1
147,220,27,0.8,3.5,0.4,4.2,4.6,1.9,6.2,4.2,0.8,0,0.4,672495,1
147,221,61,0,4,4,2,10,0,21,11,3,5,1,1468546,0
147,222,66,1,2,4,6,10,0,26,9,2,5,1,1537401.6,0
147,223,100,5,21,3,12,30,3,3,9,6,3,5,1966197.5,0
147,224,33,2,3,4,9,5,0,2,3,1,4,0,737465.9,0
147,225,24,1.2,2.5,1,4.3,4.5,1.8,1.2,3.3,1.8,1.9,0.5,500980.1,1
147,228,5,0.6,0.4,0.2,1.2,1,0.3,0.5,0.5,0.2,0,0.1,105056.4,1
147,236,2,0.2,0.1,0.1,0.6,0.1,0.2,0.4,0.3,0,0,0,42647.7,1
147,254,2,0.2,0.1,0.1,0.6,0.4,0,0.2,0.3,0.1,0,0,45099.7,1
148,7,6,0.4,0.3,0.2,1.4,0.8,0.1,1.1,0.6,0.5,0.4,0.2,132102.5,1
148,8,2,0.1,0.1,0,0.5,0.3,0,0.4,0.2,0.2,0.1,0.1,44034.2,1
148,14,3,0.2,0.1,0.2,0.5,0.5,0,0.5,0.4,0.2,0.3,0.1,60997.9,1
148,49,3,0.2,0.2,0.1,0.8,0.6,0.1,0.2,0.4,0.1,0.3,0,60586.9,1
148,61,11,0,0.6,1.8,0.7,3.9,0.2,1,1.5,1,0.3,0,212172.2,1
148,62,22,1.5,3.1,1.5,3.9,4.3,0,2.3,2.3,0.8,2.3,0,525126.7,1
148,68,2,0.1,0.1,0,0.6,0.3,0,0.5,0.2,0.1,0.1,0,39603.1,1
148,92,1,0,0,0,0.3,0.1,0,0.2,0.2,0.1,0.1,0,21932.5,1
148,99,2,0,0,0.2,0.5,0.3,0,0.6,0.2,0.1,0,0.1,51377.6,1
148,100,8,0,0,0.6,2,1.1,0,2.6,0.8,0.6,0,0.3,205510.3,1
148,101,2,0,0,0.2,0.5,0.3,0,0.6,0.2,0.1,0,0.1,51377.6,1
148,106,5,0.3,0.7,0.2,0.4,1.1,0.3,0.3,0.7,0.7,0.2,0.1,99330.8,1
148,107,8,0.3,0.5,0.5,1,1.8,0.1,1,1.6,1,0.1,0.1,165068,1
148,108,2,0.1,0.1,0.1,0.3,0.4,0,0.3,0.4,0.3,0,0,41267,1
148,109,5,0.2,0.3,0.3,0.6,1.1,0.1,0.6,1,0.6,0.1,0.1,103167.5,1
148,110,4.5,0.1,0.2,0.3,0.6,1,0,0.6,0.9,0.6,0.1,0.1,92850.7,1
148,111,11,0.3,0.6,0.7,1.4,2.5,0.1,1.4,2.2,1.4,0.2,0.2,226968.4,1
148,112,101,7,6,9,17,17,1,7,15,9,13,0,1669291.1,0
148,113,70,1,6,2,7,15,2.5,11,14,4.5,7,0,1568969.1,0
148,114,62,2,3,4,4,11,2,9,23,0,4,0,1115671.9,0
148,115,16,0.2,1.5,2,1.1,3.9,0.2,2,3.5,0.7,0.9,0,349780.4,1
148,116,62,0,2,1,2,3,0,14,34,1,5,0,1311676.1,0
148,117,74,1,1,4,8,4,1.5,21,19,3.5,11,0,1540096.5,0
148,118,121,7,10.5,10,26,22,3,12,9,7.5,13,1,2225888.7,0
148,119,44,0,4,8,10,11,0,4,3,2,2,0,785856.2,0
148,120,51.5,1,7,4,14,9,1,4,5,3.5,3,0,877480.9,0
148,121,19,0.2,2.2,2,2.4,4.6,0.6,2.4,2,0.9,1.5,0.2,418636.7,1
148,122,6,0.1,0.9,0.6,0.6,1.4,0.2,1.1,0.4,0.4,0.2,0.1,130917.1,1
148,125,9,0.1,1.3,0.9,0.9,2.2,0.3,1.7,0.6,0.6,0.3,0.1,196375.7,1
148,133,2,0.1,0.3,0.1,0.4,0.4,0,0.2,0.2,0.2,0.1,0,43135.5,1
148,138,2,0.1,0.3,0.1,0.4,0.4,0,0.2,0.2,0.2,0.1,0,43135.5,1
148,145,4,0.3,0.4,0.3,0.4,0.8,0,0.4,0.7,0.3,0.2,0.2,89335.6,1
148,148,1,0.1,0,0.1,0.1,0.2,0,0.2,0.3,0,0,0,21998.6,1
148,149,2,0.1,0,0.1,0.3,0.3,0.1,0.3,0.5,0.1,0.1,0.1,43997.2,1
148,154,68.5,9,7,1,19,10,3,7,4,7.5,1,0,1492835,0
148,155,32,2,1,0,13,4,2,2,4,4,0,0,799647.2,0
148,158,4,0,0.4,0.4,0.4,0.7,0.1,0.8,0.3,0.4,0.4,0.1,69804.3,1
148,167,2,0.1,0.2,0.1,0.2,0.4,0,0.4,0.2,0.1,0.3,0,39610.3,1
148,168,3,0.2,0.3,0.2,0.3,0.6,0.1,0.5,0.3,0.1,0.4,0,59415.5,1
148,170,15,1,1.3,1,1.7,3.1,0.2,2.7,1.5,0.6,1.9,0,297077.5,1
148,171,2,0.1,0.2,0.1,0.2,0.4,0,0.4,0.2,0.1,0.3,0,39610.3,1
148,174,3,0.1,0.5,0.3,0.4,1,0,0.1,0.2,0.2,0.1,0.1,63859.5,1
148,175,13,0.4,2.3,1.4,1.9,4.4,0,0.2,0.9,1.1,0.2,0.2,276724.6,1
148,176,4,0.1,0.7,0.4,0.6,1.4,0,0.1,0.2,0.3,0.1,0.1,85146,1
148,180,1,0,0.1,0,0.1,0.3,0,0.1,0.1,0,0.2,0.1,23169.7,1
148,183,8,0.6,0.3,0.3,1.5,0.9,0.1,1.9,1.9,0.2,0.3,0,175524.2,1
148,185,12,0.9,0.4,0.4,2.3,1.4,0.1,2.9,2.9,0.3,0.4,0,263286.4,1
148,192,2,0.2,0.2,0,0.2,0.5,0,0.3,0,0.3,0.1,0.2,45207,1
148,195,1,0.1,0.1,0,0.1,0.3,0,0.1,0,0.1,0.1,0.1,22603.5,1
148,203,6,0.2,0.5,0.3,1,1,0.2,1,0.6,0.3,0.6,0.3,112775.8,1
148,204,6,0.2,0.5,0.3,1,1,0.2,1,0.6,0.3,0.6,0.3,112775.8,1
148,211,19,0,1.4,1.4,3,4.6,0.2,3.3,2.8,1.4,0.7,0.2,428665.6,1
148,212,4,0.2,0.3,0.2,0.5,0.9,0,0.6,0.7,0.3,0.1,0.2,94161.1,1
148,213,5,0.2,0.4,0.2,0.7,1.1,0.1,0.7,0.8,0.4,0.1,0.3,117701.4,1
148,217,2,0.1,0.3,0,0.3,0.3,0.1,0.5,0.3,0.1,0,0,49814.4,1
148,219,24,0,2,0,1,4,0,10,7,0,0,0,549316.1,0
148,220,110,2,6,3,15,16,2,35,23,2,2,4,2516498.2,0
148,221,46,3,5,4,7,11,0,9,5,1,0,1,872935.6,0
148,222,29,2,0,0,9,4,1,4,4,2,3,0,612080.1,0
148,223,96.5,9,9,6,26,12,2,15,6,6.5,4,1,2230183.6,0
148,224,100,4,5,11,33,17,2,5,7,7,9,0,2023467.1,0
148,225,113,3,12,4,11,23,0,14,31,7,6,2,2151257.6,0
148,226,28,2,1,0,4,2,2,2,11,2,2,0,688683.6,0
148,229,2,0.2,0.2,0.1,0.5,0.4,0.1,0.2,0.2,0.1,0,0,42022.6,1
148,239,1,0.1,0,0,0.3,0.1,0.1,0.2,0.2,0,0,0,21323.9,1
149,13,4,0.3,0.1,0.2,0.7,0.7,0.1,0.7,0.5,0.2,0.4,0.1,81330.6,1
149,14,9,0.6,0.3,0.5,1.5,1.5,0.2,1.6,1.1,0.5,1,0.2,182993.8,1
149,51,7,0.5,0.5,0.2,1.9,1.3,0.3,0.5,0.8,0.3,0.7,0,141369.3,1
149,58,3,0,0.2,0.5,0.2,1,0.1,0.3,0.4,0.2,0.1,0,57865.1,1
149,59,8,0,0.4,1.3,0.5,2.9,0.2,0.7,1.1,0.7,0.2,0,154307.1,1
149,62,3,0.2,0.4,0.2,0.6,0.6,0,0.3,0.3,0.1,0.3,0,71608.2,1
149,78,7,0.7,0.4,0.2,1.3,1.3,0.2,0.9,0.7,1.1,0.1,0.1,161910.9,1
149,80,3,0.3,0.1,0.1,0.5,0.5,0.1,0.4,0.3,0.5,0.1,0.1,69390.4,1
149,88,6,0.2,0.4,0.2,0.6,1.5,0,0.6,1.3,0.2,1,0,110268.4,1
149,90,5,0.1,0.3,0.2,0.5,1.3,0,0.5,1.1,0.2,0.8,0,91890.3,1
149,99,2,0,0,0.2,0.5,0.3,0,0.6,0.2,0.1,0,0.1,51377.6,1
149,103,5,0.3,0.7,0.2,0.4,1.1,0.3,0.3,0.7,0.7,0.2,0.1,99330.8,1
149,105,4,0.3,0.6,0.1,0.3,0.8,0.3,0.2,0.6,0.6,0.1,0.1,79464.6,1
149,106,4,0.3,0.6,0.1,0.3,0.8,0.3,0.2,0.6,0.6,0.1,0.1,79464.6,1
149,110,6,0.2,0.3,0.4,0.8,1.3,0.1,0.8,1.2,0.7,0.1,0.1,123801,1
149,111,8,0.3,0.5,0.5,1,1.8,0.1,1,1.6,1,0.1,0.1,165068,1
149,112,73.5,6.5,5.5,14,17,16,0,4,5,1.5,4,0,1094041,0
149,113,31,1,5,1,3,5,0,2,7,3,3,1,799736.2,0
149,114,125,2.5,22.5,8,10,26,4,17,22,10,2,1,2102180.8,0
149,115,73,1,1,4,5,8,0,27,25,0,2,0,1814950.1,0
149,116,164.5,5,23,9,23,32,1.5,22,36,5,5,3,2919011.4,0
149,117,128,3,17,5,13,19,4,28,27,5,6,1,2347488,0
149,118,72,4,3,3,10,18,2.5,13,10,2.5,3,3,1476929.9,0
149,119,10.5,0.1,1.2,1.1,1.3,2.6,0.4,1.3,1.1,0.5,0.8,0.1,231351.9,1
149,120,3,0,0.4,0.3,0.4,0.7,0.1,0.4,0.3,0.2,0.2,0,66100.5,1
149,122,1,0,0.2,0.1,0.1,0.2,0,0.2,0.1,0.1,0,0,21819.5,1
149,127,26,0.4,3.8,2.5,2.5,6.3,0.8,5,1.7,1.7,0.9,0.4,567307.5,1
149,133,3,0.2,0.4,0.2,0.5,0.5,0.1,0.3,0.2,0.4,0.1,0.1,64703.2,1
149,136,2,0.1,0.3,0.1,0.4,0.4,0,0.2,0.2,0.2,0.1,0,43135.5,1
149,139,13,0.9,1.8,0.9,2.3,2.3,0.2,1.3,1.1,1.6,0.4,0.2,280380.4,1
149,152,4,0.1,0.4,0.4,0.7,0.7,0.1,0.3,0.6,0.1,0.5,0.1,77930,1
149,153,23,0,1,0,3,7,0,3,5,1,3,0,513522.4,0
149,154,41.5,1,1,2.5,5,6,0,12,7,5,2,0,862808,0
149,155,10,0.3,0.9,0.9,1.8,1.9,0.3,0.6,1.5,0.3,1.2,0.3,194824.9,1
149,163,3,0.2,0.3,0.2,0.3,0.6,0.1,0.5,0.3,0.1,0.4,0,59415.5,1
149,171,5,0.3,0.4,0.3,0.6,1.1,0.1,0.9,0.5,0.2,0.6,0,99025.8,1
149,174,1,0,0.2,0.1,0.2,0.3,0,0,0.1,0.1,0,0,21286.5,1
149,175,4,0.1,0.7,0.4,0.6,1.4,0,0.1,0.2,0.3,0.1,0.1,85146,1
149,179,2,0,0.2,0.1,0.1,0.5,0.1,0.3,0.1,0.1,0.3,0.2,46339.4,1
149,183,2,0.1,0.1,0.1,0.4,0.2,0,0.5,0.5,0,0.1,0,43881.1,1
149,186,19,1.4,0.7,0.7,3.6,2.3,0.2,4.5,4.5,0.4,0.7,0,416870.1,1
149,187,39,0,1,0,6,3,1,15,9,3,1,0,707102.8,0
149,188,25,2,1,1,6,2,2,2,6,2,1,0,722929.3,0
149,189,8,0,0,0.3,0.7,1.1,0.1,1.3,3.2,0.1,0.9,0.3,189845.4,1
149,190,17,0,0,0.6,1.4,2.2,0.3,2.8,6.8,0.3,2,0.6,403421.5,1
149,191,2,0,0,0.1,0.2,0.3,0,0.3,0.8,0,0.2,0.1,47461.3,1
149,195,8,0.8,0.6,0,1,2.1,0,1,0.2,1.1,0.5,0.7,180828,1
149,201,3,0.1,0.2,0.1,0.8,0.4,0.1,0.2,0.6,0,0.5,0,69380.5,1
149,202,3,0.1,0.3,0.1,0.5,0.5,0.1,0.5,0.3,0.1,0.3,0.2,56387.9,1
149,203,11,0.3,1,0.5,1.8,1.9,0.5,1.8,1.1,0.5,1.1,0.5,206755.7,1
149,209,10,0,0.7,0.7,1.6,2.5,0.1,1.7,1.5,0.7,0.4,0.1,225613.5,1
149,210,7,0,0.5,0.5,1.1,1.7,0.1,1.2,1,0.5,0.3,0.1,157929.4,1
149,211,13,0,0.9,0.9,2.1,3.2,0.2,2.2,1.9,0.9,0.5,0.2,293297.5,1
149,212,4,0.2,0.3,0.2,0.5,0.9,0,0.6,0.7,0.3,0.1,0.2,94161.1,1
149,213,12,0.5,0.9,0.5,1.6,2.7,0.2,1.7,2.1,0.9,0.3,0.6,282483.4,1
149,219,48.5,2,4,1,5,9,0,7,9,5.5,4,2,810582.3,0
149,220,82,5,5,1,9,13,3,20,13,6,3,4,1856390.7,0
149,221,14,0.4,1.8,0.2,2.2,2.4,1,3.2,2.2,0.4,0,0.2,348701.1,1
149,222,7,0.3,0.7,0.3,1.3,1.3,0.5,0.4,1,0.5,0.6,0.1,146119.2,1
149,223,38,0,2,10,9,6,1,1,4,0,5,0,726694,0
149,224,167,8,13.5,15,38,41,7,12,11,15.5,4,2,3510343.7,0
149,225,99,5,7,7,22,20,4,9,15,8,1,1,2132190.7,0
149,226,16,0.8,1.7,0.6,2.9,3,1.2,0.8,2.2,1.2,1.3,0.3,333986.8,1
149,228,1,0.1,0.1,0,0.3,0.2,0.1,0.1,0.1,0,0,0,21011.3,1
149,237,2,0.2,0.1,0.1,0.6,0.1,0.2,0.4,0.3,0,0,0,42647.7,1
149,238,4,0.4,0.2,0.2,1.2,0.3,0.3,0.7,0.6,0.1,0,0,85295.4,1
149,242,7,0.1,1.1,0.1,0.4,1.8,0.3,0.9,0.5,0.8,0.2,0.8,130647.1,1
149,246,2,0,0.3,0,0.1,0.5,0.1,0.3,0.1,0.2,0.1,0.3,37327.8,1
150,9,2,0.1,0.1,0,0.5,0.3,0,0.4,0.2,0.2,0.1,0.1,44034.2,1
150,21,5,0.4,0.2,0.3,0.8,0.8,0.1,0.9,0.6,0.3,0.5,0.1,101663.2,1
150,22,1,0,0.1,0,0.1,0.3,0,0.3,0.1,0,0.1,0,27336.9,1
150,39,1,0.1,0.1,0,0.1,0.2,0,0.1,0.2,0.1,0.1,0,19474.4,1
150,44,2,0,0.1,0.1,0.2,0.4,0,0.5,0.5,0,0.1,0.1,44391,1
150,49,5,0.3,0.3,0.2,1.4,0.9,0.2,0.4,0.6,0.2,0.5,0,100978.1,1
150,64,4,0.3,0.6,0.3,0.7,0.8,0,0.4,0.4,0.1,0.4,0,95477.6,1
150,72,19,1.9,1,0.4,6.7,2.7,0.2,1.6,1.4,1.9,0.8,0.4,421622.8,1
150,73,30,3.1,1.6,0.6,10.5,4.3,0.3,2.5,2.2,3.1,1.2,0.6,665720.2,1
150,74,2,0.2,0.1,0,0.7,0.3,0,0.2,0.2,0.2,0.1,0,44381.3,1
150,78,8,0.8,0.4,0.3,1.4,1.4,0.2,1,0.8,1.3,0.2,0.2,185041,1
150,80,2,0.2,0.1,0.1,0.4,0.4,0.1,0.2,0.2,0.3,0,0,46260.3,1
150,81,12,1.1,0.6,0.4,2.1,2.1,0.4,1.5,1.3,1.9,0.3,0.3,277561.5,1
150,86,2,0.1,0.1,0.1,0.2,0.5,0,0.2,0.4,0.1,0.3,0,36756.1,1
150,94,4,0.1,0.1,0.1,1,0.4,0.1,0.8,0.5,0.5,0.3,0.1,87730.2,1
150,97,2,0,0,0.2,0.5,0.3,0,0.6,0.2,0.1,0,0.1,51377.6,1
150,104,7,0.5,1,0.2,0.6,1.5,0.5,0.4,1,1,0.2,0.1,139063.1,1
150,107,2,0.1,0.1,0.1,0.3,0.4,0,0.3,0.4,0.3,0,0,41267,1
150,108,3,0.1,0.2,0.2,0.4,0.7,0,0.4,0.6,0.4,0,0,61900.5,1
150,114,14,0.2,1.3,1.7,1,3.4,0.2,1.7,3.1,0.6,0.8,0,306057.9,1
150,115,96.5,4.5,3,5,15,16,1,22,15,4,9,2,2233532.9,0
150,116,118,5,8,5,17,21,2,18,24,10,5,3,2622303.7,0
150,117,95,0,9,4,9,20,1,21,14,4,10,3,1792357.6,0
150,118,63,0,6,4,5,16,0,20,6,1,2,3,1314616,0
150,119,13,0.1,1.5,1.4,1.6,3.2,0.5,1.6,1.4,0.6,1,0.1,286435.7,1
150,122,1,0,0.2,0.1,0.1,0.2,0,0.2,0.1,0.1,0,0,21819.5,1
150,124,1,0,0.2,0.1,0.1,0.2,0,0.2,0.1,0.1,0,0,21819.5,1
150,133,5,0.3,0.7,0.3,0.9,0.9,0.1,0.5,0.4,0.6,0.2,0.1,107838.6,1
150,148,8,0.5,0,0.5,1.1,1.1,0.3,1.4,2.2,0.3,0.3,0.3,175988.7,1
150,151,7,0.5,0,0.5,1,1,0.2,1.2,1.9,0.2,0.2,0.3,153990.1,1
150,152,102,9,7.5,3.5,28,17,3,5,11,4,12,2,2008597.2,0
150,153,52,3,9,1,8,16,0,1,3,10,1,0,1078417.6,0
150,154,102.5,5,12.5,6,18,29,5,4,9,10,3,1,1884275,0
150,155,39,11,1,0,22,0,2,1,0,2,0,0,787511.7,0
150,158,3,0,0.3,0.3,0.3,0.5,0.1,0.6,0.2,0.3,0.3,0.1,52353.2,1
150,170,2,0.1,0.2,0.1,0.2,0.4,0,0.4,0.2,0.1,0.3,0,39610.3,1
150,173,12,0.4,2.1,1.3,1.7,4.1,0,0.2,0.8,1,0.2,0.2,255438.1,1
150,176,6,0.2,1.1,0.6,0.9,2,0,0.1,0.4,0.5,0.1,0.1,127719,1
150,180,2,0,0.2,0.1,0.1,0.5,0.1,0.3,0.1,0.1,0.3,0.2,46339.4,1
150,183,1,0.1,0,0,0.2,0.1,0,0.3,0.3,0,0,0,21940.5,1
150,184,4,0.3,0.1,0.1,0.8,0.5,0,1,1,0.1,0.1,0,87762.1,1
150,186,43,3,5,1,11,6,2,2,5,3,3,2,801826.9,0
150,187,113,6,6,8,15,27,0,8,17,6,18,2,2258122.6,0
150,188,91,2,11,4,13,17,4,13,12,8,4,3,2363689.9,0
150,189,60,0,5,3,2,14,2,19,11,2,2,0,1361767.9,0
150,190,53,0,5,3,2,19,0,9,8,1,1,5,1312817.4,0
150,191,1,0,0,0,0.1,0.1,0,0.2,0.4,0,0.1,0.1,23730.7,1
150,195,11,1.1,0.9,0,1.3,2.9,0,1.4,0.2,1.6,0.7,0.9,248638.5,1
150,196,3,0.3,0.2,0,0.4,0.8,0,0.4,0.1,0.4,0.2,0.2,67810.5,1
150,198,3,0.1,0.2,0.1,0.8,0.4,0.1,0.2,0.6,0,0.5,0,69380.5,1
150,203,4,0.1,0.4,0.2,0.6,0.7,0.2,0.6,0.4,0.2,0.4,0.2,75183.9,1
150,209,6,0,0.4,0.4,1,1.5,0.1,1,0.9,0.4,0.2,0.1,135368.1,1
150,210,1,0,0.1,0.1,0.2,0.2,0,0.2,0.1,0.1,0,0,22561.3,1
150,211,4,0,0.3,0.3,0.6,1,0,0.7,0.6,0.3,0.1,0.1,90245.4,1
150,217,10,0.3,1.3,0.1,1.6,1.7,0.7,2.3,1.6,0.3,0,0.1,249072.2,1
150,220,61.5,5,8.5,4,19,14,5,1,0,5,0,0,1427609.3,0
150,221,117,19,12,1,36,16,6,6,6,14,0,1,2442670.3,0
150,222,12.5,0.6,1.3,0.5,2.2,2.4,0.9,0.6,1.8,0.9,1,0.3,260927.2,1
150,223,19,0,0,0,0,2,0,5,4,0,8,0,332395,0
150,224,55,1,1.5,9,10,10,1,12,5,1.5,3,1,1225244.3,0
150,225,138,18,10,3,36,19,6,12,20,8,5,1,2904539.2,0
150,226,74,15,2,1,33,9,3,1,3,6,1,0,1675420.6,0
150,227,5.5,0.6,0.4,0.3,1.4,1.1,0.4,0.5,0.5,0.2,0,0.1,115562.1,1
150,228,2,0.2,0.2,0.1,0.5,0.4,0.1,0.2,0.2,0.1,0,0,42022.6,1
150,233,2,0.2,0.1,0.1,0.6,0.1,0.2,0.4,0.3,0,0,0,42647.7,1
150,234,2,0.2,0.1,0.1,0.6,0.1,0.2,0.4,0.3,0,0,0,42647.7,1
150,246,1,0,0.2,0,0.1,0.3,0,0.1,0.1,0.1,0,0.1,18663.9,1
150,253,3,0.3,0.2,0.2,0.9,0.5,0,0.3,0.4,0.2,0,0,67649.5,1
151,4,3,0.2,0.2,0.1,0.7,0.4,0.1,0.5,0.3,0.2,0.2,0.1,66051.2,1
151,9,8,0.5,0.5,0.2,1.8,1.1,0.2,1.5,0.8,0.7,0.5,0.2,176136.6,1
151,14,3,0.2,0.1,0.2,0.5,0.5,0,0.5,0.4,0.2,0.3,0.1,60997.9,1
151,15,2,0.2,0.1,0.1,0.3,0.3,0,0.4,0.3,0.1,0.2,0,40665.3,1
151,17,3,0.2,0.1,0.2,0.5,0.5,0,0.5,0.4,0.2,0.3,0.1,60997.9,1
151,20,2,0.2,0.1,0.1,0.3,0.3,0,0.4,0.3,0.1,0.2,0,40665.3,1
151,44,11,0.2,0.7,0.3,1.3,2,0,2.5,3,0.2,0.3,0.5,244150.3,1
151,46,7,0.1,0.5,0.2,0.8,1.3,0,1.6,1.9,0.1,0.2,0.3,155368.3,1
151,47,24.5,1.7,1.7,0.8,6.8,4.5,1.1,1.7,2.8,1.1,2.3,0,494792.7,1
151,48,2,0.1,0.1,0.1,0.6,0.4,0.1,0.1,0.2,0.1,0.2,0,40391.2,1
151,49,2,0.1,0.1,0.1,0.6,0.4,0.1,0.1,0.2,0.1,0.2,0,40391.2,1
151,68,2,0.1,0.1,0,0.6,0.3,0,0.5,0.2,0.1,0.1,0,39603.1,1
151,69,2,0.1,0.1,0,0.6,0.3,0,0.5,0.2,0.1,0.1,0,39603.1,1
151,71,10,0.7,0.4,0,3.1,1.4,0,2.4,1,0.3,0.7,0,198015.5,1
151,72,90,9,11,0,20,17,3,5,5,15,4,1,1687955.4,0
151,73,58,2,8,2,17,13,1,7,3,4,0,1,1201366.5,0
151,74,15,1.5,0.8,0.3,5.3,2.2,0.2,1.2,1.1,1.5,0.6,0.3,332860.1,1
151,75,19,1.9,1,0.4,6.7,2.7,0.2,1.6,1.4,1.9,0.8,0.4,421622.8,1
151,76,12,1.2,0.6,0.3,4.2,1.7,0.1,1,0.9,1.2,0.5,0.3,266288.1,1
151,77,7,0.7,0.4,0.2,1.3,1.3,0.2,0.9,0.7,1.1,0.1,0.1,161910.9,1
151,78,17,1.6,0.9,0.5,3,3,0.5,2.2,1.8,2.7,0.4,0.4,393212.2,1
151,79,2,0.2,0.1,0.1,0.4,0.4,0.1,0.2,0.2,0.3,0,0,46260.3,1
151,80,11,1,0.6,0.4,2,2,0.3,1.4,1.2,1.7,0.2,0.2,254431.4,1
151,90,2,0.1,0.1,0.1,0.2,0.5,0,0.2,0.4,0.1,0.3,0,36756.1,1
151,91,5,0.1,0.3,0.2,0.5,1.3,0,0.5,1.1,0.2,0.8,0,91890.3,1
151,94,4,0.1,0.1,0.1,1,0.4,0.1,0.8,0.5,0.5,0.3,0.1,87730.2,1
151,95,5,0.1,0.2,0.2,1.3,0.5,0.1,0.9,0.7,0.6,0.3,0.1,109662.7,1
151,96,2,0,0.1,0.1,0.5,0.2,0,0.4,0.3,0.3,0.1,0,43865.1,1
151,109,3,0.1,0.2,0.2,0.4,0.7,0,0.4,0.6,0.4,0,0,61900.5,1
151,110,4,0.1,0.2,0.2,0.5,0.9,0.1,0.5,0.8,0.5,0.1,0.1,82534,1
151,111,35,1,2,4,5,8,0,8,3,0,4,0,840053.7,0
151,112,74,2,16,7,7,23,0,2,2,7,1,7,1461691.1,0
151,113,27,0.4,2.6,3.3,1.8,6.7,0.4,3.3,5.9,1.1,1.5,0,590254.5,1
151,114,16,0.2,1.5,2,1.1,3.9,0.2,2,3.5,0.7,0.9,0,349780.4,1
151,115,129,0,12,10,19,40,0,26,10,8,0,4,2523406.3,0
151,116,71,4,7,3,16,13,5,9,5,7,1,1,1374631.8,0
151,118,17,0.2,2,1.8,2.1,4.1,0.6,2.1,1.8,0.8,1.3,0.2,374569.7,1
151,122,6,0.1,0.9,0.6,0.6,1.4,0.2,1.1,0.4,0.4,0.2,0.1,130917.1,1
151,127,3,0,0.4,0.3,0.3,0.7,0.1,0.6,0.2,0.2,0.1,0.1,65458.6,1
151,132,4,0.3,0.5,0.3,0.7,0.7,0.1,0.4,0.3,0.5,0.1,0.1,86270.9,1
151,150,9,0.6,0,0.6,1.2,1.3,0.3,1.6,2.5,0.3,0.3,0.3,197987.3,1
151,151,44.5,4,2,2,8,6,0,5,8,2.5,7,0,772110.7,0
151,152,89,4,12.5,3,21,11,2.5,8,9,7,10,1,1645933.7,0
151,153,13,0.4,1.2,1.2,2.3,2.3,0.4,0.8,2,0.4,1.6,0.4,253272.4,1
151,154,104.5,5,16,7,25,24,3.5,3,1,19,1,0,1967921.9,0
151,155,34,4,4,0,13,8,1,1,0,2,1,0,670316.7,0
151,159,7,0,0.6,0.6,0.7,1.3,0.2,1.5,0.5,0.6,0.8,0.2,122157.6,1
151,171,8,0.5,0.7,0.5,0.9,1.7,0.1,1.4,0.8,0.3,1.1,0,158441.3,1
151,177,1,0,0.1,0,0.1,0.3,0,0.1,0.1,0,0.2,0.1,23169.7,1
151,182,17,1.2,0.6,0.6,3.2,2,0.2,4.1,4.1,0.4,0.6,0,372989,1
151,185,4,0.3,0.1,0.1,0.8,0.5,0,1,1,0.1,0.1,0,87762.1,1
151,186,76.5,5,5,4.5,11,22,3,6,13,1,2,4,1690298.8,0
151,187,4,0,0,0.1,0.3,0.5,0.1,0.7,1.6,0.1,0.5,0.1,94922.7,1
151,189,12,0,0,0.4,1,1.6,0.2,2,4.8,0.2,1.4,0.4,284768.1,1
151,190,9,0,0,0.3,0.8,1.2,0.1,1.5,3.6,0.1,1.1,0.3,213576.1,1
151,193,6,0.6,0.5,0,0.7,1.6,0,0.7,0.1,0.9,0.4,0.5,135621,1
151,195,9,0.9,0.7,0,1.1,2.4,0,1.1,0.2,1.3,0.6,0.7,203431.5,1
151,198,5,0.2,0.4,0.2,1.3,0.7,0.2,0.4,0.9,0,0.7,0,115634.2,1
151,201,9,0.3,0.7,0.4,2.3,1.3,0.3,0.7,1.7,0,1.3,0,208141.5,1
151,202,8,0.2,0.7,0.4,1.3,1.4,0.3,1.3,0.8,0.4,0.8,0.4,150367.8,1
151,203,2,0.1,0.2,0.1,0.3,0.3,0.1,0.3,0.2,0.1,0.2,0.1,37591.9,1
151,204,2,0.1,0.2,0.1,0.3,0.3,0.1,0.3,0.2,0.1,0.2,0.1,37591.9,1
151,209,14,0,1,1,2.2,3.4,0.2,2.4,2.1,1,0.5,0.2,315858.9,1
151,210,4,0,0.3,0.3,0.6,1,0,0.7,0.6,0.3,0.1,0.1,90245.4,1
151,211,2,0,0.2,0.2,0.3,0.5,0,0.3,0.3,0.1,0.1,0,45122.7,1
151,213,2,0.1,0.2,0.1,0.3,0.4,0,0.3,0.3,0.2,0,0.1,47080.6,1
151,214,12,0.5,0.9,0.5,1.6,2.7,0.2,1.7,2.1,0.9,0.3,0.6,282483.4,1
151,216,7,0.3,0.5,0.3,0.9,1.6,0.1,1,1.2,0.5,0.2,0.4,164782,1
151,218,2,0.1,0.3,0,0.3,0.3,0.1,0.5,0.3,0.1,0,0,49814.4,1
151,220,3,0.1,0.4,0,0.5,0.5,0.2,0.7,0.5,0.1,0,0,74721.7,1
151,221,12,0.3,1.5,0.2,1.9,2.1,0.9,2.7,1.9,0.3,0,0.2,298886.6,1
151,222,2,0.1,0.2,0.1,0.4,0.4,0.1,0.1,0.3,0.1,0.2,0,41748.3,1
151,223,3,0.2,0.3,0.1,0.5,0.6,0.2,0.2,0.4,0.2,0.2,0.1,62622.5,1
151,225,22,1.1,2.3,0.9,3.9,4.2,1.6,1.1,3.1,1.6,1.8,0.4,459231.8,1
151,226,14,0.7,1.5,0.6,2.5,2.6,1,0.7,2,1,1.1,0.3,292238.4,1
151,229,3,0.3,0.2,0.1,0.8,0.6,0.2,0.3,0.3,0.1,0,0.1,63033.9,1
151,238,1,0.1,0,0,0.3,0.1,0.1,0.2,0.2,0,0,0,21323.9,1
151,239,2,0.2,0.1,0.1,0.6,0.1,0.2,0.4,0.3,0,0,0,42647.7,1
151,242,14,0.2,2.1,0.2,0.7,3.5,0.7,1.9,1,1.6,0.5,1.6,261294.3,1
151,244,3,0,0.4,0,0.2,0.7,0.2,0.4,0.2,0.4,0.1,0.4,55991.6,1
151,254,4,0.5,0.2,0.3,1.2,0.7,0,0.4,0.5,0.2,0,0,90199.3,1
152,8,2,0,0.1,0.2,0.3,0.3,0.1,0.3,0.4,0.2,0,0.1,42931.8,1
152,9,4,0.1,0.2,0.3,0.6,0.6,0.2,0.6,0.8,0.4,0,0.2,85863.6,1
152,17,2,0.1,0.2,0.1,0.2,0.5,0,0.6,0.1,0.1,0.1,0,35656.7,1
152,20,1,0,0.1,0.1,0.1,0.3,0,0.3,0.1,0,0,0,17828.4,1
152,40,2,0,0.1,0.1,0.7,0.3,0,0.4,0.2,0.1,0.1,0,46252.1,1
152,43,3,0.1,0.4,0.2,0.5,0.5,0.1,0.4,0.6,0.2,0,0,61254.9,1
152,45,17,0.8,2,0.9,2.8,3.1,0.6,2,3.4,0.8,0.3,0.3,347111.2,1
152,46,2,0.1,0.2,0.1,0.3,0.4,0.1,0.3,0.4,0.1,0,0,40836.6,1
152,47,59,9,3,3,13,10,1,10,6,3,0,1,1168969,0
152,48,21,1.2,3.7,0.9,3.2,3.9,1.4,2.3,1.2,1.8,1.4,0,414860.9,1
152,51,3,0.2,0.5,0.1,0.5,0.5,0.2,0.3,0.2,0.3,0.2,0,59265.8,1
152,55,4,0.2,0.1,0.2,1,0.5,0.2,0.9,0.2,0.3,0.3,0.1,74922.6,1
152,58,5,0.2,0.1,0.2,1.3,0.7,0.2,1.1,0.2,0.5,0.4,0.1,93653.3,1
152,59,3,0.1,0.1,0.1,0.8,0.4,0.1,0.7,0.1,0.3,0.2,0.1,56192,1
152,65,2,0,0,0.2,0,0.7,0,0.4,0.2,0.2,0.2,0.1,39019.6,1
152,68,9,0.4,0.8,0.6,3.7,1.1,0.6,0.2,0.8,0.8,0,0,194783.1,1
152,71,6,0.3,0.5,0.4,2.5,0.7,0.4,0.1,0.6,0.5,0,0,129855.4,1
152,72,124,17,9.5,5,47,16,9.5,5,0,12,2,1,2398531.9,0
152,73,81,4,5,1,17,5,4,15,16,7,7,0,1570015.2,0
152,74,61,3,6,4,13,13,3,1,11,3,3,1,1239643,0
152,75,55,4,6,6,8,13,4,0,9,4,0,1,999673.1,0
152,76,59,2,10,1,9,15,3,6,8,4,1,0,1192331.5,0
152,78,5,0.5,0.5,0,0.8,1,0.2,0.7,0.4,0.5,0.3,0.1,95168.2,1
152,79,2,0.2,0.2,0,0.3,0.4,0.1,0.3,0.2,0.2,0.1,0,38067.3,1
152,88,3,0,0.3,0.1,0.5,0.5,0,0.6,0.5,0.2,0.2,0.1,58782.1,1
152,101,5,0.1,0.8,0.2,0.7,1.5,0.1,0.3,0.4,0.6,0,0.3,112626.9,1
152,104,11,0.4,0,0,1.2,2.4,0,3.1,2.7,0,0.8,0.4,236749.8,1
152,105,2,0.1,0,0,0.2,0.4,0,0.6,0.5,0,0.1,0.1,43045.4,1
152,107,3,0.2,0.1,0.2,1,0.4,0,0.2,0.3,0.6,0,0,63225.4,1
152,109,4,0.3,0.1,0.3,1.3,0.4,0.1,0.2,0.4,0.8,0.1,0,84300.5,1
152,110,87,7,5,1,33,12,6,7,8,8,0,0,1990979.6,0
152,111,124,9,12,13,21,34,3,9,11,8,3,1,2519588.2,0
152,112,75,5,13,4,9,14,4,11,10,4,1,0,1612239.2,0
152,113,33,0.9,2.7,1.2,4.2,7.3,0.6,5.5,4.3,3,1.2,2.1,889738.3,1
152,114,9,0.2,0.7,0.3,1.2,2,0.2,1.5,1.2,0.8,0.3,0.6,242655.9,1
152,115,21,0.6,1.7,0.8,2.7,4.6,0.4,3.5,2.7,1.9,0.8,1.3,566197.1,1
152,116,4,0.1,0.3,0.1,0.5,0.9,0.1,0.7,0.5,0.4,0.1,0.3,107847.1,1
152,118,2,0,0.2,0,0.4,0.5,0.2,0.1,0.4,0.1,0.1,0,46344,1
152,121,4,0.1,0.4,0,0.7,1,0.4,0.2,0.7,0.2,0.3,0,92687.9,1
152,122,5,0.6,0.3,0.5,1.2,1.4,0.1,0.2,0.2,0,0.3,0.2,100087.3,1
152,137,5,0.2,0.3,0,1,0.7,0.2,1,0.7,0.4,0.5,0,105342.1,1
152,150,3,0.1,0.4,0.1,0.3,0.9,0.1,0.4,0.4,0.1,0.1,0.1,72820.4,1
152,151,35,0.8,4.7,0.8,4,10.3,1.6,4.8,4,0.8,1.6,1.6,849571.2,1
152,152,33,3.4,4,1.7,8.5,8,0.9,2.3,0,3.1,0,1.1,747061.2,1
152,153,5,0.5,0.6,0.3,1.3,1.2,0.1,0.3,0,0.5,0,0.2,113191.1,1
152,154,2,0.2,0.2,0.1,0.5,0.5,0.1,0.1,0,0.2,0,0.1,45276.4,1
152,155,6,0.6,0.7,0.3,1.6,1.4,0.2,0.4,0,0.6,0,0.2,135829.3,1
152,169,2,0,0.4,0,0.3,0.5,0.1,0.2,0.1,0.2,0.1,0.1,37728,1
152,173,2,0.1,0.1,0.1,0.4,0.4,0,0.3,0.3,0.1,0.2,0,40119.9,1
152,177,8,0.5,0.3,0.1,1.7,1.1,0.3,1.3,1.8,0.6,0.3,0,160274.5,1
152,178,3,0.2,0.1,0.1,0.6,0.4,0.1,0.5,0.7,0.2,0.1,0,60102.9,1
152,186,17,0.7,1.5,0.7,4.4,4.1,1.1,1.5,1.1,0.7,0.8,0.4,308198.2,1
152,190,3,0,0.4,0.2,0.7,0.5,0,0.4,0.3,0.3,0.1,0.1,64902.5,1
152,194,3,0.5,0.2,0.2,0.8,0.1,0.1,0.5,0.1,0.2,0.3,0,69600.6,1
152,195,9,1.4,0.6,0.6,2.4,0.4,0.4,1.4,0.4,0.6,0.8,0,208801.7,1
152,200,4,0.2,0.5,0.3,0.7,0.6,0.1,1.2,0.1,0.1,0.2,0,96397.6,1
152,201,25,1.3,3.2,1.9,4.5,3.9,0.6,7.1,0.6,0.6,1.3,0,602485,1
152,202,25,1,1.9,0,5.3,4.3,0.5,4.8,2.9,2.4,1.4,0.5,519906,1
152,203,1,0,0.1,0,0.2,0.2,0,0.2,0.1,0.1,0.1,0,20796.2,1
152,208,3,0.2,0.1,0.1,0.7,0.5,0.2,0.5,0.2,0.2,0.2,0.1,64705.6,1
152,209,14,1.2,0.6,0.6,3.4,2.2,0.7,2.2,1,0.9,0.7,0.5,301959.5,1
152,211,3,0.2,0.1,0.1,0.7,0.5,0.2,0.5,0.2,0.2,0.2,0.1,64705.6,1
152,212,18,1.4,1.6,0.3,4.2,3.1,0.6,1.6,2.5,2,0.7,0,424110.8,1
152,213,7,0.5,0.6,0.1,1.7,1.2,0.2,0.6,1,0.8,0.3,0,164932,1
152,214,10,0.8,0.9,0.1,2.4,1.7,0.3,0.9,1.4,1.1,0.4,0,235617.1,1
152,215,10,0.8,0.9,0.1,2.4,1.7,0.3,0.9,1.4,1.1,0.4,0,235617.1,1
152,221,3,0.1,0.3,0.3,0.6,0.8,0.1,0.2,0.2,0.2,0.1,0.1,66019.5,1
152,222,6,0.3,0.1,0.1,1.4,1.5,0.1,1.3,0.6,0.4,0,0.2,138876.3,1
152,223,9,0.4,0.2,0.2,2.1,2.3,0.2,1.9,0.9,0.6,0,0.2,208314.5,1
152,233,8,0.8,0.8,0.2,2,2.2,0.1,0.6,0.7,0.6,0,0,186197.8,1
152,239,3,0.3,0.3,0.1,0.8,0.8,0.1,0.2,0.2,0.2,0,0,69824.2,1
152,245,1,0.1,0.1,0,0.2,0.3,0,0.1,0.1,0.1,0,0,23274.7,1
152,254,3,0.1,0.4,0.1,0.2,1.1,0.1,0.2,0.2,0.4,0,0.2,60692.5,1
153,2,1,0,0,0.1,0.2,0.2,0,0.2,0.2,0.1,0,0,21465.9,1
153,9,2,0,0.1,0.2,0.3,0.3,0.1,0.3,0.4,0.2,0,0.1,42931.8,1
153,41,27,0.8,0.8,1.7,9.3,4.2,0,5.1,3.4,0.8,0.9,0,624403.3,1
153,42,5,0.2,0.6,0.3,0.8,0.9,0.2,0.6,1,0.2,0.1,0.1,102091.5,1
153,45,7,0.3,0.8,0.4,1.2,1.3,0.2,0.8,1.4,0.4,0.1,0.1,142928.2,1
153,46,55,1,3,2,9,6,1,11,9,6,7,0,1033186.5,0
153,47,56,3.1,9.8,2.5,8.6,10.5,3.7,6.1,3.1,4.9,3.7,0,1106295.7,1
153,49,2,0.1,0.4,0.1,0.3,0.4,0.1,0.2,0.1,0.2,0.1,0,39510.6,1
153,50,2,0.1,0.4,0.1,0.3,0.4,0.1,0.2,0.1,0.2,0.1,0,39510.6,1
153,53,2,0.1,0,0.1,0.5,0.3,0.1,0.5,0.1,0.2,0.1,0,37461.3,1
153,64,7,0,0.2,0.6,0.2,2.4,0.1,1.2,0.6,0.8,0.6,0.3,136568.5,1
153,71,15,0.7,1.4,1,6.1,1.7,1,0.3,1.4,1.4,0,0,324638.4,1
153,72,72,1,4,3,18,11,4.5,11,10,6.5,3,0,1522858,0
153,73,70,5,2,5,9,11,2,22,10,0,1,3,1385591.8,0
153,74,69.5,0,3.5,5,13,16,1,11,7,5,8,0,1380434.7,0
153,75,99,4,7,4,20,14,1,29,6,7,7,0,2188187.4,0
153,76,54,2,8,3,14,8,4,2,1,10,2,0,1046689.7,0
153,80,2,0.2,0.2,0,0.3,0.4,0.1,0.3,0.2,0.2,0.1,0,38067.3,1
153,87,2,0,0.2,0.1,0.4,0.4,0,0.4,0.3,0.1,0.1,0,39188.1,1
153,93,4,0.2,0.3,0.2,0.6,0.8,0.2,0.7,0.2,0.4,0.2,0.2,91399,1
153,105,4,0.1,0,0,0.4,0.9,0,1.1,1,0,0.3,0.2,86090.8,1
153,107,6,0.4,0.2,0.4,2,0.7,0.1,0.3,0.6,1.2,0.1,0,126450.7,1
153,109,27,1.9,0.8,1.9,8.9,3.1,0.4,1.5,2.7,5.4,0.4,0,569028.2,1
153,110,130,14,13.5,7,27,25,8,11,6,13.5,5,0,2321780.6,0
153,111,118.5,4,21,9,14,31,5,5,5,16.5,0,8,1934143.2,0
153,112,40,1,3,3,7,6,1,10,6,2,1,0,794376.1,0
153,113,34,1,4,1,11,5,2,3,0,6,1,0,855597.4,0
153,114,18,0.5,1.5,0.7,2.3,4,0.3,3,2.3,1.6,0.7,1.1,485311.8,1
153,117,5,0.1,0.5,0,0.9,1.2,0.5,0.3,0.9,0.3,0.3,0,115859.9,1
153,121,2,0,0.2,0,0.4,0.5,0.2,0.1,0.4,0.1,0.1,0,46344,1
153,127,1,0.1,0.1,0.1,0.3,0.3,0,0,0,0,0.1,0,20017.5,1
153,134,2,0.1,0.1,0,0.4,0.2,0.1,0.4,0.3,0.2,0.2,0,42136.9,1
153,135,4,0.2,0.3,0,0.8,0.5,0.2,0.8,0.5,0.3,0.4,0,84273.7,1
153,141,2,0.1,0.1,0,0.4,0.2,0.1,0.4,0.3,0.2,0.2,0,42136.9,1
153,145,8,0.5,0.5,0.7,1.5,0.8,0,1.5,1.5,0.7,0,0.3,127627.7,1
153,155,3,0.3,0.4,0.1,0.8,0.7,0.1,0.2,0,0.3,0,0.1,67914.7,1
153,160,6,0,0.8,0,0.7,1.1,0.1,1,1.8,0.3,0.2,0,103727.3,1
153,169,2,0,0.4,0,0.3,0.5,0.1,0.2,0.1,0.2,0.1,0.1,37728,1
153,175,2,0.1,0.1,0.1,0.4,0.4,0,0.3,0.3,0.1,0.2,0,40119.9,1
153,177,5,0.3,0.2,0.1,1.1,0.7,0.2,0.8,1.1,0.3,0.2,0,100171.5,1
153,178,4,0.3,0.1,0.1,0.9,0.6,0.1,0.6,0.9,0.3,0.1,0,80137.2,1
153,179,5,0.3,0.2,0.1,1.1,0.7,0.2,0.8,1.1,0.3,0.2,0,100171.5,1
153,189,8,0,0.9,0.5,1.8,1.4,0.1,1,0.8,0.9,0.3,0.3,173073.5,1
153,190,15,0,1.8,1,3.4,2.6,0.1,1.8,1.4,1.8,0.6,0.5,324512.7,1
153,194,2,0.3,0.1,0.2,0.5,0.1,0.1,0.3,0.1,0.1,0.2,0,46400.4,1
153,195,17.5,2.7,1.2,1.2,4.7,0.8,0.8,2.7,0.8,1.1,1.5,0,406003.2,1
153,201,4,0.2,0.5,0.3,0.7,0.6,0.1,1.2,0.1,0.1,0.2,0,96397.6,1
153,202,6,0.2,0.5,0,1.3,1,0.1,1.2,0.7,0.6,0.3,0.1,124777.4,1
153,203,4,0.1,0.3,0,0.8,0.7,0.1,0.8,0.5,0.4,0.2,0.1,83185,1
153,204,2,0.1,0.2,0,0.4,0.4,0,0.4,0.2,0.2,0.1,0,41592.5,1
153,208,12,1,0.5,0.5,2.9,1.9,0.6,1.9,0.9,0.8,0.6,0.4,258822.4,1
153,209,24,2,1,1,5.8,3.8,1.3,3.8,1.8,1.5,1.3,0.7,517644.9,1
153,210,18,1.5,0.8,0.8,4.4,2.8,0.9,2.8,1.3,1.1,1,0.6,388233.7,1
153,211,8,0.7,0.3,0.3,1.9,1.3,0.4,1.3,0.6,0.5,0.4,0.3,172548.3,1
153,212,32,2.5,2.8,0.5,7.6,5.5,1,2.8,4.5,3.5,1.3,0,753974.8,1
153,213,2,0.1,0.2,0,0.5,0.3,0.1,0.2,0.3,0.2,0.1,0,47123.4,1
153,217,2,0,0.2,0.2,0.4,0.5,0.1,0.1,0.2,0.1,0.1,0.1,44013,1
153,218,3,0.1,0.3,0.3,0.6,0.8,0.1,0.2,0.2,0.2,0.1,0.1,66019.5,1
153,221,2,0,0.2,0.2,0.4,0.5,0.1,0.1,0.2,0.1,0.1,0.1,44013,1
153,222,1,0.1,0,0,0.2,0.3,0,0.2,0.1,0.1,0,0,23146.1,1
153,223,2,0.1,0,0.1,0.5,0.5,0,0.4,0.2,0.1,0,0.1,46292.1,1
153,232,11,1,1.1,0.3,2.8,3,0.1,0.9,0.9,0.9,0,0,256022,1
153,234,3.5,0.3,0.3,0.1,0.9,1,0,0.3,0.3,0.3,0,0,81461.5,1
153,239,7,0.6,0.7,0.2,1.8,1.9,0.1,0.6,0.6,0.5,0,0,162923.1,1
153,247,1,0.1,0.1,0,0.2,0.3,0,0.1,0.1,0.1,0,0,23274.7,1
154,3,4,0.1,0.2,0.3,0.6,0.6,0.2,0.6,0.8,0.4,0,0.2,85863.6,1
154,6,2,0,0.1,0.2,0.3,0.3,0.1,0.3,0.4,0.2,0,0.1,42931.8,1
154,7,2,0,0.1,0.2,0.3,0.3,0.1,0.3,0.4,0.2,0,0.1,42931.8,1
154,8,3,0,0.2,0.2,0.5,0.5,0.1,0.5,0.6,0.3,0,0.1,64397.7,1
154,42,2,0.1,0.2,0.1,0.3,0.4,0.1,0.3,0.4,0.1,0,0,40836.6,1
154,45,7,0.3,0.8,0.4,1.2,1.3,0.2,0.8,1.4,0.4,0.1,0.1,142928.2,1
154,46,46,1,0,2,7,8,0,12,10,1,5,0,1006504.4,0
154,47,67,2,8,4,8,14,0,14,4,8,3,2,1250065.2,0
154,52,2,0.1,0,0.1,0.5,0.3,0.1,0.5,0.1,0.2,0.1,0,37461.3,1
154,73,4,0.2,0.5,0.3,1,0.6,0,0.5,0.2,0,0.7,0,81284.2,1
154,74,7,0.3,0.9,0.6,1.7,1.1,0,0.9,0.3,0,1.2,0,142247.3,1
154,75,49,0,6,6,3,23,1,7,1,1,0,1,1146267.6,0
154,76,10,0.4,1.2,0.8,2.5,1.7,0,1.3,0.4,0,1.7,0,203210.4,1
154,78,7,0.7,0.8,0,1.1,1.4,0.2,1,0.5,0.8,0.4,0.1,133235.4,1
154,87,5,0.1,0.4,0.2,0.9,0.9,0,1.1,0.8,0.2,0.3,0.1,97970.1,1
154,88,2,0,0.2,0.1,0.4,0.4,0,0.4,0.3,0.1,0.1,0,39188.1,1
154,93,11,0.5,0.8,0.6,1.7,2.1,0.4,2,0.6,1.1,0.6,0.6,251347.3,1
154,94,3,0.1,0.2,0.1,0.5,0.6,0.1,0.5,0.2,0.3,0.2,0.2,68549.3,1
154,95,6,0.3,0.5,0.3,0.9,1.2,0.2,1.1,0.3,0.6,0.3,0.3,137098.5,1
154,99,5,0.1,0.8,0.2,0.7,1.5,0.1,0.3,0.4,0.6,0,0.3,112626.9,1
154,110,19,1.3,0.5,1.4,6.2,2.2,0.3,1.1,1.9,3.8,0.3,0,400427.3,1
154,111,40,1,5,1,8,10,3,1,5,6,0,0,778415.2,0
154,112,37,0,6,2,4,12,2,2,2,2,0,5,869830.7,0
154,113,10,0.3,0.8,0.4,1.3,2.2,0.2,1.6,1.3,0.9,0.4,0.6,269617.7,1
154,115,1,0,0.1,0,0.1,0.2,0,0.2,0.1,0.1,0.1,0.1,26961.8,1
154,116,3,0.1,0.2,0.1,0.4,0.7,0,0.5,0.4,0.3,0.1,0.2,80885.3,1
154,121,2,0,0.2,0,0.4,0.5,0.2,0.1,0.4,0.1,0.1,0,46344,1
154,122,2,0.3,0.1,0.2,0.5,0.5,0,0.1,0.1,0,0.1,0.1,40034.9,1
154,134,2,0.1,0.1,0,0.4,0.2,0.1,0.4,0.3,0.2,0.2,0,42136.9,1
154,135,8,0.3,0.5,0,1.6,1,0.4,1.6,1,0.7,0.9,0,168547.4,1
154,143,2,0.1,0.1,0.2,0.4,0.2,0,0.4,0.4,0.2,0,0,31906.9,1
154,149,2,0,0.3,0.1,0.2,0.6,0.1,0.3,0.2,0,0.1,0.1,48546.9,1
154,159,2,0,0.3,0,0.2,0.4,0,0.3,0.6,0.1,0.1,0,34575.8,1
154,160,3,0,0.4,0,0.3,0.6,0.1,0.5,0.9,0.1,0.1,0,51863.6,1
154,163,3,0,0.6,0,0.5,0.7,0.1,0.3,0.1,0.4,0.1,0.2,56591.9,1
154,178,2,0.1,0.1,0,0.4,0.3,0.1,0.3,0.5,0.1,0.1,0,40068.6,1
154,179,9,0.6,0.3,0.2,1.9,1.3,0.3,1.4,2.1,0.6,0.3,0,180308.8,1
154,183,7,0.3,0.6,0.3,1.8,1.7,0.5,0.6,0.5,0.3,0.3,0.1,126905.1,1
154,188,2,0,0.2,0.1,0.5,0.4,0,0.2,0.2,0.2,0.1,0.1,43268.4,1
154,189,17,0,2,1.1,3.8,2.9,0.2,2,1.7,2,0.7,0.6,367781.1,1
154,190,7,0,0.8,0.5,1.6,1.2,0.1,0.8,0.7,0.8,0.3,0.2,151439.3,1
154,195,7,1.1,0.5,0.5,1.9,0.3,0.3,1.1,0.3,0.4,0.6,0,162401.3,1
154,205,5,0.2,0.4,0,1,0.9,0.1,0.9,0.6,0.5,0.3,0.1,103981.2,1
154,206,9,0.3,0.7,0,1.9,1.6,0.2,1.7,1,0.9,0.5,0.2,187166.2,1
154,212,12,1,1,0.2,2.8,2.1,0.4,1,1.7,1.3,0.5,0,282740.6,1
154,217,4,0.1,0.4,0.4,0.8,1,0.1,0.3,0.3,0.3,0.2,0.1,88026,1
154,221,7,0.2,0.7,0.7,1.5,1.8,0.2,0.4,0.6,0.4,0.3,0.2,154045.4,1
154,222,2,0.1,0,0.1,0.5,0.5,0,0.4,0.2,0.1,0,0.1,46292.1,1
154,223,4,0.2,0.1,0.1,0.9,1,0.1,0.8,0.4,0.3,0,0.1,92584.2,1
154,238,2,0.2,0.2,0,0.5,0.5,0,0.2,0.2,0.2,0,0,46549.5,1
155,3,5,0.1,0.3,0.3,0.8,0.8,0.3,0.8,1,0.4,0,0.2,107329.5,1
155,6,6,0.1,0.3,0.4,1,1,0.3,1,1.2,0.5,0,0.2,128795.4,1
155,17,2,0.1,0.2,0.1,0.2,0.5,0,0.6,0.1,0.1,0.1,0,35656.7,1
155,36,17,0,3.8,0,1.4,4.7,0,1.4,1,2.8,1.9,0,364936.4,1
155,44,3,0.1,0.4,0.2,0.5,0.5,0.1,0.4,0.6,0.2,0,0,61254.9,1
155,45,10,0.5,1.1,0.5,1.7,1.8,0.3,1.2,2,0.5,0.2,0.2,204183.1,1
155,46,60,0,11,5,1,20,0,9,8,2,4,0,1102982.6,0
155,47,7,0.4,1.2,0.3,1.1,1.3,0.4,0.8,0.4,0.6,0.5,0,138287,1
155,69,12,0.5,1.1,0.8,4.9,1.4,0.8,0.3,1.1,1.1,0,0,259710.8,1
155,76,3,0.1,0.4,0.2,0.8,0.5,0,0.4,0.1,0,0.5,0,60963.1,1
155,78,10,0.9,1.1,0,1.6,2,0.3,1.4,0.8,1.1,0.6,0.2,190336.3,1
155,79,11,1,1.2,0,1.7,2.2,0.3,1.6,0.9,1.2,0.7,0.2,209369.9,1
155,82,2,0,0.2,0.1,0.4,0.4,0,0.4,0.3,0.1,0.1,0,39188.1,1
155,85,1,0,0.1,0,0.2,0.2,0,0.2,0.2,0,0.1,0,19594,1
155,90,2,0,0.2,0.1,0.4,0.4,0,0.4,0.3,0.1,0.1,0,39188.1,1
155,94,30,1.5,2.3,1.5,4.6,5.8,1.2,5.4,1.5,3.1,1.5,1.6,685492.6,1
155,95,101,4,14,7,16,20,2,9,11,14,4,0,1973714.9,0
155,96,54,3,5,2,4,13,1,4,15,2,4,1,1077939.5,0
155,97,60,3,9,5,8,22,1,1,2,5,0,4,1298345.4,0
155,98,25.5,0.5,4.3,1,3.6,7.6,0.5,1.5,2,3,0,1.5,574397.1,1
155,99,32,2,5,0,12,2,2,4,1,3,1,0,659020.2,0
155,100,8,0.2,1.3,0.3,1.1,2.4,0.2,0.5,0.6,0.9,0,0.5,180203,1
155,110,3,0.2,0.1,0.2,1,0.4,0,0.2,0.3,0.6,0,0,63225.4,1
155,111,4,0.3,0.1,0.3,1.3,0.4,0.1,0.2,0.4,0.8,0.1,0,84300.5,1
155,113,2,0,0.2,0.1,0.3,0.4,0,0.3,0.3,0.2,0.1,0.1,53923.5,1
155,122,2,0.3,0.1,0.2,0.5,0.5,0,0.1,0.1,0,0.1,0.1,40034.9,1
155,125,6,0.7,0.4,0.6,1.5,1.6,0.1,0.2,0.2,0,0.4,0.3,120104.8,1
155,132,8,0.3,0.5,0,1.6,1,0.4,1.6,1,0.7,0.9,0,168547.4,1
155,135,1,0,0.1,0,0.2,0.1,0.1,0.2,0.1,0.1,0.1,0,21068.4,1
155,148,4,0.1,0.5,0.1,0.4,1.2,0.2,0.5,0.5,0.1,0.2,0.2,97093.8,1
155,165,4,0.1,0.8,0,0.6,0.9,0.1,0.4,0.2,0.5,0.2,0.2,75455.9,1
155,176,2,0.1,0.1,0.1,0.4,0.4,0,0.3,0.3,0.1,0.2,0,40119.9,1
155,178,4,0.3,0.1,0.1,0.9,0.6,0.1,0.6,0.9,0.3,0.1,0,80137.2,1
155,179,2,0.1,0.1,0,0.4,0.3,0.1,0.3,0.5,0.1,0.1,0,40068.6,1
155,181,1,0.1,0,0,0.2,0.2,0,0.2,0.2,0.1,0,0,20034.3,1
155,188,1,0,0.1,0.1,0.2,0.2,0,0.1,0.1,0.1,0.1,0,21634.2,1
155,189,19,0,2.3,1.2,4.3,3.3,0.2,2.3,1.8,2.2,0.8,0.6,411049.5,1
155,200,2,0.1,0.3,0.2,0.4,0.3,0,0.6,0,0,0.1,0,48198.8,1
155,207,2,0.2,0.1,0.1,0.5,0.3,0.1,0.3,0.1,0.1,0.1,0.1,43137.1,1
155,213,8,0.6,0.7,0.1,1.9,1.4,0.3,0.7,1.1,0.9,0.3,0,188493.7,1
155,214,5,0.4,0.4,0.1,1.2,0.9,0.2,0.4,0.7,0.5,0.2,0,117808.6,1
155,215,2,0.1,0.2,0,0.5,0.3,0.1,0.2,0.3,0.2,0.1,0,47123.4,1
155,217,1,0,0.1,0.1,0.2,0.3,0,0.1,0.1,0.1,0,0,22006.5,1
155,220,12,0.2,1.3,1.3,2.5,3.1,0.2,0.8,1,0.8,0.5,0.3,264077.9,1
155,221,5,0.1,0.5,0.6,1.1,1.3,0.1,0.3,0.4,0.3,0.2,0.1,110032.4,1
155,239,2,0.2,0.2,0,0.5,0.5,0,0.2,0.2,0.2,0,0,46549.5,1
156,10,7,0.1,0.4,0.5,1.1,1.1,0.4,1.1,1.4,0.6,0,0.3,150261.3,1
156,18,2,0.1,0.2,0.1,0.2,0.5,0,0.6,0.1,0.1,0.1,0,35656.7,1
156,36,2,0,0.4,0,0.2,0.6,0,0.2,0.1,0.3,0.2,0,42933.7,1
156,40,3,0.1,0.1,0.2,1,0.5,0,0.5,0.4,0.1,0.1,0,69378.1,1
156,45,2,0.1,0.2,0.1,0.3,0.4,0.1,0.3,0.4,0.1,0,0,40836.6,1
156,46,2,0.1,0.2,0.1,0.3,0.4,0.1,0.3,0.4,0.1,0,0,40836.6,1
156,66,5,0,0.1,0.4,0.1,1.8,0.1,0.9,0.4,0.6,0.4,0.2,97548.9,1
156,68,2,0.1,0.2,0.1,0.8,0.2,0.1,0.1,0.2,0.2,0,0,43285.1,1
156,94,24,1.2,1.9,1.2,3.7,4.6,0.9,4.3,1.2,2.5,1.2,1.3,548394.1,1
156,95,46.5,3.5,1,1,14,9,1,5,9,0,2,1,883640.1,0
156,96,65,1,6,3,12,8,2,15,9,2,6,1,1320171.9,0
156,97,79,1,13,8,8,25,1,2,7,5,8,1,1602895.6,0
156,98,77,2,12,2,13,18,2,5,4,16,1,2,1768431.9,0
156,99,68.5,6.5,7,3,22,10,3,10,0,6,0,1,1564493.8,0
156,100,7,0.1,1.2,0.3,1,2.1,0.1,0.4,0.6,0.8,0,0.4,157677.6,1
156,111,4,0.3,0.1,0.3,1.3,0.4,0.1,0.2,0.4,0.8,0.1,0,84300.5,1
156,112,8,0.2,0.7,0.3,1,1.8,0.2,1.3,1,0.7,0.3,0.5,215694.1,1
156,125,2.5,0.3,0.2,0.2,0.6,0.7,0,0.1,0.1,0,0.2,0.1,50043.7,1
156,139,2,0.1,0.1,0,0.4,0.2,0.1,0.4,0.3,0.2,0.2,0,42136.9,1
156,153,9,0.9,1.1,0.5,2.3,2.2,0.2,0.6,0,0.9,0,0.3,203744,1
156,159,5,0,0.7,0,0.6,0.9,0.1,0.8,1.5,0.3,0.1,0,86439.4,1
156,161,2,0,0.3,0,0.2,0.4,0,0.3,0.6,0.1,0.1,0,34575.8,1
156,162,3,0,0.6,0,0.5,0.7,0.1,0.3,0.1,0.4,0.1,0.2,56591.9,1
156,164,2,0,0.4,0,0.3,0.5,0.1,0.2,0.1,0.2,0.1,0.1,37728,1
156,167,2,0,0.4,0,0.3,0.5,0.1,0.2,0.1,0.2,0.1,0.1,37728,1
156,175,2,0.1,0.1,0.1,0.4,0.4,0,0.3,0.3,0.1,0.2,0,40119.9,1
156,177,4,0.3,0.1,0.1,0.9,0.6,0.1,0.6,0.9,0.3,0.1,0,80137.2,1
156,178,10,0.7,0.3,0.2,2.1,1.4,0.3,1.6,2.3,0.7,0.4,0,200343.1,1
156,187,4,0,0.5,0.2,0.9,0.7,0,0.5,0.4,0.5,0.2,0.1,86536.7,1
156,189,17,0,2,1.1,3.8,2.9,0.2,2,1.7,2,0.7,0.6,367781.1,1
156,195,6.5,1,0.4,0.5,1.7,0.3,0.3,1,0.3,0.4,0.6,0,150801.2,1
156,199,4,0.2,0.5,0.3,0.7,0.6,0.1,1.2,0.1,0.1,0.2,0,96397.6,1
156,207,7,0.6,0.3,0.3,1.7,1.1,0.4,1.1,0.5,0.4,0.4,0.2,150979.8,1
156,208,4,0.3,0.2,0.2,1,0.6,0.2,0.6,0.3,0.3,0.2,0.1,86274.1,1
156,213,2,0.1,0.2,0,0.5,0.3,0.1,0.2,0.3,0.2,0.1,0,47123.4,1
156,214,17,1.3,1.5,0.3,4,2.9,0.5,1.5,2.4,1.9,0.7,0,400549.1,1
156,215,2,0.1,0.2,0,0.5,0.3,0.1,0.2,0.3,0.2,0.1,0,47123.4,1
156,219,3,0.1,0.3,0.3,0.6,0.8,0.1,0.2,0.2,0.2,0.1,0.1,66019.5,1
156,220,5,0.1,0.5,0.6,1.1,1.3,0.1,0.3,0.4,0.3,0.2,0.1,110032.4,1
156,223,7,0.3,0.2,0.2,1.6,1.8,0.1,1.5,0.6,0.5,0,0.2,162022.4,1
156,238,3,0.3,0.3,0.1,0.8,0.8,0.1,0.2,0.2,0.2,0,0,69824.2,1
157,0,6,0.1,0.1,0.6,1.4,1,0.1,0.5,1,0.5,0.7,0,135481.9,1
157,16,4,0.1,0.3,0.2,0.5,1.1,0.1,1.1,0.2,0.2,0.2,0,71313.4,1
157,21,5,0.2,0.4,0.3,0.6,1.3,0.1,1.3,0.3,0.3,0.2,0,89141.8,1
157,43,3,0.2,0.3,0.4,0.4,0.8,0.1,0.3,0,0.5,0,0,61788.5,1
157,46,8,0.4,0.8,1,1,2.2,0.3,0.9,0,1.4,0,0,164769.2,1
157,52,3,0.1,0.1,0.1,0.8,0.4,0.1,0.7,0.1,0.3,0.2,0.1,56192,1
157,62,4,0,0.1,0.3,0.1,1.4,0.1,0.7,0.3,0.4,0.4,0.2,78039.1,1
157,74,10,0.9,1.1,0,1.6,2,0.3,1.4,0.8,1.1,0.6,0.2,190336.3,1
157,75,5,0.5,0.5,0,0.8,1,0.2,0.7,0.4,0.5,0.3,0.1,95168.2,1
157,86,6,0.5,0.7,0.3,1.3,1.1,0.3,0.6,0.3,0.5,0.3,0.1,114288.9,1
157,94,27.5,3.5,2.5,1.2,6.9,6.4,0.5,0.5,3,1.5,0.5,1,575451.1,1
157,95,78,7,1,8,18,8,6,8,12,4,6,0,1443167.8,0
157,96,61,2,4,1,6,10,1,26,6,1,2,2,1447189.9,0
157,97,21,1.1,1.3,0.5,4,2.7,1.3,6.1,1.3,1.6,0.5,0.6,464337.4,1
157,98,35,1.8,2.2,0.9,6.6,4.4,2.2,10.2,2.2,2.7,0.9,0.9,773895.7,1
157,99,14,0.7,0.9,0.3,2.7,1.8,0.9,4.1,0.9,1.1,0.3,0.3,309558.3,1
157,102,2,0.1,0,0,0.2,0.4,0,0.6,0.5,0,0.1,0.1,43045.4,1
157,110,7,0,1.1,0.7,0,2.2,0,0.7,0.9,0.2,0.4,0.8,138620.8,1
157,111,8,0,1.3,0.8,0,2.5,0,0.8,1.1,0.2,0.4,0.9,158423.8,1
157,112,2,0,0.2,0,0.4,0.5,0.2,0.1,0.4,0.1,0.1,0,46344,1
157,117,2,0,0.2,0,0.4,0.5,0.2,0.1,0.4,0.1,0.1,0,46344,1
157,122,3,0.4,0.2,0.3,0.7,0.8,0.1,0.1,0.1,0,0.2,0.1,60052.4,1
157,123,3,0.4,0.2,0.3,0.7,0.8,0.1,0.1,0.1,0,0.2,0.1,60052.4,1
157,152,6,0,0.8,0,0.7,1.1,0.1,1,1.8,0.3,0.2,0,103727.3,1
157,155,2,0,0.3,0,0.2,0.4,0,0.3,0.6,0.1,0.1,0,34575.8,1
157,157,2,0,0.3,0,0.2,0.4,0,0.3,0.6,0.1,0.1,0,34575.8,1
157,161,9,0,1.3,0,1,1.7,0.2,1.5,2.7,0.4,0.2,0,155590.9,1
157,165,5,0.3,0.6,0.3,0.9,1.2,0.2,0.5,0.3,0.4,0.2,0.1,109480.7,1
157,166,6.5,0.4,0.8,0.4,1.2,1.5,0.2,0.6,0.4,0.6,0.3,0.1,142324.9,1
157,172,4,0.2,0.1,0.2,0.9,0.8,0,0.6,0.5,0.2,0.5,0,80239.8,1
157,177,7,0.3,0.2,0.4,1.6,1.4,0,1.1,0.9,0.3,0.8,0,140419.7,1
157,178,2,0.1,0.1,0.1,0.4,0.4,0,0.3,0.3,0.1,0.2,0,40119.9,1
157,185,1,0,0,0.1,0.2,0.2,0,0.2,0.2,0.1,0,0,19660.9,1
157,199,4,0.3,0.3,0,0.9,0.6,0.1,0.9,0.4,0.2,0.3,0,94662.4,1
157,207,2,0,0.2,0.1,0.3,0.3,0,0.4,0.3,0.2,0,0.2,52949.6,1
157,208,3,0,0.3,0.1,0.4,0.5,0,0.6,0.4,0.3,0.1,0.3,79424.4,1
157,237,11,1,1.1,0.3,2.8,3,0.1,0.9,0.9,0.9,0,0,256022,1
157,238,11,1,1.1,0.3,2.8,3,0.1,0.9,0.9,0.9,0,0,256022,1
158,41,4,0,0.9,0,0.3,1.1,0,0.3,0.2,0.7,0.5,0,85867.4,1
158,45,2,0.1,0.2,0.3,0.3,0.5,0.1,0.2,0,0.3,0,0,41192.3,1
158,47,6,0.3,0.6,0.8,0.8,1.7,0.2,0.6,0,1,0,0,123576.9,1
158,50,9,0.5,1,1.1,1.1,2.5,0.3,1,0,1.5,0,0,185365.4,1
158,51,4,0.2,0.4,0.5,0.5,1.1,0.2,0.4,0,0.7,0,0,82384.6,1
158,58,5,0.2,0.1,0.2,1.3,0.7,0.2,1.1,0.2,0.5,0.4,0.1,93653.3,1
158,59,4,0.2,0.1,0.2,1,0.5,0.2,0.9,0.2,0.3,0.3,0.1,74922.6,1
158,63,2,0,0,0.2,0,0.7,0,0.4,0.2,0.2,0.2,0.1,39019.6,1
158,82,4,0.3,0.5,0.2,0.9,0.7,0.2,0.4,0.2,0.3,0.2,0.1,76192.6,1
158,85,14,1.2,1.7,0.7,3.1,2.5,0.6,1.4,0.7,1.2,0.7,0.2,266674.1,1
158,86,16,1.4,1.9,0.8,3.5,2.9,0.6,1.6,0.9,1.4,0.8,0.2,304770.4,1
158,87,6,0.1,0.5,0.2,1.1,1.1,0,1.3,1,0.3,0.3,0.1,117564.2,1
158,89,2,0,0.2,0.1,0.4,0.4,0,0.4,0.3,0.1,0.1,0,39188.1,1
158,94,50,4,10,0,9,10,5,7,1,4,0,0,1173762.4,0
158,95,56,8,3,3,19,4,3,2,4,9,1,0,1188787.7,0
158,96,16,2,1.4,0.7,4,3.8,0.3,0.3,1.7,0.9,0.3,0.6,334807.9,1
158,100,1,0,0.1,0,0.2,0.1,0.1,0.3,0.1,0.1,0,0,22111.3,1
158,103,2,0.1,0,0,0.2,0.4,0,0.6,0.5,0,0.1,0.1,43045.4,1
158,111,12,0,1.9,1.2,0,3.8,0,1.3,1.6,0.3,0.6,1.3,237635.7,1
158,117,4,0.1,0.4,0,0.7,1,0.4,0.2,0.7,0.2,0.3,0,92687.9,1
158,128,2,0.3,0.1,0.2,0.5,0.5,0,0.1,0.1,0,0.1,0.1,40034.9,1
158,134,3,0.1,0.2,0,0.6,0.4,0.1,0.6,0.4,0.3,0.3,0,63205.3,1
158,135,2,0.1,0.1,0,0.4,0.2,0.1,0.4,0.3,0.2,0.2,0,42136.9,1
158,143,5,0.3,0.3,0.5,0.9,0.5,0,0.9,0.9,0.5,0,0.2,79767.3,1
158,157,4,0,0.6,0,0.5,0.7,0.1,0.6,1.2,0.2,0.1,0,69151.5,1
158,163,7,0.4,0.9,0.4,1.3,1.7,0.2,0.7,0.4,0.6,0.3,0.1,153273,1
158,164,4,0.2,0.5,0.2,0.7,0.9,0.1,0.4,0.3,0.4,0.2,0.1,87584.6,1
158,167,8,0.1,1.7,0,1.2,1.8,0.3,0.8,0.4,1,0.3,0.4,150911.8,1
158,185,2,0,0.1,0.1,0.4,0.4,0.1,0.3,0.4,0.1,0.1,0,39321.8,1
158,188,17,0.7,1.5,0.7,4.4,4.1,1.1,1.5,1.1,0.7,0.8,0.4,308198.2,1
158,198,4,0.3,0.3,0,0.9,0.6,0.1,0.9,0.4,0.2,0.3,0,94662.4,1
158,199,8,0.6,0.6,0,1.7,1.2,0.3,1.8,0.9,0.3,0.6,0,189324.8,1
158,202,3,0,0.3,0.1,0.4,0.5,0,0.6,0.4,0.3,0.1,0.3,79424.4,1
158,208,17,0,1.5,0.7,2.6,2.6,0.2,3.5,2.2,1.8,0.4,1.5,450071.4,1
158,209,5,0,0.4,0.2,0.8,0.8,0.1,1,0.6,0.5,0.1,0.5,132373.9,1
158,210,2,0,0.2,0.1,0.3,0.3,0,0.4,0.3,0.2,0,0.2,52949.6,1
158,214,1,0,0.1,0,0.3,0.2,0,0.1,0.1,0.1,0.1,0,22301.3,1
158,217,1,0,0.1,0,0.3,0.2,0,0.1,0.1,0.1,0.1,0,22301.3,1
158,237,4,0.4,0.4,0.1,1,1.1,0.1,0.3,0.3,0.3,0,0,93098.9,1
159,7,2,0,0.1,0.2,0.3,0.3,0.1,0.3,0.4,0.2,0,0.1,42931.8,1
159,8,4,0.1,0.2,0.3,0.6,0.6,0.2,0.6,0.8,0.4,0,0.2,85863.6,1
159,9,8,0.1,0.4,0.6,1.3,1.3,0.4,1.3,1.6,0.7,0,0.3,171727.2,1
159,13,4,0.1,0.3,0.2,0.5,1.1,0.1,1.1,0.2,0.2,0.2,0,71313.4,1
159,23,3,0.1,0.2,0.2,0.3,0.8,0.1,0.8,0.2,0.2,0.1,0,53485.1,1
159,24,12,0.5,0.9,0.7,1.4,3.2,0.2,3.2,0.7,0.7,0.5,0,213940.3,1
159,38,2,0,0.4,0,0.2,0.6,0,0.2,0.1,0.3,0.2,0,42933.7,1
159,40,3,0,0.7,0,0.2,0.8,0,0.3,0.2,0.5,0.3,0,64400.5,1
159,41,8,0,1.8,0,0.7,2.2,0,0.7,0.4,1.3,0.9,0,171734.8,1
159,63,2,0,0,0.2,0,0.7,0,0.4,0.2,0.2,0.2,0.1,39019.6,1
159,71,4,0,0.1,0.3,0.1,1.4,0.1,0.7,0.3,0.4,0.4,0.2,78039.1,1
159,82,2,0.2,0.2,0.1,0.4,0.4,0.1,0.2,0.1,0.2,0.1,0,38096.3,1
159,85,14,1.2,1.7,0.7,3.1,2.5,0.6,1.4,0.7,1.2,0.7,0.2,266674.1,1
159,86,13,1.1,1.6,0.6,2.9,2.4,0.5,1.3,0.7,1.1,0.6,0.2,247626,1
159,87,4,0.1,0.4,0.1,0.7,0.7,0,0.9,0.6,0.2,0.2,0.1,78376.1,1
159,88,15,0.3,1.3,0.5,2.7,2.7,0,3.2,2.4,0.8,0.8,0.3,293910.4,1
159,89,10,0.2,0.9,0.4,1.8,1.8,0,2.1,1.6,0.5,0.5,0.2,195940.3,1
159,94,12,1.5,1.1,0.6,3,2.8,0.2,0.2,1.3,0.7,0.2,0.4,251105.9,1
159,97,3,0.1,0.2,0.1,0.5,0.4,0.2,0.9,0.2,0.2,0.1,0.1,66333.9,1
159,103,4,0.1,0,0,0.4,0.9,0,1.1,1,0,0.3,0.2,86090.8,1
159,107,1,0,0.2,0.1,0,0.3,0,0.1,0.1,0,0.1,0.1,19803,1
159,108,7,0,1.1,0.7,0,2.2,0,0.7,0.9,0.2,0.4,0.8,138620.8,1
159,126,3,0.4,0.2,0.3,0.7,0.8,0.1,0.1,0.1,0,0.2,0.1,60052.4,1
159,128,4,0.5,0.2,0.4,1,1.1,0.1,0.1,0.2,0,0.2,0.2,80069.9,1
159,129,4,0.5,0.2,0.4,1,1.1,0.1,0.1,0.2,0,0.2,0.2,80069.9,1
159,138,4,0.2,0.3,0,0.8,0.5,0.2,0.8,0.5,0.3,0.4,0,84273.7,1
159,139,2,0.1,0.1,0,0.4,0.2,0.1,0.4,0.3,0.2,0.2,0,42136.9,1
159,140,1,0,0.1,0,0.2,0.1,0.1,0.2,0.1,0.1,0.1,0,21068.4,1
159,147,2,0.1,0.1,0.2,0.4,0.2,0,0.4,0.4,0.2,0,0,31906.9,1
159,149,2,0.1,0.1,0.2,0.4,0.2,0,0.4,0.4,0.2,0,0,31906.9,1
159,164,6,0.4,0.8,0.3,1.1,1.4,0.2,0.6,0.4,0.5,0.2,0.1,131376.8,1
159,167,5,0.1,1,0,0.8,1.1,0.2,0.5,0.2,0.6,0.2,0.3,94319.9,1
159,170,4,0.1,0.8,0,0.6,0.9,0.1,0.4,0.2,0.5,0.2,0.2,75455.9,1
159,183,2,0,0.1,0.1,0.4,0.4,0.1,0.3,0.4,0.1,0.1,0,39321.8,1
159,197,2,0.1,0.2,0,0.4,0.3,0.1,0.4,0.2,0.1,0.2,0,47331.2,1
159,198,3,0.2,0.2,0,0.7,0.5,0.1,0.7,0.3,0.1,0.2,0,70996.8,1
159,199,1,0.1,0.1,0,0.2,0.2,0,0.2,0.1,0,0.1,0,23665.6,1
159,201,3,0.2,0.2,0,0.7,0.5,0.1,0.7,0.3,0.1,0.2,0,70996.8,1
159,208,2,0,0.2,0.1,0.3,0.3,0,0.4,0.3,0.2,0,0.2,52949.6,1
159,209,4,0,0.4,0.2,0.6,0.6,0,0.8,0.5,0.4,0.1,0.4,105899.1,1
159,211,6,0,0.5,0.2,0.9,0.9,0.1,1.2,0.8,0.6,0.2,0.6,158848.7,1
159,212,9,0.5,0.8,0,2.8,2.3,0.3,0.8,0.5,0.5,0.5,0,200711.8,1
159,230,5,0.2,0.1,0.1,1.2,1.3,0.1,1,0.5,0.4,0,0.1,115730.3,1
160,4,4,0.1,0.2,0.3,0.6,0.6,0.2,0.6,0.8,0.4,0,0.2,85863.6,1
160,16,1,0,0.1,0.1,0.1,0.3,0,0.3,0.1,0,0,0,17828.4,1
160,26,1,0,0.1,0.1,0.1,0.3,0,0.3,0.1,0,0,0,17828.4,1
160,28,15,0.6,1.1,0.9,1.7,4,0.3,4,0.9,0.9,0.6,0,267425.3,1
160,54,2,0.1,0,0.1,0.5,0.3,0.1,0.5,0.1,0.2,0.1,0,37461.3,1
160,55,4,0.2,0.1,0.2,1,0.5,0.2,0.9,0.2,0.3,0.3,0.1,74922.6,1
160,58,5,0.2,0.1,0.2,1.3,0.7,0.2,1.1,0.2,0.5,0.4,0.1,93653.3,1
160,59,3,0.1,0.1,0.1,0.8,0.4,0.1,0.7,0.1,0.3,0.2,0.1,56192,1
160,61,2,0.1,0,0.1,0.5,0.3,0.1,0.5,0.1,0.2,0.1,0,37461.3,1
160,66,5,0,0.1,0.4,0.1,1.8,0.1,0.9,0.4,0.6,0.4,0.2,97548.9,1
160,70,4,0,0.1,0.3,0.1,1.4,0.1,0.7,0.3,0.4,0.4,0.2,78039.1,1
160,73,1,0.1,0.1,0,0.2,0.2,0,0.1,0.1,0.1,0.1,0,19033.6,1
160,84,6,0.5,0.7,0.3,1.3,1.1,0.3,0.6,0.3,0.5,0.3,0.1,114288.9,1
160,85,22,1.9,2.7,1,4.9,4,0.9,2.2,1.2,1.9,1,0.3,419059.3,1
160,86,1,0.1,0.1,0,0.2,0.2,0,0.1,0.1,0.1,0.1,0,19048.2,1
160,109,3,0,0.5,0.3,0,0.9,0,0.3,0.4,0.1,0.2,0.3,59408.9,1
160,120,2,0,0.2,0,0.4,0.5,0.2,0.1,0.4,0.1,0.1,0,46344,1
160,149,5,0.3,0.3,0.5,0.9,0.5,0,0.9,0.9,0.5,0,0.2,79767.3,1
160,162,14,0.9,1.8,0.8,2.5,3.3,0.4,1.3,0.9,1.3,0.6,0.2,306545.9,1
160,163,18,1.1,2.3,1,3.3,4.3,0.6,1.7,1.1,1.6,0.7,0.3,394130.5,1
160,164,37,0,8,2,4,13,0,5,1,4,0,0,776463.2,0
160,165,26.5,1.7,3.4,1.5,4.8,6.3,0.8,2.5,1.7,2.4,1,0.4,580247.7,1
160,166,14,0.9,1.8,0.8,2.5,3.3,0.4,1.3,0.9,1.3,0.6,0.2,306545.9,1
160,167,2,0,0.4,0,0.3,0.5,0.1,0.2,0.1,0.2,0.1,0.1,37728,1
160,170,6,0.1,1.3,0,0.9,1.4,0.2,0.6,0.3,0.7,0.2,0.3,113183.9,1
160,171,5,0.1,1,0,0.8,1.1,0.2,0.5,0.2,0.6,0.2,0.3,94319.9,1
160,174,3,0.1,0.1,0.2,0.7,0.6,0,0.5,0.4,0.1,0.3,0,60179.9,1
160,176,5,0.2,0.2,0.3,1.1,1,0,0.8,0.6,0.2,0.6,0,100299.8,1
160,178,4,0.2,0.1,0.2,0.9,0.8,0,0.6,0.5,0.2,0.5,0,80239.8,1
160,182,4,0,0.2,0.3,0.7,0.8,0.1,0.7,0.7,0.3,0.2,0,78643.6,1
160,183,5,0,0.2,0.4,0.9,1.1,0.1,0.8,0.9,0.4,0.2,0,98304.5,1
160,187,5,0.2,0.5,0.2,1.3,1.2,0.3,0.5,0.3,0.2,0.2,0.1,90646.5,1
160,204,9,0,0.8,0.3,1.4,1.4,0.1,1.9,1.2,0.9,0.2,0.8,238273.1,1
160,210,7,0,0.6,0.3,1.1,1.1,0.1,1.4,0.9,0.7,0.2,0.6,185323.5,1
160,217,1,0,0.1,0,0.3,0.2,0,0.1,0.1,0.1,0.1,0,22301.3,1
160,234,2,0.2,0.2,0,0.5,0.5,0,0.2,0.2,0.2,0,0,46549.5,1
160,235,4,0.4,0.4,0.1,1,1.1,0.1,0.3,0.3,0.3,0,0,93098.9,1
161,45,12,0.6,1.3,1.5,1.5,3.3,0.4,1.3,0,2.1,0,0,247153.8,1
161,47,3,0.2,0.3,0.4,0.4,0.8,0.1,0.3,0,0.5,0,0,61788.5,1
161,63,5,0,0.1,0.4,0.1,1.8,0.1,0.9,0.4,0.6,0.4,0.2,97548.9,1
161,71,6,0,0.1,0.5,0.1,2.1,0.1,1.1,0.5,0.7,0.5,0.3,117058.7,1
161,74,5,0.5,0.5,0,0.8,1,0.2,0.7,0.4,0.5,0.3,0.1,95168.2,1
161,75,6,0.6,0.7,0,0.9,1.2,0.2,0.8,0.5,0.6,0.4,0.1,114201.8,1
161,82,8,0.7,1,0.4,1.8,1.4,0.3,0.8,0.4,0.7,0.4,0.1,152385.2,1
161,83,36,3.1,4.4,1.7,8,6.5,1.5,3.6,1.9,3.1,1.7,0.5,685733.5,1
161,84,90,3,10,9,19,17,1,5,9,6,3,8,1578022.7,0
161,85,7,0.6,0.8,0.3,1.6,1.3,0.3,0.7,0.4,0.6,0.3,0.1,133337.1,1
161,87,2,0,0.2,0.1,0.4,0.4,0,0.4,0.3,0.1,0.1,0,39188.1,1
161,101,5,0.3,0.3,0.1,1,0.6,0.3,1.5,0.3,0.4,0.1,0.1,110556.5,1
161,104,3,0.1,0,0,0.3,0.6,0,0.9,0.8,0,0.2,0.1,64568.1,1
161,114,2,0,0.2,0,0.4,0.5,0.2,0.1,0.4,0.1,0.1,0,46344,1
161,121,6,0.2,0.5,0,1.1,1.4,0.5,0.4,1.1,0.4,0.4,0,139031.9,1
161,124,5,0.6,0.3,0.5,1.2,1.4,0.1,0.2,0.2,0,0.3,0.2,100087.3,1
161,126,6,0.7,0.4,0.6,1.5,1.6,0.1,0.2,0.2,0,0.4,0.3,120104.8,1
161,143,5,0.3,0.3,0.5,0.9,0.5,0,0.9,0.9,0.5,0,0.2,79767.3,1
161,149,3,0.2,0.2,0.3,0.5,0.3,0,0.5,0.6,0.3,0,0.1,47860.4,1
161,153,2,0,0.3,0,0.2,0.4,0,0.3,0.6,0.1,0.1,0,34575.8,1
161,162,3,0.2,0.4,0.2,0.5,0.7,0.1,0.3,0.2,0.3,0.1,0,65688.4,1
161,163,10,0.6,1.3,0.6,1.8,2.4,0.3,0.9,0.6,0.9,0.4,0.2,218961.4,1
161,164,13,0.8,1.7,0.7,2.4,3.1,0.4,1.2,0.8,1.2,0.5,0.2,284649.8,1
161,170,4,0.1,0.8,0,0.6,0.9,0.1,0.4,0.2,0.5,0.2,0.2,75455.9,1
161,171,6,0.1,1.3,0,0.9,1.4,0.2,0.6,0.3,0.7,0.2,0.3,113183.9,1
161,172,9,0.4,0.3,0.5,2,1.8,0,1.4,1.2,0.4,1,0,180539.6,1
161,173,8,0.3,0.2,0.5,1.8,1.6,0,1.3,1,0.4,0.9,0,160479.6,1
161,174,1,0,0,0.1,0.2,0.2,0,0.2,0.1,0.1,0.1,0,20060,1
161,176,19,0.8,0.6,1.1,4.3,3.8,0,3,2.4,0.8,2.2,0,381139.1,1
161,182,18,0,0.8,1.3,3.3,3.8,0.4,2.9,3.4,1.3,0.8,0,353896.3,1
161,185,9,0,0.4,0.6,1.7,1.9,0.2,1.5,1.7,0.6,0.4,0,176948.1,1
161,186,2,0,0.1,0.1,0.4,0.4,0.1,0.3,0.4,0.1,0.1,0,39321.8,1
161,199,2,0.1,0.2,0,0.4,0.3,0.1,0.4,0.2,0.1,0.2,0,47331.2,1
161,203,5,0,0.4,0.2,0.8,0.8,0.1,1,0.6,0.5,0.1,0.5,132373.9,1
161,207,5,0,0.4,0.2,0.8,0.8,0.1,1,0.6,0.5,0.1,0.5,132373.9,1
161,209,2,0,0.2,0.1,0.3,0.3,0,0.4,0.3,0.2,0,0.2,52949.6,1
161,210,4,0,0.4,0.2,0.6,0.6,0,0.8,0.5,0.4,0.1,0.4,105899.1,1
161,211,2,0,0.2,0.1,0.3,0.3,0,0.4,0.3,0.2,0,0.2,52949.6,1
161,215,15,0.8,1.3,0,4.7,3.8,0.4,1.3,0.9,0.9,0.9,0,334519.7,1
161,216,8,0.4,0.7,0,2.5,2,0.2,0.7,0.5,0.5,0.5,0,178410.5,1
161,225,7,0.3,0.2,0.2,1.6,1.8,0.1,1.5,0.6,0.5,0,0.2,162022.4,1
161,241,2,0.2,0.2,0,0.5,0.5,0,0.2,0.2,0.2,0,0,46549.5,1
161,254,1,0,0.1,0,0.1,0.4,0,0.1,0.1,0.1,0,0.1,20230.8,1
162,5,1,0,0,0,0.1,0.1,0,0.5,0.2,0,0.1,0,21487.1,1
162,15,3,0,0.4,0.2,0.2,0.6,0,0.7,0.2,0.1,0.4,0.2,56484.4,1
162,51,5,0.1,0.9,0.2,0.6,1.2,0.1,0.6,0.6,0.5,0.2,0,114477.2,1
162,53,6,0.7,1,0.2,0.9,1.6,0.1,0.4,0.4,0.4,0.3,0,119586.2,1
162,57,6,0.7,1,0.2,0.9,1.6,0.1,0.4,0.4,0.4,0.3,0,119586.2,1
162,70,5,0.5,0.3,0,1.2,0.8,0.3,0.7,0.6,0.4,0.1,0.1,98889.2,1
162,84,26,1.6,3.1,1.6,5.5,8.7,0,2.4,0,0,3.1,0,546620,1
162,85,1,0.1,0.1,0.1,0.2,0.3,0,0.1,0,0,0.1,0,21023.8,1
162,88,7,0,1.2,0.3,0.7,2.1,0.2,0.8,0.5,0.7,0.2,0.3,155912.9,1
162,91,14,0,2.3,0.6,1.5,4.1,0.4,1.7,1,1.4,0.4,0.6,311825.8,1
162,92,13,0,1.3,0.5,3,2.6,0.4,3.5,1.3,0.4,0,0,280993.9,1
162,101,2,0.3,0,0,0.8,0.1,0.2,0.2,0.1,0.2,0.1,0,47971.2,1
162,106,3,0.1,0.4,0.4,0.4,0.8,0,0.4,0.2,0.1,0.1,0.1,58585.4,1
162,127,1,0.1,0.1,0,0.2,0.2,0,0.1,0.1,0.1,0.1,0,21639.1,1
162,129,4,0.3,0.4,0.2,0.6,0.9,0.2,0.4,0.2,0.3,0.5,0,86556.5,1
162,141,1,0,0.1,0.1,0.1,0.3,0,0,0.3,0,0.1,0,19616.9,1
162,142,2,0,0.3,0,0.1,0.6,0,0.1,0.6,0,0.2,0.1,43091.9,1
162,150,2,0,0.3,0,0.1,0.6,0,0.1,0.6,0,0.2,0.1,43091.9,1
162,151,3,0,0.4,0.1,0.1,0.9,0,0.2,0.9,0,0.2,0.2,64637.9,1
162,159,5,0,0.2,0.3,0.2,1.2,0.3,1.5,0.3,0.3,0.3,0.4,121470.5,1
162,172,3,0,0.3,0.2,0.3,0.8,0,0.4,0.5,0.3,0.1,0.1,58800.8,1
162,173,2,0,0.2,0.1,0.2,0.5,0,0.3,0.3,0.2,0.1,0.1,39200.5,1
162,174,40,1,2,3,4,11,1,7,5,5,1,0,894961.6,0
162,175,18,0.2,1.6,1.4,2,4.6,0.2,2.3,2.7,1.6,0.7,0.7,352804.7,1
162,176,2,0,0.2,0.1,0.2,0.5,0,0.3,0.3,0.2,0.1,0.1,39200.5,1
162,181,12,0.3,0.6,0,1.1,1.7,0.3,0.3,4.8,0.9,1.7,0.3,272383.5,1
162,182,83,1,14.5,4,11,21,1,11,10,8.5,1,0,1935163.4,0
162,183,43,4,2,3,11,3,2,10,2,4,2,0,1246471.9,0
162,184,7,0.6,0.1,0.4,0.7,2.1,0.6,0.3,0.9,0.7,0.4,0.2,130092.1,1
162,186,8,0.6,0.2,0.5,0.8,2.4,0.7,0.3,1,0.8,0.5,0.2,148676.6,1
162,204,3,0.2,0.2,0.1,0.6,0.6,0,0.2,0.8,0.2,0,0.1,79373.9,1
162,211,4,0.4,0.7,0.4,0.9,1,0.1,0.1,0.1,0.2,0.1,0,85163.2,1
162,218,3,0.2,0.3,0.3,0.6,0.6,0.1,0.4,0.2,0.1,0.2,0,62693.4,1
162,219,1,0.1,0.1,0.1,0.2,0.2,0,0.1,0.1,0,0.1,0,20897.8,1
162,236,6.5,0.3,0.9,0.4,0.7,1.8,0.2,0.6,0.9,0.4,0.1,0.2,158070.8,1
162,250,2,0.1,0.2,0.2,0.3,0.5,0.1,0.3,0.2,0.1,0,0,48963.1,1
162,255,4,0.2,0.4,0.3,0.6,0.9,0.1,0.9,0.3,0.2,0,0.1,115115.1,1
163,18,3,0,0.4,0.2,0.2,0.6,0,0.7,0.2,0.1,0.4,0.2,56484.4,1
163,23,5,0,0.8,0.3,0.3,1.7,0,0.8,0.7,0.2,0,0.2,96760.4,1
163,30,5,0,0.8,0.3,0.3,1.7,0,0.8,0.7,0.2,0,0.2,96760.4,1
163,40,4,0.1,0.4,0.4,0.7,1,0.2,0.6,0.3,0.2,0.1,0,81727.4,1
163,41,3,0.1,0.3,0.3,0.5,0.8,0.1,0.5,0.2,0.1,0.1,0,61295.5,1
163,75,2,0.1,0,0,0.5,0.1,0,0.6,0.2,0.3,0.2,0,45743.7,1
163,79,1,0,0,0,0.3,0.1,0,0.3,0.1,0.1,0.1,0,22871.8,1
163,92,6,0,0.6,0.2,1.4,1.2,0.2,1.6,0.6,0.2,0,0,129689.5,1
163,101,1,0.2,0,0,0.4,0.1,0.1,0.1,0,0.1,0,0,23985.6,1
163,106,5,0.1,0.6,0.7,0.8,1.4,0,0.8,0.3,0.1,0.1,0.1,97642.3,1
163,108,7,0.1,0.9,0.9,1.1,2,0,1.1,0.5,0.1,0.1,0.2,136699.2,1
163,110,2,0,0.3,0.3,0.3,0.6,0,0.3,0.1,0,0,0.1,39056.9,1
163,113,2,0.2,0.2,0.1,0.5,0.2,0.1,0.3,0.3,0.1,0,0,45120.9,1
163,114,2,0.2,0.2,0.1,0.5,0.2,0.1,0.3,0.3,0.1,0,0,45120.9,1
163,117,6,0.5,0.6,0.2,1.5,0.5,0.2,1,1,0.5,0,0,135362.7,1
163,121,4,0.4,0.4,0.2,1,0.4,0.1,0.6,0.6,0.3,0,0,90241.8,1
163,122,8,0.6,0.7,0.4,1.3,1.9,0.4,0.7,0.4,0.6,1,0,173113,1
163,128,9,0.6,0.8,0.5,1.5,2.1,0.4,0.8,0.5,0.7,1.1,0,194752.2,1
163,129,6,0.4,0.5,0.3,1,1.4,0.3,0.6,0.3,0.4,0.8,0,129834.8,1
163,147,5,0,0.7,0.1,0.2,1.6,0,0.3,1.4,0,0.4,0.3,107729.8,1
163,148,2,0,0.3,0,0.1,0.6,0,0.1,0.6,0,0.2,0.1,43091.9,1
163,150,2,0,0.3,0,0.1,0.6,0,0.1,0.6,0,0.2,0.1,43091.9,1
163,151,1,0,0.1,0,0,0.3,0,0.1,0.3,0,0.1,0.1,21546,1
163,170,1,0,0.1,0,0.2,0.3,0,0.1,0.1,0.1,0.1,0,20407.8,1
163,172,13,0.2,1.1,1,1.5,3.3,0.2,1.6,2,1.1,0.5,0.5,254803.4,1
163,173,60,4,3,1,14,12,4,4,7,8,2,1,1087533.7,0
163,174,51,0,5,3,7,11,2,5,9,6,1,2,1188900.4,0
163,175,63,5,5,2,16,16,2,6,3,5,3,0,1229259.5,0
163,176,4,0,0.4,0.3,0.5,1,0,0.5,0.6,0.4,0.1,0.2,78401,1
163,180,2,0,0.1,0,0.2,0.3,0,0.1,0.8,0.1,0.3,0.1,45397.2,1
163,181,17,0.4,0.8,0,1.6,2.4,0.4,0.4,6.9,1.2,2.5,0.4,385876.6,1
163,182,2,0.2,0,0.1,0.2,0.6,0.2,0.1,0.3,0.2,0.1,0,37169.2,1
163,183,32,2.6,0.6,2,3.3,9.8,2.6,1.3,3.9,3.3,2,0.6,594706.6,1
163,202,6,0.3,0.5,0.1,1.2,1.2,0,0.5,1.5,0.5,0,0.2,158747.8,1
163,203,2,0.1,0.2,0,0.4,0.4,0,0.2,0.5,0.2,0,0,52915.9,1
163,204,7,0.4,0.5,0.2,1.4,1.4,0,0.6,1.8,0.5,0,0.2,185205.7,1
163,205,2,0.1,0.2,0,0.4,0.4,0,0.2,0.5,0.2,0,0,52915.9,1
163,210,3,0.3,0.5,0.3,0.7,0.7,0.1,0.1,0.1,0.1,0.1,0,63872.4,1
163,233,10,0.5,1.4,0.6,1.1,2.8,0.3,0.9,1.4,0.6,0.1,0.3,243185.8,1
163,234,29.5,1.5,4,1.7,3.2,8.3,1,2.8,4,1.7,0.3,1,717398.2,1
163,235,22,1.1,3,1.3,2.4,6.2,0.7,2.1,3,1.3,0.2,0.7,535008.8,1
163,255,10,0.4,1.1,0.6,1.5,2.3,0.2,2.3,0.8,0.6,0,0.2,287787.8,1
164,12,2,0,0.3,0.1,0.1,0.4,0,0.5,0.1,0.1,0.3,0.1,37656.3,1
164,15,2,0,0.3,0.1,0.1,0.4,0,0.5,0.1,0.1,0.3,0.1,37656.3,1
164,16,1,0,0.1,0.1,0.1,0.2,0,0.2,0.1,0,0.1,0.1,18828.1,1
164,19,1,0,0.1,0.1,0.1,0.2,0,0.2,0.1,0,0.1,0.1,18828.1,1
164,31,6,0,1,0.4,0.4,2,0,1,0.8,0.2,0,0.2,116112.5,1
164,47,3,0.1,0.5,0.1,0.3,0.7,0.1,0.4,0.4,0.3,0.1,0,68686.3,1
164,66,2,0.2,0.1,0,0.5,0.3,0.1,0.3,0.2,0.2,0.1,0,39555.7,1
164,82,4,0.2,0.5,0.2,0.9,1.3,0,0.4,0,0,0.5,0,84095.4,1
164,83,2,0.1,0.2,0.1,0.4,0.7,0,0.2,0,0,0.3,0,42047.7,1
164,88,5,0,0.8,0.2,0.5,1.5,0.1,0.6,0.4,0.5,0.2,0.2,111366.3,1
164,94,2,0,0.2,0.1,0.5,0.4,0,0.5,0.2,0.1,0,0,43229.8,1
164,95,3,0,0.3,0.1,0.7,0.6,0.1,0.8,0.3,0.1,0,0,64844.7,1
164,113,12,1.1,1.1,0.5,3,1.1,0.4,1.9,1.9,1,0,0,270725.4,1
164,128,2,0.1,0.2,0.1,0.3,0.5,0.1,0.2,0.1,0.1,0.3,0,43278.3,1
164,129,6,0.4,0.5,0.3,1,1.4,0.3,0.6,0.3,0.4,0.8,0,129834.8,1
164,135,3,0,0.4,0.1,0.2,1,0.1,0.1,0.8,0.1,0.1,0.1,58850.8,1
164,137,2,0,0.2,0.1,0.1,0.7,0,0,0.6,0.1,0.1,0.1,39233.8,1
164,166,4,0.2,0.4,0.1,0.7,1,0.2,0.5,0.3,0.2,0.3,0.1,81631.1,1
164,169,20.5,0.9,2.2,0.7,3.4,5.1,0.9,2.6,1.3,1.3,1.7,0.4,418359.4,1
164,170,8,0.4,0.8,0.3,1.3,2,0.4,1,0.5,0.5,0.7,0.1,163262.2,1
164,172,15,0.2,1.3,1.1,1.7,3.8,0.2,1.9,2.3,1.3,0.6,0.6,294003.9,1
164,173,46,3,4,1,6,13,1.5,8,1,5.5,1,2,956718.6,0
164,174,39,6,3,0,10,6,4,6,0,2,0,2,878554.7,0
164,175,10,0.1,0.9,0.8,1.1,2.5,0.1,1.3,1.5,0.9,0.4,0.4,196002.6,1
164,176,5,0.1,0.4,0.4,0.6,1.3,0.1,0.6,0.7,0.4,0.2,0.2,98001.3,1
164,178,2,0,0.1,0,0.2,0.3,0,0.1,0.8,0.1,0.3,0.1,45397.2,1
164,201,1,0.1,0,0.1,0.4,0.1,0.1,0.1,0.1,0,0,0,25692.1,1
164,203,9,0.5,0.7,0.2,1.8,1.9,0,0.7,2.3,0.7,0,0.2,238121.6,1
164,204,4,0.2,0.3,0.1,0.8,0.8,0,0.3,1.1,0.3,0,0.1,105831.8,1
164,214,11,0.8,1.2,0.9,2.3,2.3,0.2,1.4,0.7,0.4,0.7,0.1,229875.9,1
164,215,4,0.3,0.4,0.3,0.8,0.8,0.1,0.5,0.3,0.1,0.3,0.1,83591.3,1
164,219,2,0.2,0.2,0.2,0.4,0.4,0,0.3,0.1,0.1,0.1,0,41795.6,1
164,220,2,0.2,0.2,0.2,0.4,0.4,0,0.3,0.1,0.1,0.1,0,41795.6,1
164,221,2,0.2,0.2,0.2,0.4,0.4,0,0.3,0.1,0.1,0.1,0,41795.6,1
164,233,6,0.3,0.8,0.4,0.7,1.7,0.2,0.6,0.8,0.3,0,0.2,145911.5,1
164,234,15,0.8,2,0.9,1.7,4.2,0.5,1.4,2,0.9,0.1,0.5,364778.7,1
164,235,7,0.4,0.9,0.4,0.8,2,0.2,0.7,0.9,0.4,0.1,0.2,170230.1,1
164,238,3.5,0.2,0.1,0.3,0.5,0.7,0,0.2,1,0.3,0.1,0.1,78175.9,1
164,251,7,0.4,0.6,0.7,0.9,1.6,0.3,1.2,0.7,0.5,0.1,0,171370.9,1
165,12,2,0,0.3,0.1,0.1,0.4,0,0.5,0.1,0.1,0.3,0.1,37656.3,1
165,19,2,0,0.3,0.1,0.1,0.4,0,0.5,0.1,0.1,0.3,0.1,37656.3,1
165,31,4,0,0.7,0.3,0.3,1.3,0,0.7,0.5,0.1,0,0.1,77408.3,1
165,33,5,0.2,0.5,0.5,0.9,1.2,0.2,0.8,0.3,0.2,0.2,0,102159.2,1
165,36,4,0.1,0.4,0.4,0.7,1,0.2,0.6,0.3,0.2,0.1,0,81727.4,1
165,54,5,0.6,0.8,0.2,0.8,1.3,0.1,0.3,0.3,0.3,0.3,0,99655.2,1
165,68,2,0.2,0.1,0,0.5,0.3,0.1,0.3,0.2,0.2,0.1,0,39555.7,1
165,88,7,0,1.2,0.3,0.7,2.1,0.2,0.8,0.5,0.7,0.2,0.3,155912.9,1
165,95,6,0,0.6,0.2,1.4,1.2,0.2,1.6,0.6,0.2,0,0,129689.5,1
165,115,10,0.9,0.9,0.4,2.5,0.9,0.4,1.6,1.6,0.8,0,0,225604.5,1
165,116,2.5,0.2,0.3,0.1,0.6,0.2,0.1,0.4,0.4,0.2,0,0,56401.1,1
165,119,2,0.2,0.2,0.1,0.5,0.2,0.1,0.3,0.3,0.1,0,0,45120.9,1
165,135,5,0,0.6,0.2,0.4,1.6,0.1,0.1,1.4,0.2,0.3,0.1,98084.6,1
165,149,2,0,0.3,0,0.1,0.6,0,0.1,0.6,0,0.2,0.1,43091.9,1
165,151,1,0,0.1,0,0,0.3,0,0.1,0.3,0,0.1,0.1,21546,1
165,158,4,0,0.1,0.3,0.1,0.9,0.2,1.2,0.3,0.3,0.3,0.3,97176.4,1
165,169,21,1,2.2,0.8,3.4,5.2,1,2.7,1.3,1.3,1.7,0.4,428563.3,1
165,170,12,0.5,1.3,0.4,2,3,0.5,1.5,0.8,0.8,1,0.2,244893.3,1
165,171,16,0.7,1.7,0.6,2.6,4,0.7,2.1,1,1,1.3,0.3,326524.4,1
165,173,1,0,0.1,0.1,0.1,0.3,0,0.1,0.2,0.1,0,0,19600.3,1
165,193,3,0.4,0.4,0.1,0.6,0.7,0.1,0.2,0.3,0,0.1,0.1,57686.8,1
165,198,4,0.5,0.1,0.2,1.7,0.3,0.3,0.4,0.3,0.2,0,0,102768.3,1
165,199,4,0.5,0.1,0.2,1.7,0.3,0.3,0.4,0.3,0.2,0,0,102768.3,1
165,200,28,3.9,0.6,1.3,11.7,2,1.9,3.3,2,1.3,0,0,719378.2,1
165,204,2,0.1,0.2,0,0.4,0.4,0,0.2,0.5,0.2,0,0,52915.9,1
165,215,5,0.4,0.5,0.4,1,1.1,0.1,0.6,0.3,0.2,0.3,0.1,104489.1,1
165,220,1,0.1,0.1,0.1,0.2,0.2,0,0.1,0.1,0,0.1,0,20897.8,1
165,221,2,0.2,0.2,0.2,0.4,0.4,0,0.3,0.1,0.1,0.1,0,41795.6,1
165,231,5,0.4,0,1,1.2,0.6,0.1,0.7,0.1,0.6,0.3,0,96145.2,1
165,232,9,0.5,1.2,0.5,1,2.5,0.3,0.9,1.2,0.5,0.1,0.3,218867.2,1
165,237,9,0.5,0.2,0.8,1.3,1.8,0,0.5,2.5,0.9,0.2,0.3,201023.8,1
166,4,6,0,0.2,0.3,0.5,0.7,0,2.6,1,0.2,0.5,0,128922.3,1
166,5,4,0,0.2,0.2,0.3,0.5,0,1.8,0.6,0.1,0.3,0,85948.2,1
166,25,1,0,0.2,0.1,0.1,0.3,0,0.2,0.1,0,0,0,19352.1,1
166,34,2,0.1,0.2,0.2,0.3,0.5,0.1,0.3,0.1,0.1,0.1,0,40863.7,1
166,35,1,0,0.1,0.1,0.2,0.3,0,0.2,0.1,0,0,0,20431.8,1
166,40,4,0.1,0.4,0.4,0.7,1,0.2,0.6,0.3,0.2,0.1,0,81727.4,1
166,62,8,0.8,0.5,0.1,1.9,1.3,0.4,1.1,1,0.6,0.2,0.1,158222.8,1
166,69,1,0.1,0.1,0,0.2,0.2,0.1,0.1,0.1,0.1,0,0,19777.8,1
166,78,12,0.4,0,0,3,0.9,0,3.8,0.9,1.7,1.3,0,274462.1,1
166,107,2,0,0.3,0.3,0.3,0.6,0,0.3,0.1,0,0,0.1,39056.9,1
166,117,2,0.2,0.2,0.1,0.5,0.2,0.1,0.3,0.3,0.1,0,0,45120.9,1
166,126,2,0.1,0.2,0.1,0.3,0.5,0.1,0.2,0.1,0.1,0.3,0,43278.3,1
166,142,1,0,0.1,0,0,0.3,0,0.1,0.3,0,0.1,0.1,21546,1
166,162,3,0.1,0.3,0.1,0.5,0.7,0.1,0.4,0.2,0.2,0.3,0.1,61223.3,1
166,166,4,0.2,0.4,0.1,0.7,1,0.2,0.5,0.3,0.2,0.3,0.1,81631.1,1
166,169,4,0.2,0.4,0.1,0.7,1,0.2,0.5,0.3,0.2,0.3,0.1,81631.1,1
166,171,8,0.4,0.8,0.3,1.3,2,0.4,1,0.5,0.5,0.7,0.1,163262.2,1
166,173,6,0.1,0.5,0.5,0.7,1.5,0.1,0.8,0.9,0.5,0.2,0.2,117601.6,1
166,177,3,0.1,0.1,0,0.3,0.4,0.1,0.1,1.2,0.2,0.4,0.1,68095.9,1
166,179,6,0.1,0.3,0,0.6,0.9,0.1,0.1,2.4,0.4,0.9,0.2,136191.7,1
166,192,10,1.2,1.4,0.3,2.1,2.3,0.4,0.8,0.9,0.1,0.4,0.1,192289.4,1
166,197,4,0.5,0.1,0.2,1.7,0.3,0.3,0.4,0.3,0.2,0,0,102768.3,1
166,198,2,0.3,0.1,0.1,0.8,0.1,0.1,0.2,0.2,0.1,0,0,51384.2,1
166,199,30,3,2,0,7,4,0,5,7,1,1,0,648756.9,0
166,200,44,1,3,2,4,11,1,4,12,2,3,1,949590.3,0
166,205,4,0.2,0.3,0.1,0.8,0.8,0,0.3,1.1,0.3,0,0.1,105831.8,1
166,212,4,0.3,0.4,0.3,0.8,0.8,0.1,0.5,0.3,0.1,0.3,0.1,83591.3,1
166,213,1,0.1,0.1,0.1,0.2,0.2,0,0.1,0.1,0,0.1,0,20897.8,1
166,215,3,0.2,0.3,0.3,0.6,0.6,0.1,0.4,0.2,0.1,0.2,0,62693.4,1
166,220,1,0.1,0.1,0.1,0.2,0.2,0,0.1,0.1,0,0.1,0,20897.8,1
166,223,7,0.6,0,1.3,1.7,0.8,0.2,1,0.2,0.8,0.4,0,134603.2,1
166,227,7,0.6,0,1.3,1.7,0.8,0.2,1,0.2,0.8,0.4,0,134603.2,1
166,230,6,0.5,0,1.1,1.5,0.7,0.2,0.8,0.2,0.7,0.3,0,115374.2,1
166,231,10,0.8,0,1.9,2.5,1.1,0.3,1.4,0.3,1.1,0.6,0,192290.4,1
166,232,9,0.5,1.2,0.5,1,2.5,0.3,0.9,1.2,0.5,0.1,0.3,218867.2,1
166,233,4,0.2,0.6,0.2,0.5,1.1,0.1,0.4,0.6,0.2,0,0.1,97274.3,1
166,242,4,0.2,0.3,0.4,0.5,0.9,0.2,0.7,0.4,0.3,0.1,0,97926.2,1
166,250,4,0.2,0.3,0.4,0.5,0.9,0.2,0.7,0.4,0.3,0.1,0,97926.2,1
167,5,2,0,0.1,0.1,0.1,0.2,0,0.9,0.3,0.1,0.2,0,42974.1,1
167,15,1,0,0.1,0.1,0.1,0.2,0,0.2,0.1,0,0.1,0.1,18828.1,1
167,16,2,0,0.3,0.1,0.1,0.4,0,0.5,0.1,0.1,0.3,0.1,37656.3,1
167,19,2,0,0.3,0.1,0.1,0.4,0,0.5,0.1,0.1,0.3,0.1,37656.3,1
167,25,3,0,0.5,0.2,0.2,1,0,0.5,0.4,0.1,0,0.1,58056.2,1
167,29,2,0.2,0.2,0.1,0.3,0.4,0.1,0.2,0.2,0.1,0.1,0.1,38993.9,1
167,34,4,0.1,0.4,0.4,0.7,1,0.2,0.6,0.3,0.2,0.1,0,81727.4,1
167,40,1,0,0.1,0.1,0.2,0.3,0,0.2,0.1,0,0,0,20431.8,1
167,54,5,0.6,0.8,0.2,0.8,1.3,0.1,0.3,0.3,0.3,0.3,0,99655.2,1
167,57,4,0.3,0.2,0.2,0.8,0.2,0.2,0.8,0.8,0.1,0.3,0.1,78696.4,1
167,61,3,0.3,0.1,0.1,0.6,0.1,0.2,0.6,0.6,0.1,0.2,0.1,59022.3,1
167,62,22,0,2,2,6,5,1,2,1,1,1,1,436392.5,0
167,63,42,1,0.5,3,10,7,0,8,5,5.5,0,2,926755.9,0
167,64,22,2.1,1.3,0.2,5.3,3.6,1.3,3,2.7,1.7,0.6,0.2,435112.6,1
167,67,2,0.2,0.1,0,0.5,0.3,0.1,0.3,0.2,0.2,0.1,0,39555.7,1
167,68,2,0.2,0.1,0,0.5,0.3,0.1,0.3,0.2,0.2,0.1,0,39555.7,1
167,76,1,0,0,0,0.3,0.1,0,0.3,0.1,0.1,0.1,0,22871.8,1
167,79,2,0.1,0,0,0.5,0.1,0,0.6,0.2,0.3,0.2,0,45743.7,1
167,88,3,0,0.5,0.1,0.3,0.9,0.1,0.4,0.2,0.3,0.1,0.1,66819.8,1
167,91,4,0,0.6,0.2,0.4,1.2,0.1,0.5,0.3,0.4,0.1,0.2,89093.1,1
167,94,3,0.4,0,0,1.2,0.2,0.3,0.3,0.1,0.4,0.1,0,71956.8,1
167,98,2,0.3,0,0,0.8,0.1,0.2,0.2,0.1,0.2,0.1,0,47971.2,1
167,102,1,0,0.1,0.1,0.2,0.3,0,0.2,0.1,0,0,0,19528.5,1
167,117,5,0.4,0.5,0.2,1.3,0.4,0.2,0.8,0.8,0.4,0,0,112802.2,1
167,129,2,0.1,0.2,0.1,0.3,0.5,0.1,0.2,0.1,0.1,0.3,0,43278.3,1
167,130,4,0.3,0.4,0.2,0.6,0.9,0.2,0.4,0.2,0.3,0.5,0,86556.5,1
167,131,4,0.3,0.4,0.2,0.6,0.9,0.2,0.4,0.2,0.3,0.5,0,86556.5,1
167,139,2,0,0.2,0.1,0.1,0.7,0,0,0.6,0.1,0.1,0.1,39233.8,1
167,143,3,0.2,0.2,0.1,0.4,0.7,0.1,0.5,0.4,0.2,0.1,0.1,59305.1,1
167,148,6,0,0.9,0.2,0.2,1.9,0,0.3,1.7,0,0.5,0.3,129275.8,1
167,157,2,0,0.1,0.1,0.1,0.5,0.1,0.6,0.1,0.1,0.1,0.2,48588.2,1
167,165,3,0.1,0.3,0.1,0.5,0.7,0.1,0.4,0.2,0.2,0.3,0.1,61223.3,1
167,173,4,0.1,0.1,0.1,0.8,0.8,0.1,0.6,0.8,0.1,0.4,0.1,90921.7,1
167,174,2,0,0.1,0.1,0.4,0.4,0,0.3,0.4,0,0.2,0.1,45460.8,1
167,179,2,0,0.1,0.1,0.4,0.4,0,0.3,0.4,0,0.2,0.1,45460.8,1
167,192,28,3.4,3.8,0.8,5.9,6.3,1.3,2.1,2.5,0.2,1.3,0.4,538410.3,1
167,198,13,0.2,1.7,0.4,1.6,3.6,0.4,1.8,1.6,1,0.2,0.5,277426.3,1
167,199,64.5,2.5,7,2,12,15,3,8,7,4,2,2,1224784.8,0
167,200,103,7,13.5,6,18,23,5,9,10,6.5,3,2,2037157.5,0
167,201,14,0.2,1.9,0.4,1.7,3.8,0.4,2,1.7,1.1,0.3,0.5,298766.8,1
167,202,5,0.2,0.6,0.2,0.5,1.2,0,0.8,0.9,0.3,0.1,0.2,118055.6,1
167,203,8,0.3,1,0.4,0.8,2,0,1.2,1.4,0.4,0.1,0.4,188888.9,1
167,204,3,0.1,0.4,0.1,0.3,0.7,0,0.5,0.5,0.2,0.1,0.1,70833.3,1
167,206,3,0.1,0.4,0.1,0.3,0.7,0,0.5,0.5,0.2,0.1,0.1,70833.3,1
167,212,4,0.3,0.4,0.3,0.8,0.8,0.1,0.5,0.3,0.1,0.3,0.1,83591.3,1
167,217,5,0.4,0.5,0.4,1,1.1,0.1,0.6,0.3,0.2,0.3,0.1,104489.1,1
167,219,4,0.3,0.4,0.3,0.8,0.8,0.1,0.5,0.3,0.1,0.3,0.1,83591.3,1
167,220,3,0.2,0.3,0.3,0.6,0.6,0.1,0.4,0.2,0.1,0.2,0,62693.4,1
167,230,16,0.3,0.8,1.5,1.3,3.5,0,3.1,3.3,0.7,0.7,0.8,373849.9,1
167,231,1,0,0.1,0.1,0.1,0.2,0,0.2,0.2,0,0,0.1,23365.6,1
167,253,3,0.1,0.3,0.2,0.2,0.5,0,0.5,0.8,0.2,0,0.2,65455.8,1
168,10,2,0,0.1,0.1,0.1,0.2,0,0.9,0.3,0.1,0.2,0,42974.1,1
168,13,4,0,0.6,0.3,0.2,0.8,0,0.9,0.3,0.1,0.6,0.2,75312.6,1
168,19,2,0,0.3,0.1,0.1,0.4,0,0.5,0.1,0.1,0.3,0.1,37656.3,1
168,25,1,0,0.2,0.1,0.1,0.3,0,0.2,0.1,0,0,0,19352.1,1
168,28,15,1.6,1.3,1.1,2.4,3.3,0.5,1.8,1.1,0.5,0.9,0.5,292454.2,1
168,29,51,2,5,5,8,9,2,7,7,3,3,0,968824.1,0
168,30,34,0,4,2,3,7,0,5,8,3,2,0,624305,0
168,33,4,0.1,0.4,0.4,0.7,1,0.2,0.6,0.3,0.2,0.1,0,81727.4,1
168,62,47,1,6,10,5,8,2,5,7,0,3,0,924090.4,0
168,63,115,3,22,11,9,34,2,17,8,5,4,0,2178315.5,0
168,64,76,7,8,1,23,11,7,3,0,14,0,2,1466505.4,0
168,66,2,0.2,0.1,0,0.5,0.3,0.1,0.3,0.2,0.2,0.1,0,39555.7,1
168,85,8,0,1.3,0.4,0.8,2.4,0.2,0.9,0.6,0.8,0.2,0.4,178186.2,1
168,86,5,0,0.8,0.2,0.5,1.5,0.1,0.6,0.4,0.5,0.2,0.2,111366.3,1
168,88,3,0,0.5,0.1,0.3,0.9,0.1,0.4,0.2,0.3,0.1,0.1,66819.8,1
168,91,5,0,0.8,0.2,0.5,1.5,0.1,0.6,0.4,0.5,0.2,0.2,111366.3,1
168,100,3,0.4,0,0,1.2,0.2,0.3,0.3,0.1,0.4,0.1,0,71956.8,1
168,102,2,0,0.3,0.3,0.3,0.6,0,0.3,0.1,0,0,0.1,39056.9,1
168,108,3,0.1,0.4,0.4,0.4,0.8,0,0.4,0.2,0.1,0.1,0.1,58585.4,1
168,116,2,0.2,0.2,0.1,0.5,0.2,0.1,0.3,0.3,0.1,0,0,45120.9,1
168,140,4,0,0.4,0.2,0.3,1.3,0.1,0.1,1.1,0.2,0.2,0.1,78467.7,1
168,144,1,0.1,0.1,0,0.2,0.2,0,0.2,0.1,0.1,0,0,19768.4,1
168,148,4,0,0.6,0.1,0.1,1.3,0,0.2,1.1,0,0.4,0.2,86183.9,1
168,156,5,0,0.2,0.3,0.2,1.2,0.3,1.5,0.3,0.3,0.3,0.4,121470.5,1
168,159,5,0,0.2,0.3,0.2,1.2,0.3,1.5,0.3,0.3,0.3,0.4,121470.5,1
168,161,3,0,0.1,0.2,0.1,0.7,0.2,0.9,0.2,0.2,0.2,0.2,72882.3,1
168,167,2,0.1,0.2,0.1,0.3,0.5,0.1,0.3,0.1,0.1,0.2,0,40815.6,1
168,174,1,0,0,0,0.2,0.2,0,0.2,0.2,0,0.1,0.1,22730.4,1
168,178,2,0,0.1,0.1,0.4,0.4,0,0.3,0.4,0,0.2,0.1,45460.8,1
168,184,5,0.2,0.2,0.3,0.7,1.1,0.2,1,0.5,0.4,0.2,0.2,111366.3,1
168,185,1,0,0,0.1,0.1,0.2,0.1,0.2,0.1,0.1,0.1,0,22273.3,1
168,191,9,0.4,0.3,0.5,1.2,2,0.4,1.8,0.9,0.8,0.4,0.3,200459.3,1
168,192,3,0.4,0.4,0.1,0.6,0.7,0.1,0.2,0.3,0,0.1,0.1,57686.8,1
168,198,47,2,3,2,8,6,0,12,10,1,3,0,1020401.8,0
168,199,14,0.2,1.9,0.4,1.7,3.8,0.4,2,1.7,1.1,0.3,0.5,298766.8,1
168,200,58,2,6,1,16,10,1,2,6,10,4,0,1383486.6,0
168,201,24,0.4,3.2,0.6,3,6.6,0.6,3.4,3,1.9,0.4,0.9,512171.7,1
168,202,4,0.1,0.5,0.2,0.4,1,0,0.6,0.7,0.2,0.1,0.2,94444.5,1
168,204,4,0.1,0.5,0.2,0.4,1,0,0.6,0.7,0.2,0.1,0.2,94444.5,1
168,217,9,0.7,0.9,0.7,1.9,1.9,0.2,1.1,0.6,0.3,0.6,0.1,188080.3,1
168,224,1,0.1,0,0.2,0.3,0.1,0,0.1,0,0.1,0.1,0,19229,1
168,231,13,0.2,0.7,1.2,1,2.8,0,2.5,2.7,0.6,0.6,0.7,303753,1
168,233,18,0.7,1.1,0.9,3.7,4,0.6,2.6,3.2,0.6,0.6,0,400410.3,1
168,234,6,0.2,0.4,0.3,1.2,1.3,0.2,0.9,1.1,0.2,0.2,0,133470.1,1
168,246,3,0.2,0.3,0.3,0.4,0.7,0.1,0.5,0.3,0.2,0,0,73444.7,1
168,252,2,0.1,0.2,0.1,0.2,0.3,0,0.4,0.5,0.1,0,0.1,43637.2,1
168,253,4,0.2,0.4,0.2,0.3,0.7,0,0.7,1,0.2,0.1,0.2,87274.4,1
169,4,1,0,0,0,0.1,0.1,0,0.5,0.2,0,0.1,0,21487.1,1
169,10,2,0,0.1,0.1,0.1,0.2,0,0.9,0.3,0.1,0.2,0,42974.1,1
169,13,5,0,0.7,0.4,0.2,1.1,0,1.2,0.4,0.1,0.7,0.2,94140.7,1
169,25,5,0,0.8,0.3,0.3,1.7,0,0.8,0.7,0.2,0,0.2,96760.4,1
169,27,5,0.5,0.4,0.3,0.8,1.1,0.2,0.6,0.4,0.2,0.3,0.2,97484.7,1
169,28,19,2,1.6,1.4,3,4.1,0.7,2.3,1.4,0.7,1.1,0.7,370442,1
169,29,82,2,7,8,7,21,0,11,12,3,8,3,1526538.7,0
169,30,49,4,3,1,12,8,0,8,6,7,0,0,939989.1,0
169,31,3,0.3,0.3,0.2,0.5,0.6,0.1,0.4,0.2,0.1,0.2,0.1,58490.8,1
169,49,5,0.1,0.9,0.2,0.6,1.2,0.1,0.6,0.6,0.5,0.2,0,114477.2,1
169,51,6,0.2,1.1,0.2,0.7,1.5,0.2,0.7,0.7,0.5,0.2,0,137372.7,1
169,55,3,0.4,0.5,0.1,0.4,0.8,0,0.2,0.2,0.2,0.2,0,59793.1,1
169,56,1,0.1,0.2,0,0.1,0.3,0,0.1,0.1,0.1,0,0,19931,1
169,60,6,0.5,0.2,0.2,1.2,0.3,0.4,1.3,1.3,0.1,0.4,0.1,118044.7,1
169,62,34,2,2,3,10,6,3,0,5,2,1,0,633201.4,0
169,63,69,7,5,1,15,14,4,2,8,5,7,1,1373643.5,0
169,64,52,2,5,2,7,10,1,4,9,7,5,0,1044196,0
169,65,2,0.2,0.1,0,0.5,0.3,0.1,0.3,0.2,0.2,0.1,0,39555.7,1
169,76,2,0.1,0,0,0.5,0.1,0,0.6,0.2,0.3,0.2,0,45743.7,1
169,80,3,0.1,0,0,0.8,0.2,0,1,0.2,0.4,0.3,0,68615.5,1
169,83,5,0,0.8,0.2,0.5,1.5,0.1,0.6,0.4,0.5,0.2,0.2,111366.3,1
169,89,2,0,0.3,0.1,0.2,0.6,0.1,0.2,0.1,0.2,0.1,0.1,44546.5,1
169,94,7,1.1,0,0,2.8,0.4,0.8,0.6,0.2,0.9,0.2,0,167899.3,1
169,101,4,0.6,0,0,1.6,0.2,0.5,0.4,0.1,0.5,0.1,0,95942.5,1
169,108,6,0.1,0.8,0.8,0.9,1.7,0,0.9,0.4,0.1,0.1,0.2,117170.7,1
169,109,6,0.1,0.8,0.8,0.9,1.7,0,0.9,0.4,0.1,0.1,0.2,117170.7,1
169,112,5,0.4,0.5,0.2,1.3,0.4,0.2,0.8,0.8,0.4,0,0,112802.2,1
169,113,3,0.3,0.3,0.1,0.7,0.3,0.1,0.5,0.5,0.2,0,0,67681.3,1
169,114,1,0.1,0.1,0,0.2,0.1,0,0.2,0.2,0.1,0,0,22560.4,1
169,115,10,0.9,0.9,0.4,2.5,0.9,0.4,1.6,1.6,0.8,0,0,225604.5,1
169,125,3,0.2,0.3,0.1,0.5,0.7,0.1,0.3,0.2,0.2,0.4,0,64917.4,1
169,134,7,0,0.8,0.3,0.5,2.3,0.2,0.2,1.9,0.3,0.3,0.2,137318.4,1
169,143,10,0.5,0.7,0.4,1.5,2.2,0.4,1.7,1.3,0.7,0.4,0.2,197683.7,1
169,158,2,0,0.1,0.1,0.1,0.5,0.1,0.6,0.1,0.1,0.1,0.2,48588.2,1
169,174,2,0,0.1,0.1,0.4,0.4,0,0.3,0.4,0,0.2,0.1,45460.8,1
169,176,1,0,0,0,0.2,0.2,0,0.2,0.2,0,0.1,0.1,22730.4,1
169,182,3,0.1,0.1,0.2,0.4,0.7,0.1,0.6,0.3,0.3,0.1,0.1,66819.8,1
169,183,24,1,0.7,1.4,3.2,5.3,1.1,4.9,2.5,2.1,1.1,0.7,534558.1,1
169,184,35,1,4.5,0,11,6,1.5,3,4,4,0,0,839725.2,0
169,185,5,0.2,0.2,0.3,0.7,1.1,0.2,1,0.5,0.4,0.2,0.2,111366.3,1
169,192,1,0.1,0.1,0,0.2,0.2,0.1,0.1,0.1,0,0.1,0,19228.9,1
169,198,2,0,0.3,0.1,0.2,0.5,0.1,0.3,0.2,0.2,0,0.1,42681,1
169,199,28,0.5,3.7,0.7,3.5,7.7,0.7,4,3.5,2.2,0.5,1,597533.6,1
169,200,59.5,2,3.5,0,10,9,2,10,13,2,5,3,1406252.7,0
169,201,50,3,6,0,8,9,5,7,7,2,0,3,1181926.3,0
169,202,15,0.5,1.9,0.7,1.5,3.6,0,2.3,2.7,0.8,0.3,0.7,354166.7,1
169,208,2,0.2,0.4,0.2,0.5,0.5,0,0.1,0,0.1,0,0,42581.6,1
169,209,24,2.2,4.4,2.4,5.4,5.9,0.5,1,0.5,1.2,0.5,0,510979.1,1
169,210,6,0.6,1.1,0.6,1.4,1.5,0.1,0.2,0.1,0.3,0.1,0,127744.8,1
169,211,4,0.4,0.7,0.4,0.9,1,0.1,0.1,0.1,0.2,0.1,0,85163.2,1
169,218,2,0.2,0.2,0.2,0.4,0.4,0,0.3,0.1,0.1,0.1,0,41795.6,1
169,219,9,0.7,0.9,0.7,1.9,1.9,0.2,1.1,0.6,0.3,0.6,0.1,188080.3,1
169,230,5,0.1,0.3,0.5,0.4,1.1,0,0.9,1,0.2,0.2,0.3,116828.1,1
169,231,23,0.4,1.2,2.2,1.8,5,0,4.4,4.8,1,1,1.2,537409.2,1
169,232,6,0.2,0.4,0.3,1.2,1.3,0.2,0.9,1.1,0.2,0.2,0,133470.1,1
169,233,6,0.2,0.4,0.3,1.2,1.3,0.2,0.9,1.1,0.2,0.2,0,133470.1,1
169,234,4.5,0.2,0.3,0.2,0.9,1,0.1,0.7,0.8,0.1,0.2,0,100102.6,1
169,243,2,0.1,0.2,0.2,0.3,0.5,0.1,0.3,0.2,0.1,0,0,48963.1,1
169,246,6,0.3,0.5,0.6,0.8,1.4,0.2,1.1,0.6,0.4,0.1,0,146889.4,1
169,252,22,0.8,2.4,1.2,1.6,3.6,0,4,5.6,1.2,0.4,1.2,480009.2,1
169,253,2,0.1,0.2,0.1,0.2,0.3,0,0.4,0.5,0.1,0,0.1,43637.2,1
170,4,3,0,0.1,0.1,0.2,0.4,0,1.3,0.5,0.1,0.3,0,64461.2,1
170,5,2,0,0.1,0.1,0.1,0.2,0,0.9,0.3,0.1,0.2,0,42974.1,1
170,17,10,0,1.4,0.7,0.5,2.2,0,2.4,0.7,0.2,1.4,0.5,188281.4,1
170,27,2,0.2,0.2,0.1,0.3,0.4,0.1,0.2,0.2,0.1,0.1,0.1,38993.9,1
170,28,15,1.6,1.3,1.1,2.4,3.3,0.5,1.8,1.1,0.5,0.9,0.5,292454.2,1
170,29,90,3,10,4,20,16,4,10,10,4,7,2,1701932.6,0
170,30,21,2.3,1.8,1.5,3.3,4.5,0.7,2.5,1.5,0.8,1.3,0.8,409435.9,1
170,32,2,0.1,0.2,0.2,0.3,0.5,0.1,0.3,0.1,0.1,0.1,0,40863.7,1
170,37,15,0.5,1.4,1.6,2.6,3.8,0.7,2.3,0.9,0.7,0.5,0,306477.7,1
170,38,6,0.2,0.6,0.6,1,1.5,0.3,0.9,0.4,0.3,0.2,0,122591.1,1
170,40,7,0.2,0.7,0.8,1.2,1.8,0.3,1.1,0.4,0.3,0.2,0,143022.9,1
170,47,2,0,0.4,0.1,0.2,0.5,0.1,0.2,0.2,0.2,0.1,0,45790.9,1
170,51,3,0.1,0.5,0.1,0.3,0.7,0.1,0.4,0.4,0.3,0.1,0,68686.3,1
170,52,15,1.7,2.5,0.5,2.3,4,0.2,1,1,1,0.8,0,298965.5,1
170,57,2,0.2,0.1,0.1,0.4,0.1,0.1,0.4,0.4,0,0.1,0.1,39348.2,1
170,60,5,0.4,0.2,0.2,1,0.2,0.3,1.1,1.1,0.1,0.3,0.1,98370.6,1
170,61,63.5,4,7,2,17,10,3,4,10,2.5,4,0,1308119.1,0
170,62,104,8,14,8,15,22,1,9,9,7,10,1,2070120.1,0
170,63,18,1.7,1,0.2,4.3,3,1,2.4,2.3,1.4,0.5,0.2,356001.2,1
170,64,12,1.2,0.7,0.1,2.9,2,0.7,1.6,1.5,0.9,0.3,0.1,237334.2,1
170,93,3,0.4,0,0,1.2,0.2,0.3,0.3,0.1,0.4,0.1,0,71956.8,1
170,94,5,0.8,0,0,2,0.3,0.6,0.5,0.1,0.6,0.1,0,119928.1,1
170,100,3,0.4,0,0,1.2,0.2,0.3,0.3,0.1,0.4,0.1,0,71956.8,1
170,107,5,0.1,0.6,0.7,0.8,1.4,0,0.8,0.3,0.1,0.1,0.1,97642.3,1
170,108,4,0.1,0.5,0.5,0.6,1.1,0,0.6,0.3,0.1,0.1,0.1,78113.8,1
170,122,2.5,0.2,0.2,0.1,0.4,0.6,0.1,0.2,0.2,0.2,0.3,0,54097.8,1
170,131,2,0.1,0.2,0.1,0.3,0.5,0.1,0.2,0.1,0.1,0.3,0,43278.3,1
170,136,4,0,0.4,0.2,0.3,1.3,0.1,0.1,1.1,0.2,0.2,0.1,78467.7,1
170,140,1,0,0.1,0.1,0.1,0.3,0,0,0.3,0,0.1,0,19616.9,1
170,141,2,0,0.2,0.1,0.1,0.7,0,0,0.6,0.1,0.1,0.1,39233.8,1
170,142,7,0.4,0.5,0.3,1,1.5,0.3,1.2,0.9,0.5,0.3,0.1,138378.6,1
170,143,15,0.8,1.1,0.6,2.2,3.3,0.6,2.5,1.9,1.1,0.6,0.3,296525.5,1
170,144,13,0.7,1,0.5,1.9,2.9,0.5,2.2,1.7,0.9,0.5,0.2,256988.8,1
170,147,2,0,0.3,0,0.1,0.6,0,0.1,0.6,0,0.2,0.1,43091.9,1
170,153,4,0,0.1,0.3,0.1,0.9,0.2,1.2,0.3,0.3,0.3,0.3,97176.4,1
170,164,2,0.1,0.2,0.1,0.3,0.5,0.1,0.3,0.1,0.1,0.2,0,40815.6,1
170,175,1,0,0,0,0.2,0.2,0,0.2,0.2,0,0.1,0.1,22730.4,1
170,176,2,0,0.1,0.1,0.4,0.4,0,0.3,0.4,0,0.2,0.1,45460.8,1
170,183,10,0.4,0.3,0.6,1.3,2.2,0.4,2.1,1,0.9,0.5,0.3,222732.6,1
170,184,7,0.3,0.2,0.4,0.9,1.6,0.3,1.5,0.7,0.6,0.3,0.2,155912.8,1
170,192,12.5,1.5,1.7,0.4,2.6,2.8,0.6,0.9,1.1,0.1,0.6,0.2,240361.7,1
170,193,4,0.5,0.5,0.1,0.8,0.9,0.2,0.3,0.4,0,0.2,0.1,76915.8,1
170,199,7,0.1,0.9,0.2,0.9,1.9,0.2,1,0.9,0.6,0.1,0.2,149383.4,1
170,200,57,0.5,3,5,4,12,0,19,8,3.5,1,1,1364740.4,0
170,201,40,0,1,0,0,6,0,18,10,0,5,0,1037574.9,0
170,202,40,1,6,1,2,9,2,7,8,3,0,1,1027844.2,0
170,206,4,0.1,0.5,0.2,0.4,1,0,0.6,0.7,0.2,0.1,0.2,94444.5,1
170,211,2,0.2,0.4,0.2,0.5,0.5,0,0.1,0,0.1,0,0,42581.6,1
170,230,7,0.1,0.4,0.7,0.5,1.5,0,1.3,1.5,0.3,0.3,0.4,163559.3,1
170,231,9,0.1,0.5,0.9,0.7,1.9,0,1.7,1.9,0.4,0.4,0.5,210290.6,1
170,232,5,0.2,0.3,0.2,1,1.1,0.2,0.7,0.9,0.2,0.2,0,111225.1,1
170,233,1,0,0.1,0.1,0.2,0.2,0,0.2,0.2,0,0,0,22245,1
170,235,4,0.2,0.3,0.2,0.8,0.9,0.1,0.6,0.7,0.1,0.1,0,88980.1,1
170,236,7,0.3,0.5,0.3,1.5,1.6,0.2,1,1.2,0.2,0.2,0,155715.1,1
170,248,5,0.3,0.4,0.5,0.7,1.1,0.2,0.9,0.5,0.3,0.1,0,122407.8,1
170,250,71,1,7,8,10,19,2,4,5,8,0,7,1759776.6,0
170,251,18,1,1.5,2,2.4,4.1,0.7,3.2,1.7,1.2,0.2,0,440668.1,1
170,252,13,0.5,1.4,0.7,1,2.1,0,2.4,3.3,0.7,0.2,0.7,283641.8,1
171,1,2,0.2,0.3,0,0.4,0.4,0,0,0.2,0.3,0.2,0,35894.9,1
171,10,2,0,0.1,0.1,0.1,0.2,0,0.9,0.3,0.1,0.2,0,42974.1,1
171,27,1,0.1,0.1,0.1,0.2,0.2,0,0.1,0.1,0,0.1,0,19496.9,1
171,28,34,2,4,0,7,8,1,0,6,4,0,2,711030.2,0
171,29,79,5,13,8,15,20,4,3,5,3,3,0,1408153.1,0
171,30,54,2,4,1,15,7,6,3,8,5,3,0,1044429.7,0
171,31,41,6,2,1,17,3,1,5,1,5,0,0,817861.1,0
171,33,2,0.1,0.2,0.2,0.3,0.5,0.1,0.3,0.1,0.1,0.1,0,40863.7,1
171,46,6,0.2,1.1,0.2,0.7,1.5,0.2,0.7,0.7,0.5,0.2,0,137372.7,1
171,51,3,0.1,0.5,0.1,0.3,0.7,0.1,0.4,0.4,0.3,0.1,0,68686.3,1
171,52,12,1.4,2,0.4,1.8,3.2,0.2,0.8,0.8,0.8,0.6,0,239172.4,1
171,54,5,0.6,0.8,0.2,0.8,1.3,0.1,0.3,0.3,0.3,0.3,0,99655.2,1
171,55,2,0.3,0.3,0.1,0.3,0.5,0.1,0.1,0.1,0.1,0.1,0,39862.1,1
171,59,3,0.3,0.1,0.1,0.6,0.1,0.2,0.6,0.6,0.1,0.2,0.1,59022.3,1
171,60,25,2.1,1,1,5.2,1.1,1.6,5.2,5.2,0.5,1.6,0.5,491852.8,1
171,61,36.5,1,6.5,1,6,9,0,3,6,3,1,0,864943.9,0
171,62,97,5,9,13,18,19,2,10,8,6,6,1,1739934.3,0
171,63,53,2,2,4,5,10,2,16,6,4,1,1,978824.3,0
171,64,89,10,6,2,29,7,3,7,11,9,5,0,1690523.9,0
171,65,25,2.4,1.5,0.2,6,4.1,1.5,3.4,3.1,1.9,0.7,0.2,494446.2,1
171,66,1,0.1,0.1,0,0.2,0.2,0.1,0.1,0.1,0.1,0,0,19777.8,1
171,77,3,0.1,0,0,0.8,0.2,0,1,0.2,0.4,0.3,0,68615.5,1
171,79,2,0.1,0,0,0.5,0.1,0,0.6,0.2,0.3,0.2,0,45743.7,1
171,137,5,0,0.6,0.2,0.4,1.6,0.1,0.1,1.4,0.2,0.3,0.1,98084.6,1
171,138,7,0,0.8,0.3,0.5,2.3,0.2,0.2,1.9,0.3,0.3,0.2,137318.4,1
171,144,5,0.3,0.4,0.2,0.7,1.1,0.2,0.8,0.6,0.4,0.2,0.1,98841.8,1
171,149,2,0,0.3,0,0.1,0.6,0,0.1,0.6,0,0.2,0.1,43091.9,1
171,168,1,0,0.1,0,0.2,0.3,0,0.1,0.1,0.1,0.1,0,20407.8,1
171,174,4,0.1,0.1,0.1,0.8,0.8,0.1,0.6,0.8,0.1,0.4,0.1,90921.7,1
171,175,7,0.2,0.2,0.2,1.3,1.3,0.2,1.1,1.3,0.2,0.7,0.3,159112.9,1
171,181,4,0.1,0.1,0.1,0.8,0.8,0.1,0.6,0.8,0.1,0.4,0.1,90921.7,1
171,184,4,0.2,0.1,0.2,0.5,0.9,0.2,0.8,0.4,0.4,0.2,0.1,89093,1
171,192,5,0.6,0.7,0.1,1.1,1.1,0.2,0.4,0.5,0,0.2,0.1,96144.7,1
171,193,23,0,2,0,9,5,0.5,3,0,1.5,2,0,431088.9,0
171,199,11,0.2,1.4,0.3,1.4,3,0.3,1.5,1.4,0.9,0.2,0.4,234745.4,1
171,200,70,5,2,0,18,7,2,8,8,6,12,2,1531768.6,0
171,201,92,2,7,2,11,19,1,3,30,7,6,4,2099299.4,0
171,202,21,0.8,2.7,0.9,2.1,5.1,0,3.2,3.8,1.1,0.4,0.9,495833.4,1
171,203,28,1,3.5,1.3,2.8,6.8,0,4.3,5,1.5,0.5,1.3,661111.2,1
171,204,16,0.6,2,0.7,1.6,3.9,0,2.4,2.9,0.9,0.3,0.7,377777.9,1
171,211,4,0.4,0.7,0.4,0.9,1,0.1,0.1,0.1,0.2,0.1,0,85163.2,1
171,212,3,0.2,0.3,0.3,0.6,0.6,0.1,0.4,0.2,0.1,0.2,0,62693.4,1
171,213,11,0.8,1.2,0.9,2.3,2.3,0.2,1.4,0.7,0.4,0.7,0.1,229875.9,1
171,218,3,0.2,0.3,0.3,0.6,0.6,0.1,0.4,0.2,0.1,0.2,0,62693.4,1
171,230,22,0.4,1.1,2.1,1.7,4.8,0,4.2,4.6,1,1,1.1,514043.6,1
171,231,19,0.3,1,1.8,1.5,4.1,0,3.7,4,0.8,0.8,1,443946.7,1
171,232,53,3,7,0,8,13,3,0,7,7,4,1,1331603.2,0
171,233,98,4,14,0,15,21,3,3,18,8,10,2,2197930.6,0
171,234,43,1,4,2,8,8,0,4,10,5,1,0,924381.1,0
171,236,5,0.2,0.3,0.2,1,1.1,0.2,0.7,0.9,0.2,0.2,0,111225.1,1
171,239,19,1.1,0.5,1.6,2.7,3.7,0,1.1,5.4,1.9,0.5,0.5,424383.6,1
171,240,4,0.2,0.1,0.4,0.6,0.8,0,0.2,1.1,0.4,0.1,0.1,89343.9,1
171,247,4,0.2,0.3,0.4,0.5,0.9,0.2,0.7,0.4,0.3,0.1,0,97926.2,1
171,248,19,1,1.5,2,2.6,4.4,0.8,3.3,1.8,1.3,0.3,0,465149.6,1
171,249,95,4.5,11.5,2,16,24,3.5,12,8,8.5,0,5,2406244.5,0
171,250,80,5,8,10,11,19,2,10,4,1,0,10,1871891.6,0
171,251,103.5,0,20.5,5,1,44,0,6,12,6,3,6,2511224.2,0
171,252,46,1,8,0,8,15,2,1,1,9,0,1,1160124.1,0
171,253,4,0.2,0.4,0.2,0.3,0.7,0,0.7,1,0.2,0.1,0.2,87274.4,1
171,255,5,0.2,0.5,0.3,0.3,0.8,0,0.9,1.3,0.3,0.1,0.3,109093,1
172,1,5,0,0.4,0.1,0.5,1.4,0,0.9,1.1,0.5,0,0.1,101371,1
172,2,3,0.1,0.2,0.2,0.7,0.5,0,0.6,0.2,0.1,0.2,0.2,52250.6,1
172,10,2,0.1,0.3,0,0.4,0.4,0.1,0.1,0.3,0.2,0.1,0,42024.9,1
172,27,11,0,2.4,0.5,1,3.1,0.3,1,2.1,0.3,0,0.3,167561.9,1
172,29,73,5,11,2,18,12,2,6,0,15,2,0,1378624.1,0
172,30,69.5,9,5,4,20,11,2,1,1,13.5,1,2,1349046.2,0
172,31,41,4.5,3,1,16,4,3.5,0,0,6,3,0,786711,0
172,33,2,0,0.1,0.2,0.4,0.3,0,0.8,0.2,0,0,0,41762.7,1
172,34,1,0,0,0.1,0.2,0.2,0,0.4,0.1,0,0,0,20881.3,1
172,51,6,0,1,0.3,0.7,1.8,0.1,0.6,0.2,0.9,0.3,0.1,112194,1
172,59,4,0,0.3,0.2,0.7,0.7,0.1,1,0.3,0.1,0.4,0.2,86892.4,1
172,61,9,0,0.6,0.3,1.6,1.6,0.3,2.3,0.7,0.3,1,0.3,195507.9,1
172,62,60,4,2,1,7,15,1,11,13,1,1,4,1335417.2,0
172,63,30,0,4,3,1,13,0,4,4,1,0,0,777669.6,0
172,64,5,0.4,0.8,0.1,1,1.2,0.2,0.5,0.3,0.5,0,0,115648,1
172,70,2,0.1,0.2,0,0.2,0.5,0,0.3,0.4,0.1,0.1,0.1,42919.5,1
172,77,1,0,0.2,0.1,0.1,0.3,0,0.1,0.2,0,0,0,19577.9,1
172,88,2,0,0.2,0.1,0.2,0.5,0,0.4,0.2,0.1,0.3,0,38602.9,1
172,89,2,0,0.2,0.1,0.2,0.5,0,0.4,0.2,0.1,0.3,0,38602.9,1
172,101,4,0.4,0.3,0,1.1,0.8,0.3,0.4,0.2,0.4,0,0.1,77033.5,1
172,106,4,0.4,0.3,0,1.1,0.8,0.3,0.4,0.2,0.4,0,0.1,77033.5,1
172,118,3,0,0.2,0.1,0.4,1,0.2,0.1,0.5,0.4,0,0.1,67240.4,1
172,121,12,0.2,0.7,0.4,1.5,3.8,0.7,0.4,2,1.6,0.2,0.5,268961.6,1
172,135,2,0.1,0,0.1,0.5,0.2,0,0.4,0.3,0.2,0.2,0,42063.2,1
172,138,7,0.3,0,0.3,1.9,0.5,0,1.3,1.1,0.8,0.8,0,147221.3,1
172,139,12,0.5,0,0.5,3.2,0.9,0,2.3,1.8,1.4,1.4,0,252379.4,1
172,142,11,0.6,0.7,1.1,2.4,2,0.2,0.7,1.1,0.7,1.5,0,220526.4,1
172,143,20,1.2,1.2,2,4.4,3.6,0.4,1.2,2,1.2,2.8,0,400957.1,1
172,144,1,0,0.1,0.1,0.2,0.2,0,0.1,0.1,0.1,0.1,0,20047.9,1
172,145,2,0.1,0.1,0.2,0.5,0.4,0,0.1,0.2,0.1,0.3,0,40095.7,1
172,147,4,0.1,0.5,0.2,0.5,1.1,0.1,0.7,0.4,0.4,0,0,87791.5,1
172,156,8,0.1,2,0.4,0.6,2,0,0.9,1.2,0.6,0.2,0,158018.6,1
172,163,5,0.3,0.1,0,1.1,1.1,0.1,0.6,1,0.5,0.1,0.1,123877,1
172,171,1,0.1,0,0,0.2,0.2,0,0.1,0.2,0.1,0,0.1,24775.4,1
172,172,2,0,0.2,0.4,0,0.5,0.1,0.2,0.5,0,0.1,0,55437.1,1
172,174,14,0,1.6,2.7,0,3.2,0.5,1.6,3.8,0,0.6,0,388059.8,1
172,179,7,0.2,1.5,0,0.4,2.1,0,0.2,1.6,0.6,0.4,0,162811.7,1
172,182,2,0.2,0,0.2,0.5,0.6,0.2,0,0.1,0.1,0.1,0,42938.6,1
172,184,7,0.8,0.2,0.6,1.7,2.3,0.6,0,0.2,0.4,0.2,0,150285,1
172,185,6,0.7,0.2,0.5,1.4,1.9,0.5,0,0.2,0.4,0.2,0,128815.7,1
172,192,8,0.6,0.5,0,2,1.2,0.3,1.6,0,1.5,0.3,0,159356.2,1
172,199,3,0.2,0.3,0,0.6,0.7,0,0.3,0.6,0.2,0.1,0,74317.5,1
172,200,52.5,0,4,0,3,14,0,11,8,2.5,7,3,1247021.5,0
172,201,56,3,12,1,4,14,0,7,4,4,4,3,1285605.1,0
172,202,39,1,3,3,8,5,1,8,9,0,1,0,954708.5,0
172,203,25,1,1,1,5,1,0,5,8,0,2,1,709706.8,0
172,204,3,0,0.2,0,0.4,0.3,0.1,0.5,0.8,0.1,0.5,0.1,71035.4,1
172,211,20,1,1.5,0.5,5.3,3.8,1,1.8,1.8,2.3,0.8,0.2,378951.1,1
172,212,1,0,0.1,0.1,0.1,0.3,0,0.1,0.1,0.1,0.1,0,25625.7,1
172,213,5,0,0.8,0.4,0.3,1.6,0,0.3,0.5,0.4,0.7,0,128128.4,1
172,216,7,0,1,0.6,0.5,2.2,0,0.5,0.7,0.6,0.9,0,179379.8,1
172,227,6,0.1,0.7,0.1,1.2,1,0,1.4,0.8,0.4,0.1,0.2,156791.8,1
172,228,1,0,0.1,0,0.2,0.2,0,0.2,0.1,0.1,0,0.1,26132,1
172,230,7,0.1,0.8,0.1,1.4,1.2,0,1.6,0.9,0.5,0.1,0.3,182923.8,1
172,231,109.5,19.5,7,0,40,16,7,2,2,15,0,1,2293270.1,0
172,232,112,5,23,5,10,36,0,9,11,8,0,5,2498096.8,0
172,233,105,4,9,6,16,24,3,15,11,8,6,3,2381062.9,0
172,234,42,1,2,4,3,9,1,3,16,3,0,0,1057224.1,0
172,235,1,0,0.1,0,0.1,0.3,0,0.2,0.2,0.1,0,0,25236.5,1
172,238,8,0,0.9,0.1,0.6,2.4,0,1,1.7,0.4,0.6,0.3,212469.5,1
172,239,4,0,0.4,0.1,0.3,1.2,0,0.5,0.9,0.2,0.3,0.1,106234.8,1
172,240,10,0,1.1,0.2,0.7,3,0,1.3,2.1,0.5,0.7,0.4,265586.9,1
172,241,3,0,0.3,0.1,0.2,0.9,0,0.4,0.6,0.2,0.2,0.1,79676.1,1
172,242,8,0,1,0.6,0.9,2.1,0,1,1.4,0.7,0,0.3,155736,1
172,243,2,0,0.2,0.1,0.2,0.5,0,0.3,0.4,0.2,0,0.1,38934,1
172,245,9,0,1.1,0.7,1,2.4,0,1.1,1.6,0.8,0,0.3,175203,1
172,248,9,0.1,0.9,0.4,1.1,2.3,0.3,1.1,1.2,1.2,0.4,0,243747.1,1
172,249,98,7.5,14,3,30,21,3.5,6,4,7,2,0,1919472,0
172,250,65,3,12,3,10,16,1,10,3,4,1,2,1585599.4,0
172,251,99,6,8,7,13,18,2,23,12,5,1,4,2493606.2,0
172,252,10,0.5,1.2,0.5,1.7,2.4,0.1,1.4,1.1,0.6,0.1,0.4,255886.8,1
172,254,4,0.2,0.5,0.2,0.7,1,0,0.5,0.4,0.3,0,0.2,102354.7,1
172,255,11,0.5,1.3,0.5,1.8,2.7,0.2,1.5,1.2,0.7,0.1,0.5,281475.5,1
173,7,5,0.3,0.6,0.1,0.9,1,0.2,0.3,0.8,0.5,0.3,0,105062.2,1
173,8,1,0.1,0.1,0,0.2,0.2,0,0.1,0.1,0.1,0.1,0,21012.4,1
173,19,8,0.6,0.7,0.1,1.8,1.6,0.1,0.8,0.9,1,0.4,0,141101.8,1
173,33,4,0,0.1,0.4,0.8,0.6,0,1.6,0.5,0,0,0,83525.4,1
173,41,2,0,0,0,0.6,0.2,0.2,0.3,0.3,0.1,0.3,0,38892,1
173,42,6,0,1,0.3,0.7,1.8,0.1,0.6,0.2,0.9,0.3,0.1,112194,1
173,58,1,0,0.1,0,0.2,0.2,0,0.3,0.1,0,0.1,0,21723.1,1
173,62,17,1.3,2.8,0.3,3.5,4.1,0.6,1.6,0.9,1.9,0,0,393203.2,1
173,63,15,1.1,2.5,0.3,3.1,3.6,0.5,1.4,0.8,1.7,0,0,346944,1
173,64,12,0.9,2,0.2,2.4,2.9,0.5,1.1,0.7,1.3,0,0,277555.2,1
173,70,9,0.4,1,0.2,0.8,2.5,0,1.2,1.9,0.4,0.4,0.2,193137.7,1
173,74,7,0.2,1.3,0.2,0.9,2.2,0.3,0.6,0.5,0.7,0.1,0,142638.6,1
173,77,8,0,1.5,0.5,0.5,2.2,0,0.7,1.9,0.5,0.2,0,156623.2,1
173,80,2,0,0.4,0.1,0.1,0.5,0,0.2,0.5,0.1,0.1,0,39155.8,1
173,81,2,0,0.4,0.1,0.1,0.5,0,0.2,0.5,0.1,0.1,0,39155.8,1
173,89,2,0,0.2,0.1,0.2,0.5,0,0.4,0.2,0.1,0.3,0,38602.9,1
173,93,2,0.2,0.1,0,0.6,0.4,0.1,0.2,0.1,0.2,0,0.1,38516.7,1
173,139,5,0.2,0,0.2,1.3,0.4,0,0.9,0.8,0.6,0.6,0,105158.1,1
173,142,11,0.6,0.7,1.1,2.4,2,0.2,0.7,1.1,0.7,1.5,0,220526.4,1
173,143,2,0.1,0.1,0.2,0.5,0.4,0,0.1,0.2,0.1,0.3,0,40095.7,1
173,150,4,0.1,0.5,0.2,0.5,1.1,0.1,0.7,0.4,0.4,0,0,87791.5,1
173,151,13,0.5,1.5,0.7,1.7,3.4,0.3,2.2,1.2,1.5,0,0,285322.4,1
173,154,1,0,0.2,0.1,0.1,0.3,0,0.1,0.1,0.1,0,0,19752.3,1
173,155,18,0.3,4.6,1,1.3,4.6,0,2,2.6,1.3,0.3,0,355541.8,1
173,160,3,0,0.8,0.2,0.2,0.8,0,0.3,0.4,0.2,0.1,0,59257,1
173,169,7,0.3,0.2,0,1.5,1.5,0.2,0.8,1.4,0.7,0.2,0.2,173427.8,1
173,178,29.5,2,4,0,3,8,0,2,5,3.5,2,0,657182.7,0
173,179,1,0,0.2,0,0.1,0.3,0,0,0.2,0.1,0.1,0,23258.8,1
173,180,1,0,0.2,0,0.1,0.3,0,0,0.2,0.1,0.1,0,23258.8,1
173,193,15,1.2,0.9,0,3.7,2.2,0.5,3.1,0,2.7,0.7,0,298792.9,1
173,200,21,1.5,1.8,0.4,4,4.8,0,2.2,4.1,1.1,0.7,0.4,520222.3,1
173,201,49,0,7,1,4,14,1,6,3,2,10,1,1059983,0
173,202,25,0.4,1.4,0.4,3.2,2.9,0.7,3.9,6.4,1.1,3.9,0.7,591961.6,1
173,203,3,0,0.2,0,0.4,0.3,0.1,0.5,0.8,0.1,0.5,0.1,71035.4,1
173,211,3,0.1,0.2,0.1,0.8,0.6,0.2,0.3,0.3,0.3,0.1,0,56842.7,1
173,220,1,0,0.1,0.1,0.1,0.3,0,0.1,0.1,0.1,0.1,0,25625.7,1
173,232,3,0,0.4,0.1,0.4,0.8,0.1,0.5,0.4,0.2,0.1,0,75709.5,1
173,233,97,0,12,9,7,29,1,15,8,7,5,4,2052439.2,0
173,234,88,2,8.5,6,6,31,1,17,5,1.5,2,8,2132453.3,0
173,235,103.5,3,7.5,1,19,18,3,40,6,4,1,1,2300266.9,0
173,236,20,0,2.4,0.8,2.9,5.3,0.4,3.3,2.9,1.6,0.4,0,504729.8,1
173,237,24,0,2.6,0.4,1.7,7.3,0,3,5.1,1.3,1.7,0.9,637408.5,1
173,238,4,0,0.4,0.1,0.3,1.2,0,0.5,0.9,0.2,0.3,0.1,106234.8,1
173,242,2,0,0.2,0.1,0.2,0.5,0,0.3,0.4,0.2,0,0.1,38934,1
173,247,4,0.1,0.4,0.2,0.5,1,0.1,0.5,0.5,0.5,0.2,0,108332,1
173,248,66.5,12,0,4.5,29,6,2,6,2,1,2,2,1401259.1,0
173,249,128,19,6,3,59,11,10,4,2,14,0,0,2699062.1,0
173,250,41,1,2,3,4,7,1,19,4,0,0,0,1089249.4,0
173,251,79.5,4,4,1,14,14,1,25,8,4.5,0,4,2120659.5,0
173,252,16,0.8,1.9,0.8,2.6,3.9,0.2,2.2,1.8,1,0.1,0.7,409418.9,1
174,2,6,0.3,0.3,0.3,1.4,1.1,0,1.2,0.4,0.2,0.4,0.4,104501.1,1
174,8,7,0.4,0.9,0.1,1.3,1.3,0.3,0.4,1.1,0.7,0.5,0,147087.1,1
174,14,3,0.2,0.3,0,0.7,0.6,0,0.3,0.3,0.4,0.2,0,52913.2,1
174,15,8,0.6,0.7,0.1,1.8,1.6,0.1,0.8,0.9,1,0.4,0,141101.8,1
174,28,2,0,0.4,0.1,0.2,0.6,0,0.2,0.4,0,0,0.1,30465.8,1
174,32,5,0,0.2,0.5,1,0.8,0,1.9,0.6,0,0,0,104406.7,1
174,43,1,0,0.2,0.1,0.1,0.3,0,0.1,0,0.1,0.1,0,18699,1
174,59,3,0,0.2,0.1,0.5,0.6,0.1,0.8,0.2,0.1,0.3,0.1,65169.3,1
174,65,2,0.2,0.3,0,0.4,0.5,0.1,0.2,0.1,0.2,0,0,46259.2,1
174,67,4,0.2,0.4,0.1,0.4,1.1,0,0.5,0.8,0.2,0.2,0.1,85839,1
174,75,4,0.1,0.8,0.1,0.5,1.2,0.2,0.4,0.3,0.4,0,0,81507.8,1
174,76,2,0,0.4,0,0.3,0.6,0.1,0.2,0.2,0.2,0,0,40753.9,1
174,77,34.5,2,0,4,7,10,1,5,1,4.5,0,0,675896.1,0
174,78,11,0,2,0.7,0.7,3,0,1,2.6,0.7,0.3,0,215356.9,1
174,79,6,0,1.1,0.4,0.4,1.6,0,0.5,1.4,0.4,0.2,0,117467.4,1
174,80,3,0,0.5,0.2,0.2,0.8,0,0.3,0.7,0.2,0.1,0,58733.7,1
174,85,3,0.1,0.3,0.1,0.3,0.7,0,0.6,0.3,0.1,0.4,0.1,57904.4,1
174,114,4,0.1,0.2,0.1,0.5,1.3,0.2,0.1,0.7,0.5,0.1,0.2,89653.9,1
174,131,1,0,0.1,0,0.2,0.3,0,0.1,0.2,0.1,0,0,25489.8,1
174,145,2,0.1,0.1,0.2,0.5,0.4,0,0.1,0.2,0.1,0.3,0,40095.7,1
174,154,1,0,0.2,0.1,0.1,0.3,0,0.1,0.1,0.1,0,0,19752.3,1
174,160,9,0.2,2.3,0.5,0.6,2.3,0,1,1.3,0.6,0.2,0,177770.9,1
174,161,2,0,0.5,0.1,0.2,0.5,0,0.2,0.3,0.2,0,0,39504.6,1
174,171,1,0.1,0,0,0.2,0.2,0,0.1,0.2,0.1,0,0.1,24775.4,1
174,177,4,0.1,0.9,0,0.2,1.2,0,0.1,0.9,0.4,0.2,0,93035.3,1
174,178,15.5,0.4,3.4,0,0.9,4.5,0,0.5,3.6,1.3,0.9,0,360511.7,1
174,181,2,0,0.4,0,0.1,0.6,0,0.1,0.5,0.2,0.1,0,46517.6,1
174,193,21.5,1.7,1.3,0,5.3,3.1,0.8,4.4,0,3.9,1,0,428269.8,1
174,200,20,1.4,1.8,0.3,3.9,4.6,0,2.1,3.9,1,0.7,0.3,495449.8,1
174,201,96.5,5,9.5,9,13,21,3,14,10,3,7,2,1993091.5,0
174,202,10,0.1,0.6,0.1,1.3,1.1,0.3,1.6,2.6,0.4,1.6,0.3,236784.6,1
174,203,2,0,0.1,0,0.3,0.2,0.1,0.3,0.5,0.1,0.3,0.1,47356.9,1
174,204,2,0,0.1,0,0.3,0.2,0.1,0.3,0.5,0.1,0.3,0.1,47356.9,1
174,205,2,0,0.1,0,0.3,0.2,0.1,0.3,0.5,0.1,0.3,0.1,47356.9,1
174,206,1,0,0.1,0,0.1,0.1,0,0.2,0.3,0,0.2,0,23678.5,1
174,212,2,0,0.3,0.2,0.1,0.6,0,0.1,0.2,0.2,0.3,0,51251.4,1
174,218,2,0,0.3,0.2,0.1,0.6,0,0.1,0.2,0.2,0.3,0,51251.4,1
174,220,1,0,0.1,0.1,0.1,0.3,0,0.1,0.1,0.1,0.1,0,25625.7,1
174,221,4,0,0.6,0.3,0.3,1.3,0,0.3,0.4,0.3,0.5,0,102502.7,1
174,229,1,0,0.1,0,0.2,0.2,0,0.2,0.1,0.1,0,0.1,26132,1
174,232,9,0,1.1,0.3,1.3,2.4,0.2,1.5,1.3,0.7,0.2,0,227128.4,1
174,233,35,0,5,0,4,5,0,6,7,4,0,4,925054.1,0
174,234,43,0,7,5,1,16,0,4,1,2,1,6,1007637.6,0
174,235,57,1,11,1,7,12,1,13,4,3,1,3,1247923.5,0
174,236,10,0,1.2,0.4,1.4,2.7,0.2,1.7,1.4,0.8,0.2,0,252364.9,1
174,243,3,0,0.4,0.2,0.3,0.8,0,0.4,0.5,0.3,0,0.1,58401,1
174,247,2,0,0.2,0.1,0.2,0.5,0.1,0.2,0.3,0.3,0.1,0,54166,1
174,249,71.5,11,8.5,1,27,9,4.5,0,0,10.5,0,0,1285115.3,0
174,251,6,0.1,0.6,0.3,0.7,1.5,0.2,0.7,0.8,0.8,0.3,0,162498,1
174,252,21,1,2.5,1,3.5,5.1,0.3,2.9,2.3,1.4,0.1,0.9,537362.3,1
174,253,2,0.1,0.3,0.1,0.3,0.5,0,0.3,0.2,0.1,0,0.1,51177.4,1
174,254,32,0,2,1,7,5,2,3,6,2,1,3,923590,0
174,255,41,2,5,0,10,10,5,0,3,4,1,1,1076437.6,0
175,7,14,0.8,1.8,0.3,2.6,2.7,0.5,0.8,2.2,1.4,0.9,0,294174.2,1
175,8,22,1.3,2.8,0.4,4.1,4.3,0.8,1.3,3.4,2.1,1.5,0,462273.8,1
175,15,2,0.1,0.2,0,0.5,0.4,0,0.2,0.2,0.3,0.1,0,35275.4,1
175,22,4,0,0.8,0.2,0.4,1.1,0.1,0.4,0.8,0.1,0,0.1,60931.6,1
175,25,9,0,1.9,0.4,0.9,2.6,0.2,0.9,1.7,0.2,0,0.2,137096.1,1
175,27,3,0,0.6,0.1,0.3,0.8,0.1,0.3,0.6,0.1,0,0.1,45698.7,1
175,29,6,0,1.3,0.3,0.6,1.7,0.1,0.6,1.1,0.1,0,0.2,91397.4,1
175,32,1,0,0,0.1,0.2,0.2,0,0.4,0.1,0,0,0,20881.3,1
175,33,2,0,0.1,0.2,0.4,0.3,0,0.8,0.2,0,0,0,41762.7,1
175,34,4,0,0.1,0.4,0.8,0.6,0,1.6,0.5,0,0,0,83525.4,1
175,35,7,0,0.2,0.7,1.4,1.1,0,2.7,0.9,0,0,0,146169.4,1
175,39,8,0.2,0.2,0,2.4,1,0.6,1.2,1,0.4,1,0,155568,1
175,46,5,0,0.8,0.3,0.5,1.5,0.1,0.5,0.2,0.7,0.3,0.1,93495,1
175,61,3,0,0.2,0.1,0.5,0.6,0.1,0.8,0.2,0.1,0.3,0.1,65169.3,1
175,67,1,0,0.1,0,0.1,0.3,0,0.1,0.2,0.1,0.1,0,21459.7,1
175,74,9,0.2,1.7,0.2,1.2,2.8,0.4,0.8,0.7,0.9,0.1,0,183392.5,1
175,75,60,1,11,1,8,15,2,5,5,11,0,1,1349651.8,0
175,76,80,4,16,4,17,22,5,0,2,9,0,1,1618005.1,0
175,77,53.5,4,7.5,5,11,10,1,6,5,3,1,0,890144.8,0
175,78,45,2,2,2,8,7,1,3,15,1,4,0,952390.7,0
175,83,3,0.1,0.3,0.1,0.3,0.7,0,0.6,0.3,0.1,0.4,0.1,57904.4,1
175,89,1,0,0.1,0.1,0.1,0.3,0,0.2,0.1,0,0.1,0,19301.5,1
175,107,4,0.4,0.3,0,1.1,0.8,0.3,0.4,0.2,0.4,0,0.1,77033.5,1
175,108,4,0.4,0.3,0,1.1,0.8,0.3,0.4,0.2,0.4,0,0.1,77033.5,1
175,112,7,0.1,0.4,0.2,0.9,2.2,0.4,0.2,1.2,1,0.1,0.3,156894.3,1
175,123,5,0.1,0.7,0.1,0.8,1.3,0,0.5,0.7,0.5,0.1,0.2,127449.2,1
175,125,2,0,0.3,0,0.3,0.5,0,0.2,0.3,0.2,0.1,0.1,50979.7,1
175,162,2,0.1,0.1,0,0.4,0.4,0,0.2,0.4,0.2,0.1,0.1,49550.8,1
175,168,6,0.3,0.1,0,1.3,1.3,0.1,0.7,1.2,0.6,0.2,0.2,148652.4,1
175,175,3,0,0.3,0.6,0,0.7,0.1,0.4,0.8,0,0.1,0,83155.7,1
175,177,1,0,0.2,0,0.1,0.3,0,0,0.2,0.1,0.1,0,23258.8,1
175,185,1,0.1,0,0.1,0.3,0.3,0.1,0,0,0.1,0,0,21469.3,1
175,193,2,0.1,0.1,0,0.5,0.3,0.1,0.4,0,0.4,0.1,0,39839.1,1
175,200,44,2,3,0,10,8,4,10,0,3,1,3,961054.9,0
175,201,78,4,9.5,3.5,16,18,0,14,4,3,4,2,1785369.5,0
175,202,19,0.3,1.1,0.3,2.4,2.2,0.5,3,4.9,0.8,3,0.5,449890.8,1
175,203,1,0,0.1,0,0.1,0.1,0,0.2,0.3,0,0.2,0,23678.5,1
175,206,2,0,0.1,0,0.3,0.2,0.1,0.3,0.5,0.1,0.3,0.1,47356.9,1
175,214,8,0,1.2,0.7,0.5,2.6,0,0.5,0.8,0.7,1,0,205005.5,1
175,227,2,0,0.2,0,0.4,0.4,0,0.5,0.3,0.1,0,0.1,52263.9,1
175,231,7,0.1,0.8,0.1,1.4,1.2,0,1.6,0.9,0.5,0.1,0.3,182923.8,1
175,232,6,0,0.7,0.2,0.9,1.6,0.1,1,0.9,0.5,0.1,0,151418.9,1
175,233,50,3,8,1,8,13,2,5,4,5,0,1,1238649.4,0
175,240,2,0,0.2,0,0.1,0.6,0,0.3,0.4,0.1,0.2,0.1,53117.4,1
175,243,9,0,1.1,0.7,1,2.4,0,1.1,1.6,0.8,0,0.3,175203,1
175,247,2,0,0.2,0.1,0.2,0.5,0.1,0.2,0.3,0.3,0.1,0,54166,1
175,249,5,0.1,0.5,0.2,0.6,1.3,0.1,0.6,0.7,0.7,0.2,0,135415,1
175,250,5,0.1,0.5,0.2,0.6,1.3,0.1,0.6,0.7,0.7,0.2,0,135415,1
175,251,11,0.2,1.1,0.5,1.3,2.8,0.3,1.3,1.5,1.5,0.5,0,297913.1,1
175,252,16.5,0.8,2,0.8,2.7,4,0.2,2.3,1.8,1.1,0.1,0.7,422213.3,1
175,253,4,0.2,0.5,0.2,0.7,1,0,0.5,0.4,0.3,0,0.2,102354.7,1
175,254,22,1.1,2.6,1.1,3.7,5.3,0.3,3,2.4,1.4,0.2,0.9,562951,1
175,255,41,4,4,0,9,9,0,3,4,6,0,2,949744.5,0
176,4,3,0.1,0.2,0.2,0.7,0.5,0,0.6,0.2,0.1,0.2,0.2,52250.6,1
176,6,22,1.3,1.3,1.3,5.2,3.9,0,4.5,1.3,0.6,1.3,1.3,383170.8,1
176,7,27,1.6,3.4,0.5,5,5.2,1.1,1.6,4.2,2.6,1.8,0,567336,1
176,8,65,3,7,3,14,6,3,1,17,7,4,0,1203859.6,0
176,9,18,1,2.3,0.4,3.3,3.5,0.7,1.1,2.8,1.7,1.2,0,378224,1
176,10,4,0.2,0.5,0.1,0.7,0.8,0.2,0.2,0.6,0.4,0.3,0,84049.8,1
176,11,3,0.2,0.4,0,0.5,0.6,0.1,0.2,0.5,0.3,0.2,0,63037.3,1
176,13,5,0.4,0.4,0.1,1.1,1,0.1,0.5,0.5,0.6,0.3,0,88188.6,1
176,25,1,0,0.2,0.1,0.1,0.3,0,0.1,0.2,0,0,0,15232.9,1
176,27,2,0,0.4,0.1,0.2,0.6,0,0.2,0.4,0,0,0.1,30465.8,1
176,32,5,0,0.2,0.5,1,0.8,0,1.9,0.6,0,0,0,104406.7,1
176,38,1,0,0,0,0.3,0.1,0.1,0.2,0.1,0.1,0.1,0,19446,1
176,52,2,0,0.1,0.1,0.3,0.4,0.1,0.5,0.1,0.1,0.2,0.1,43446.2,1
176,53,2,0,0.1,0.1,0.3,0.4,0.1,0.5,0.1,0.1,0.2,0.1,43446.2,1
176,64,3,0.2,0.5,0.1,0.6,0.7,0.1,0.3,0.2,0.3,0,0,69388.8,1
176,71,3,0.1,0.4,0.1,0.3,0.8,0,0.4,0.6,0.1,0.1,0.1,64379.2,1
176,73,4,0.1,0.8,0.1,0.5,1.2,0.2,0.4,0.3,0.4,0,0,81507.8,1
176,74,2,0,0.4,0,0.3,0.6,0.1,0.2,0.2,0.2,0,0,40753.9,1
176,75,10,0.2,1.9,0.2,1.3,3.1,0.5,0.9,0.8,1,0.1,0,203769.5,1
176,76,19,0.4,3.6,0.4,2.5,5.9,0.9,1.7,1.5,1.9,0.2,0,387162,1
176,77,68,0,6,9,10,17,1,3,9,3,10,0,1062088.3,0
176,78,32,1,2,2,7,8,0,5,3,2,1,1,549309.2,0
176,83,4,0.1,0.3,0.2,0.3,1,0,0.9,0.4,0.2,0.5,0.1,77205.8,1
176,85,1,0,0.1,0.1,0.1,0.3,0,0.2,0.1,0,0.1,0,19301.5,1
176,91,7,0.2,0.6,0.3,0.6,1.7,0,1.6,0.6,0.3,0.9,0.2,135110.2,1
176,108,5,0.5,0.4,0,1.4,1.1,0.3,0.5,0.2,0.5,0,0.1,96291.8,1
176,117,9,0.1,0.6,0.3,1.1,2.9,0.5,0.3,1.5,1.2,0.1,0.4,201721.2,1
176,121,1,0,0.1,0,0.1,0.3,0.1,0,0.2,0.1,0,0.1,22413.5,1
176,122,4,0.1,0.5,0.1,0.7,1.1,0,0.4,0.5,0.4,0.1,0.1,101959.4,1
176,128,4,0.1,0.5,0.1,0.7,1.1,0,0.4,0.5,0.4,0.1,0.1,101959.4,1
176,143,1,0,0.1,0.1,0.2,0.2,0,0.1,0.1,0.1,0.1,0,20047.9,1
176,149,6,0.2,0.7,0.3,0.8,1.6,0.1,1,0.6,0.7,0,0,131687.3,1
176,161,2,0,0.5,0.1,0.2,0.5,0,0.2,0.3,0.2,0,0,39504.6,1
176,162,4,0.2,0.1,0,0.8,0.9,0.1,0.5,0.8,0.4,0.1,0.1,99101.6,1
176,163,2,0.1,0.1,0,0.4,0.4,0,0.2,0.4,0.2,0.1,0.1,49550.8,1
176,164,1,0.1,0,0,0.2,0.2,0,0.1,0.2,0.1,0,0.1,24775.4,1
176,169,7,0.3,0.2,0,1.5,1.5,0.2,0.8,1.4,0.7,0.2,0.2,173427.8,1
176,175,4,0,0.5,0.8,0,0.9,0.1,0.5,1.1,0,0.1,0,110874.2,1
176,176,3,0,0.3,0.6,0,0.7,0.1,0.4,0.8,0,0.1,0,83155.7,1
176,178,3,0.1,0.6,0,0.2,0.9,0,0.1,0.7,0.2,0.2,0,69776.5,1
176,182,3,0.3,0.1,0.3,0.7,1,0.2,0,0.1,0.2,0.1,0,64407.9,1
176,185,4,0.5,0.1,0.4,0.9,1.3,0.4,0,0.1,0.2,0.1,0,85877.2,1
176,186,4,0.5,0.1,0.4,0.9,1.3,0.4,0,0.1,0.2,0.1,0,85877.2,1
176,193,6,0.5,0.3,0,1.5,0.9,0.2,1.2,0,1.1,0.3,0,119517.2,1
176,194,16,1.3,0.9,0,4,2.3,0.6,3.3,0,2.9,0.7,0,318712.4,1
176,199,3,0.2,0.3,0,0.6,0.7,0,0.3,0.6,0.2,0.1,0,74317.5,1
176,200,3,0.2,0.3,0,0.6,0.7,0,0.3,0.6,0.2,0.1,0,74317.5,1
176,201,7,0.5,0.6,0.1,1.4,1.6,0,0.7,1.4,0.4,0.2,0.1,173407.4,1
176,202,80,4,11,9,9,25,0,10,3,3,3,3,1695441.9,0
176,203,86.5,4,10.5,11,13,20,1,9,8,6,2,2,1470139.5,0
176,230,3,0,0.3,0.1,0.6,0.5,0,0.7,0.4,0.2,0.1,0.1,78395.9,1
176,231,2,0,0.2,0,0.4,0.4,0,0.5,0.3,0.1,0,0.1,52263.9,1
176,237,1,0,0.1,0,0.1,0.3,0,0.1,0.2,0.1,0.1,0,26558.7,1
176,244,4,0,0.5,0.3,0.4,1.1,0,0.5,0.7,0.4,0,0.1,77868,1
176,250,8,0.1,0.8,0.4,0.9,2,0.2,1,1.1,1.1,0.4,0,216664,1
176,251,15,0.2,1.6,0.7,1.8,3.8,0.4,1.8,2,2,0.7,0,406245.1,1
176,252,3,0.2,0.4,0.2,0.5,0.7,0,0.4,0.3,0.2,0,0.1,76766,1
176,254,2,0.1,0.3,0.1,0.3,0.5,0,0.3,0.2,0.1,0,0.1,51177.4,1
176,255,16,0.8,1.9,0.8,2.6,3.9,0.2,2.2,1.8,1,0.1,0.7,409418.9,1
177,6,35,0,3,3,4,6,2,11,2,3,1,0,612250.9,0
177,7,59,4,7,2,11,13,1,8,5,2,5,1,1144028.5,0
177,8,73,5,11,1,16,14,1,3,7,6,8,1,1386164.2,0
177,9,33,2,2,1,7,5,1,4,7,2,1,1,625665.2,0
177,10,15,1.8,1.6,0.3,3.6,3.1,1,0.5,1,1,1.1,0,355736.4,1
177,11,9,1.1,0.9,0.2,2.2,1.9,0.6,0.3,0.6,0.6,0.6,0,213441.8,1
177,13,3,0.2,0.3,0,0.7,0.6,0,0.3,0.3,0.4,0.2,0,52913.2,1
177,32,7,0.2,0.2,0,2.1,0.9,0.5,1,0.9,0.3,0.9,0,136122,1
177,37,3,0.1,0.1,0,0.9,0.4,0.2,0.4,0.4,0.1,0.4,0,58338,1
177,39,1,0,0,0,0.3,0.1,0.1,0.2,0.1,0.1,0.1,0,19446,1
177,52,4,0.1,0.3,0.5,0.9,1.2,0.1,0.3,0.3,0,0.3,0,76700,1
177,53,3,0.1,0.2,0.4,0.7,0.9,0.1,0.2,0.2,0,0.2,0,57525,1
177,58,4,0,0.3,0.2,0.7,0.7,0.1,1,0.3,0.1,0.4,0.2,86892.4,1
177,65,2,0.1,0.2,0,0.2,0.5,0,0.3,0.4,0.1,0.1,0.1,42919.5,1
177,68,4,0.2,0.4,0.1,0.4,1.1,0,0.5,0.8,0.2,0.2,0.1,85839,1
177,71,4,0.2,0.4,0.1,0.4,1.1,0,0.5,0.8,0.2,0.2,0.1,85839,1
177,76,5,0.1,0.9,0.1,0.7,1.6,0.2,0.4,0.4,0.5,0.1,0,101884.7,1
177,77,38,1,5,0,6,5,2,12,5,0,2,0,728196.4,0
177,78,65,4,11,4,8,13,1,3,11,4,6,0,1236043.6,0
177,79,14,0.2,2.3,1.4,1.9,4.5,0,1.7,0.4,1,0,0.6,326114.2,1
177,80,2,0,0.3,0.2,0.3,0.7,0,0.2,0.1,0.1,0,0.1,46587.7,1
177,83,6,0.1,0.5,0.3,0.5,1.5,0,1.3,0.5,0.3,0.8,0.2,115808.7,1
177,106,2,0.2,0.1,0,0.6,0.4,0.1,0.2,0.1,0.2,0,0.1,38516.7,1
177,115,3,0,0.2,0.1,0.4,1,0.2,0.1,0.5,0.4,0,0.1,67240.4,1
177,117,3,0,0.2,0.1,0.4,1,0.2,0.1,0.5,0.4,0,0.1,67240.4,1
177,127,4,0.1,0.5,0.2,0.8,0.8,0.1,0.2,0.6,0.4,0.3,0,86433.1,1
177,130,12,0.3,1.5,0.6,2.5,2.5,0.3,0.6,1.8,1.2,0.7,0,259299.3,1
177,131,1,0,0.1,0.1,0.2,0.2,0,0.1,0.1,0.1,0.1,0,21608.3,1
177,139,5,0,0.9,0.1,0.6,1.2,0.1,0.6,0.2,0.5,0.5,0.3,104336.6,1
177,144,3,0.1,0.3,0.2,0.4,0.8,0.1,0.5,0.3,0.3,0,0,65843.6,1
177,146,2,0.1,0.2,0.1,0.3,0.5,0,0.4,0.2,0.2,0,0,43895.8,1
177,149,1,0,0.1,0.1,0.1,0.3,0,0.2,0.1,0.1,0,0,21947.9,1
177,150,5,0.2,0.6,0.3,0.6,1.3,0.1,0.8,0.5,0.6,0,0,109739.4,1
177,161,2,0.2,0.2,0,0.5,0.4,0.1,0.2,0.2,0.2,0,0,43606.3,1
177,163,1,0.1,0,0,0.2,0.2,0,0.1,0.2,0.1,0,0.1,24775.4,1
177,164,4,0.2,0.1,0,0.8,0.9,0.1,0.5,0.8,0.4,0.1,0.1,99101.6,1
177,169,4,0.3,0.5,0.1,0.8,0.8,0.1,0.4,0.3,0.3,0.2,0.2,85230.9,1
177,171,4,0.3,0.5,0.1,0.8,0.8,0.1,0.4,0.3,0.3,0.2,0.2,85230.9,1
177,174,38,1,4,0,6,13,1,2,3,3,1,4,664664.8,0
177,175,63,5,3,2,14,15,1,11,4,6,2,0,1249066.3,0
177,176,10,0.2,1.3,0.2,1.5,1.7,0.4,0.9,1.5,1.3,0.8,0.2,235089.5,1
177,177,6,0.3,0.1,0,1.2,1.1,0.3,0.5,1.1,0.7,0.4,0.3,112563.1,1
177,178,10,0.5,0.2,0,2,1.8,0.5,0.9,1.8,1.1,0.7,0.5,187605.1,1
177,179,5,0.2,0.1,0,1,0.9,0.2,0.5,0.9,0.6,0.4,0.2,93802.5,1
177,180,5,0.2,0.1,0,1,0.9,0.2,0.5,0.9,0.6,0.4,0.2,93802.5,1
177,185,4,0.5,0.1,0.4,0.9,1.3,0.4,0,0.1,0.2,0.1,0,85877.2,1
177,194,33.5,3,1,0.5,9,7,0,6,3,1,2,1,810452,0
177,200,8,0.2,0.7,0.4,1.2,1.3,0.2,1.2,1.8,0.6,0.4,0,218054.6,1
177,201,3,0,0.3,0.2,0.4,0.5,0.1,0.4,0.7,0.2,0.2,0,81770.5,1
177,202,38,1,0,4,9,9,0,5,3,2,2,3,982247.4,0
177,203,132.5,8,21.5,6,25,32,7,6,2,17,0,8,2871741.5,0
177,204,4,0.3,0.7,0,0.7,0.9,0,0.5,0.2,0.2,0.3,0.2,93421.7,1
177,205,1,0.1,0.2,0,0.2,0.2,0,0.1,0,0,0.1,0.1,23355.4,1
177,207,2,0.1,0.2,0,0.5,0.4,0.1,0.2,0.2,0.2,0.1,0,37895.1,1
177,208,3,0.1,0.2,0.1,0.8,0.6,0.2,0.3,0.3,0.3,0.1,0,56842.7,1
177,209,2,0.1,0.2,0,0.5,0.4,0.1,0.2,0.2,0.2,0.1,0,37895.1,1
177,215,1,0,0.1,0.1,0.1,0.3,0,0.1,0.1,0.1,0.1,0,25625.7,1
177,219,1,0,0.1,0.1,0.1,0.3,0,0.1,0.1,0.1,0.1,0,25625.7,1
177,224,4,0,0.5,0.1,0.8,0.7,0,0.9,0.5,0.3,0.1,0.1,104527.9,1
177,229,2,0,0.2,0,0.4,0.4,0,0.5,0.3,0.1,0,0.1,52263.9,1
177,232,3,0.1,0.2,0.1,0.3,0.9,0,0.5,0.7,0.1,0,0.1,65424.1,1
177,240,2,0,0.2,0.1,0.2,0.6,0,0.4,0.5,0,0,0,43616.1,1
177,242,3,0,0.4,0.2,0.3,0.8,0,0.4,0.5,0.3,0,0.1,58401,1
177,254,7,0.3,0.7,0.4,0.8,1.4,0.2,0.9,1.3,0.4,0.3,0.3,198521.9,1
177,255,31,1.3,3,1.9,3.3,6.4,0.7,4.1,5.8,1.9,1.3,1.3,879168.5,1
178,2,1,0,0.2,0.1,0.1,0.3,0,0.1,0.1,0.1,0,0,20297.1,1
178,3,7,0,1.6,0.5,0.5,2.1,0,0.7,1.1,0.5,0,0,142079.5,1
178,4,2,0,0.4,0.2,0.2,0.6,0,0.2,0.3,0.1,0,0,40594.2,1
178,6,24,0,5.4,1.8,1.8,7.2,0,2.4,3.6,1.8,0,0,487129.9,1
178,7,48,0,7,4,3,11,0,2,10,4,5,2,922453.9,0
178,8,42,0,2,0,9,8,1,8,3,1,10,0,709949.1,0
178,9,22,0,2,3,3,4,0,2,5,1,2,0,346519.8,0
178,12,5,0.4,0.4,0.1,1.1,1,0.1,0.5,0.5,0.6,0.3,0,88188.6,1
178,13,5,0.4,0.4,0.1,1.1,1,0.1,0.5,0.5,0.6,0.3,0,88188.6,1
178,16,4,0.3,0.3,0.1,0.9,0.8,0.1,0.4,0.4,0.5,0.2,0,70550.9,1
178,17,3,0.2,0.3,0,0.7,0.6,0,0.3,0.3,0.4,0.2,0,52913.2,1
178,23,3,0,0.6,0.1,0.3,0.8,0.1,0.3,0.6,0.1,0,0.1,45698.7,1
178,33,2,0,0,0,0.6,0.2,0.2,0.3,0.3,0.1,0.3,0,38892,1
178,40,3,0.1,0.1,0,0.9,0.4,0.2,0.4,0.4,0.1,0.4,0,58338,1
178,50,2,0,0.3,0.1,0.2,0.6,0,0.2,0.1,0.3,0.1,0.1,37398,1
178,53,3,0.1,0.2,0.4,0.7,0.9,0.1,0.2,0.2,0,0.2,0,57525,1
178,55,3,0.1,0.2,0.4,0.7,0.9,0.1,0.2,0.2,0,0.2,0,57525,1
178,62,5,0.2,0.6,0.1,0.5,1.4,0,0.7,1,0.2,0.2,0.1,107298.7,1
178,75,8,0.2,1.5,0.2,1.1,2.5,0.3,0.7,0.6,0.8,0.1,0,163015.6,1
178,76,10,0.2,1.9,0.2,1.3,3.1,0.5,0.9,0.8,1,0.1,0,203769.5,1
178,77,2,0,0.3,0.2,0.3,0.7,0,0.2,0.1,0.1,0,0.1,46587.7,1
178,78,10,0.2,1.6,1,1.3,3.2,0,1.2,0.3,0.7,0,0.5,232938.7,1
178,79,22,0.3,3.6,2.3,2.9,7.1,0,2.6,0.6,1.6,0,1,512465.2,1
178,82,4,0.1,0.3,0.2,0.3,1,0,0.9,0.4,0.2,0.5,0.1,77205.8,1
178,86,1,0,0.1,0.1,0.1,0.3,0,0.2,0.1,0,0.1,0,19301.5,1
178,87,3,0.1,0.3,0.1,0.3,0.7,0,0.6,0.3,0.1,0.4,0.1,57904.4,1
178,113,1,0,0.1,0,0.1,0.3,0.1,0,0.2,0.1,0,0.1,22413.5,1
178,116,7,0.1,0.4,0.2,0.9,2.2,0.4,0.2,1.2,1,0.1,0.3,156894.3,1
178,130,5,0.1,0.6,0.2,1.1,1.1,0.1,0.3,0.7,0.5,0.3,0,108041.4,1
178,136,7,0.5,1,0.5,1.3,1.6,0.2,0.8,0.3,0.8,0,0,130880.8,1
178,139,18,0,3.3,0.4,2.1,4.2,0.4,2.1,0.8,1.7,1.7,1.3,375611.9,1
178,140,4,0,0.7,0.1,0.4,0.9,0.1,0.5,0.2,0.4,0.4,0.3,83469.3,1
178,155,6,0.1,1.5,0.3,0.5,1.5,0,0.7,0.9,0.4,0.1,0,118513.9,1
178,157,5,0.4,0.6,0,1.2,1,0.3,0.4,0.4,0.5,0.1,0.1,109015.7,1
178,170,20,1.4,2.7,0.4,4.2,3.8,0.7,1.9,1.7,1.6,0.8,0.8,426154.6,1
178,171,31,2.1,4.2,0.6,6.5,6,1,3,2.7,2.5,1.2,1.2,660539.6,1
178,172,5,0.1,0.7,0.1,0.7,0.8,0.2,0.5,0.7,0.7,0.4,0.1,117544.7,1
178,173,91,8,4,8,23,16,4,9,6,7,6,0,1973449.9,0
178,174,79,3,14.5,2,8,24,2,2,7,10.5,6,0,1852123.4,0
178,175,37,4,3,1,6,8,1,8,2,2,0,2,807567.1,0
178,178,5,0.2,0.1,0,1,0.9,0.2,0.5,0.9,0.6,0.4,0.2,93802.5,1
178,179,2,0.1,0,0,0.4,0.4,0.1,0.2,0.4,0.2,0.1,0.1,37521,1
178,180,2,0.1,0,0,0.4,0.4,0.1,0.2,0.4,0.2,0.1,0.1,37521,1
178,181,1,0,0,0,0.2,0.2,0,0.1,0.2,0.1,0.1,0.1,18760.5,1
178,182,1,0.1,0,0.1,0.3,0.3,0.1,0,0,0.1,0,0,21469.3,1
178,194,24,0.4,2.2,1.3,3.6,4,0.5,3.6,5.3,1.8,1.3,0,654163.9,1
178,200,8,0.2,0.7,0.4,1.2,1.3,0.2,1.2,1.8,0.6,0.4,0,218054.6,1
178,202,5,0.3,0.9,0.1,0.9,1.2,0,0.6,0.2,0.2,0.4,0.2,116777.1,1
178,203,4,0.3,0.7,0,0.7,0.9,0,0.5,0.2,0.2,0.3,0.2,93421.7,1
178,208,8,0.4,0.6,0.2,2.2,1.5,0.4,0.7,0.7,0.9,0.3,0.1,151580.4,1
178,210,2,0.1,0.2,0,0.5,0.4,0.1,0.2,0.2,0.2,0.1,0,37895.1,1
178,229,5,0,0.6,0.1,1,0.9,0,1.1,0.7,0.3,0.1,0.2,130659.9,1
178,239,1,0,0.1,0,0.1,0.3,0,0.2,0.3,0,0,0,21808,1
178,240,9,0.2,0.8,0.4,0.8,2.6,0,1.6,2.2,0.2,0,0.2,196272.4,1
178,242,4,0,0.5,0.3,0.4,1.1,0,0.5,0.7,0.4,0,0.1,77868,1
178,255,15,0.6,1.5,0.9,1.6,3.1,0.4,2,2.8,0.9,0.6,0.6,425404.1,1
179,2,1,0,0.2,0.1,0.1,0.3,0,0.1,0.1,0.1,0,0,20297.1,1
179,7,14,1.7,1.4,0.2,3.4,2.9,0.9,0.5,1,1,1,0,332020.6,1
179,39,4,0.1,0.1,0,1.2,0.5,0.3,0.6,0.5,0.2,0.5,0,77784,1
179,46,1,0,0.2,0.1,0.1,0.3,0,0.1,0,0.1,0.1,0,18699,1
179,47,7,0,1.2,0.4,0.8,2.1,0.1,0.6,0.3,1,0.4,0.1,130893,1
179,51,1,0,0.2,0.1,0.1,0.3,0,0.1,0,0.1,0.1,0,18699,1
179,55,8,0.3,0.5,1.1,1.9,2.4,0.3,0.5,0.5,0,0.5,0,153399.9,1
179,76,4,0.1,0.8,0.1,0.5,1.2,0.2,0.4,0.3,0.4,0,0,81507.8,1
179,82,2,0,0.2,0.1,0.2,0.5,0,0.4,0.2,0.1,0.3,0,38602.9,1
179,90,2,0,0.2,0.1,0.2,0.5,0,0.4,0.2,0.1,0.3,0,38602.9,1
179,116,13,0.2,0.8,0.4,1.6,4.1,0.8,0.4,2.1,1.8,0.2,0.6,291375.1,1
179,118,3,0,0.2,0.1,0.4,1,0.2,0.1,0.5,0.4,0,0.1,67240.4,1
179,129,18,0.4,2.2,0.9,3.8,3.8,0.4,0.9,2.7,1.8,1.1,0,388948.9,1
179,130,7,0.2,0.9,0.3,1.5,1.5,0.2,0.3,1,0.7,0.4,0,151257.9,1
179,134,2,0.1,0.3,0.1,0.4,0.5,0.1,0.2,0.1,0.2,0,0,37394.5,1
179,139,4,0,0.7,0.1,0.4,0.9,0.1,0.5,0.2,0.4,0.4,0.3,83469.3,1
179,140,2,0,0.4,0.1,0.2,0.5,0,0.2,0.1,0.2,0.2,0.1,41734.7,1
179,141,2,0,0.4,0.1,0.2,0.5,0,0.2,0.1,0.2,0.2,0.1,41734.7,1
179,144,2,0.1,0.2,0.1,0.3,0.5,0,0.4,0.2,0.2,0,0,43895.8,1
179,155,5,0.1,1.3,0.3,0.4,1.3,0,0.5,0.7,0.3,0.1,0,98761.6,1
179,157,15,1.4,1.8,0.2,3.6,3.1,0.8,1.1,1.1,1.5,0.2,0.2,327047.2,1
179,159,3,0.3,0.4,0,0.7,0.6,0.2,0.2,0.2,0.3,0,0.1,65409.4,1
179,161,1,0.1,0.1,0,0.2,0.2,0.1,0.1,0.1,0.1,0,0,21803.1,1
179,170,5,0.3,0.7,0.1,1,1,0.2,0.5,0.4,0.4,0.2,0.2,106538.7,1
179,171,26,1.7,3.5,0.5,5.5,5,0.9,2.5,2.3,2.1,1,1,554001,1
179,172,51,2,4,3,10,10,2,8,4,5,2,1,1056572.3,0
179,173,105,2,13,5,22,30,1,7,11,6,6,2,1924618.8,0
179,174,127,12,18,2,40,23,8,4,0,20,0,0,2694363,0
179,175,42,2,7,3,12,7,2,4,0,4,0,1,813829.4,0
179,181,3,0.1,0.1,0,0.6,0.6,0.1,0.3,0.6,0.3,0.2,0.1,56281.5,1
179,182,2,0.2,0,0.2,0.5,0.6,0.2,0,0.1,0.1,0.1,0,42938.6,1
179,200,2,0,0.2,0.1,0.3,0.3,0,0.3,0.5,0.2,0.1,0,54513.7,1
179,201,5,0.1,0.5,0.3,0.7,0.8,0.1,0.7,1.1,0.4,0.3,0,136284.2,1
179,204,7,0.4,1.2,0.1,1.2,1.7,0,0.9,0.3,0.3,0.6,0.3,163488,1
179,207,13,0.7,1,0.3,3.4,2.5,0.7,1.1,1.1,1.5,0.5,0.2,246318.2,1
179,208,2,0.1,0.2,0,0.5,0.4,0.1,0.2,0.2,0.2,0.1,0,37895.1,1
179,222,2,0,0.2,0,0.4,0.4,0,0.5,0.3,0.1,0,0.1,52263.9,1
179,230,2,0,0.2,0,0.4,0.4,0,0.5,0.3,0.1,0,0.1,52263.9,1
179,235,2,0,0.2,0.1,0.2,0.6,0,0.4,0.5,0,0,0,43616.1,1
179,241,3,0.1,0.2,0.1,0.3,0.9,0,0.5,0.7,0.1,0,0.1,65424.1,1
179,248,12,0,1.5,0.9,1.3,3.2,0,1.5,2.1,1.1,0,0.4,233604,1
179,255,17,0.7,1.7,1.1,1.8,3.5,0.4,2.2,3.2,1,0.7,0.7,482124.6,1
180,7,7,0.8,0.7,0.1,1.7,1.5,0.5,0.2,0.5,0.5,0.5,0,166010.3,1
180,11,3,0.4,0.3,0.1,0.7,0.6,0.2,0.1,0.2,0.2,0.2,0,71147.3,1
180,17,1,0.1,0.1,0,0.2,0.2,0,0.1,0.1,0.1,0.1,0,17637.7,1
180,18,6,0.4,0.5,0.1,1.4,1.2,0.1,0.6,0.6,0.8,0.3,0,105826.3,1
180,21,2,0.1,0.2,0,0.5,0.4,0,0.2,0.2,0.3,0.1,0,35275.4,1
180,29,1,0,0.2,0.1,0.1,0.3,0,0.1,0.2,0,0,0,15232.9,1
180,39,2,0,0,0,0.6,0.2,0.2,0.3,0.3,0.1,0.3,0,38892,1
180,40,3,0.1,0.1,0,0.9,0.4,0.2,0.4,0.4,0.1,0.4,0,58338,1
180,41,3,0.1,0.1,0,0.9,0.4,0.2,0.4,0.4,0.1,0.4,0,58338,1
180,47,13,0,2.2,0.7,1.5,3.9,0.2,1.2,0.5,1.9,0.7,0.2,243087.1,1
180,51,5,0,0.8,0.3,0.5,1.5,0.1,0.5,0.2,0.7,0.3,0.1,93495,1
180,53,2,0.1,0.1,0.3,0.5,0.6,0.1,0.1,0.1,0,0.1,0,38350,1
180,76,6,0.1,1.1,0.1,0.8,1.9,0.3,0.5,0.5,0.6,0.1,0,122261.7,1
180,94,4,0.4,0.3,0,1.1,0.8,0.3,0.4,0.2,0.4,0,0.1,77033.5,1
180,104,2,0.2,0.1,0,0.6,0.4,0.1,0.2,0.1,0.2,0,0.1,38516.7,1
180,122,9,0.2,1.2,0.2,1.4,2.4,0,1,1.2,1,0.2,0.2,229408.6,1
180,126,13,0.3,1.7,0.3,2.1,3.4,0,1.4,1.7,1.4,0.3,0.4,331368,1
180,129,14,0.3,1.7,0.7,2.9,2.9,0.4,0.7,2.1,1.4,0.9,0,302515.8,1
180,136,12,0.8,1.8,0.8,2.2,2.8,0.3,1.4,0.5,1.4,0,0,224367,1
180,137,4,0,0.7,0.1,0.4,0.9,0.1,0.5,0.2,0.4,0.4,0.3,83469.3,1
180,140,1,0,0.2,0,0.1,0.2,0,0.1,0.1,0.1,0.1,0.1,20867.3,1
180,141,1,0,0.2,0,0.1,0.2,0,0.1,0.1,0.1,0.1,0.1,20867.3,1
180,150,10,0.4,1.1,0.6,1.3,2.6,0.2,1.7,1,1.1,0,0,219478.8,1
180,157,10.5,0.9,1.3,0.1,2.6,2.2,0.6,0.8,0.8,1,0.1,0.1,228933,1
180,158,38,6,3,0,8,7,0,3,4,6,1,0,763836.1,0
180,160,4,0.4,0.5,0,1,0.8,0.2,0.3,0.3,0.4,0,0.1,87212.6,1
180,167,2,0.1,0.3,0,0.4,0.4,0.1,0.2,0.2,0.1,0.1,0.1,42615.5,1
180,169,3,0.2,0.4,0.1,0.6,0.6,0.1,0.3,0.3,0.2,0.1,0.1,63923.2,1
180,170,4,0.3,0.5,0.1,0.8,0.8,0.1,0.4,0.3,0.3,0.2,0.2,85230.9,1
180,172,15,0.3,2,0.3,2.2,2.5,0.6,1.4,2.3,2,1.1,0.3,352634.2,1
180,173,33,5,1,2,10,4,4,3,2,2,0,0,669165.6,0
180,174,17,0.3,2.3,0.3,2.6,2.9,0.6,1.6,2.6,2.2,1.3,0.3,399652.1,1
180,190,3,0.6,0.3,0.2,0.9,0.3,0.1,0.2,0.3,0,0.1,0,61500.9,1
180,192,2,0,0.2,0.1,0.3,0.3,0,0.3,0.5,0.2,0.1,0,54513.7,1
180,202,4,0.3,0.7,0,0.7,0.9,0,0.5,0.2,0.2,0.3,0.2,93421.7,1
180,203,9.5,0.6,1.6,0.1,1.7,2.3,0,1.2,0.4,0.4,0.8,0.4,221876.5,1
180,204,4,0.3,0.7,0,0.7,0.9,0,0.5,0.2,0.2,0.3,0.2,93421.7,1
180,207,7,0.3,0.5,0.2,1.9,1.3,0.4,0.6,0.6,0.8,0.3,0.1,132632.9,1
180,209,2,0.1,0.2,0,0.5,0.4,0.1,0.2,0.2,0.2,0.1,0,37895.1,1
180,213,2,0,0.3,0.2,0.1,0.6,0,0.1,0.2,0.2,0.3,0,51251.4,1
180,217,12,0,1.8,1,0.8,3.8,0,0.8,1.3,1,1.5,0,307508.2,1
180,224,2,0,0.2,0,0.4,0.4,0,0.5,0.3,0.1,0,0.1,52263.9,1
180,233,6,0.1,0.5,0.3,0.5,1.8,0,1.1,1.5,0.1,0,0.1,130848.2,1
180,240,4,0.1,0.3,0.2,0.3,1.2,0,0.7,1,0.1,0,0.1,87232.2,1
180,254,7,0.3,0.7,0.4,0.8,1.4,0.2,0.9,1.3,0.4,0.3,0.3,198521.9,1
180,255,22,0.9,2.2,1.4,2.4,4.5,0.5,2.9,4.1,1.3,0.9,0.9,623926,1
181,5,5,0,1.1,0.4,0.4,1.5,0,0.5,0.7,0.4,0,0,101485.4,1
181,7,8,1,0.8,0.1,1.9,1.7,0.5,0.3,0.6,0.5,0.6,0,189726.1,1
181,9,2,0.3,0.2,0,0.5,0.4,0.1,0.1,0.1,0.1,0.2,0,47431.5,1
181,12,2,0.1,0.2,0,0.5,0.4,0,0.2,0.2,0.3,0.1,0,35275.4,1
181,36,1,0,0,0,0.3,0.1,0.1,0.2,0.1,0.1,0.1,0,19446,1
181,46,7,0,1.2,0.4,0.8,2.1,0.1,0.6,0.3,1,0.4,0.1,130893,1
181,53,7,0.2,0.5,0.9,1.6,2.1,0.2,0.5,0.5,0,0.5,0,134224.9,1
181,65,6,0.3,0.7,0.1,0.6,1.6,0,0.8,1.2,0.3,0.3,0.1,128758.5,1
181,69,4,0.2,0.4,0.1,0.4,1.1,0,0.5,0.8,0.2,0.2,0.1,85839,1
181,77,11,0.2,1.8,1.1,1.4,3.6,0,1.3,0.3,0.8,0,0.5,256232.6,1
181,78,7,0.1,1.2,0.7,0.9,2.3,0,0.8,0.2,0.5,0,0.3,163057.1,1
181,90,2,0,0.2,0.1,0.2,0.5,0,0.4,0.2,0.1,0.3,0,38602.9,1
181,94,8,0.7,0.6,0,2.3,1.7,0.6,0.8,0.4,0.7,0,0.2,154067,1
181,99,1,0.1,0.1,0,0.3,0.2,0.1,0.1,0,0.1,0,0,19258.4,1
181,104,2,0.2,0.1,0,0.6,0.4,0.1,0.2,0.1,0.2,0,0.1,38516.7,1
181,129,19,0.5,2.3,0.9,4,4,0.5,0.9,2.8,1.9,1.2,0,410557.2,1
181,130,1,0,0.1,0.1,0.2,0.2,0,0.1,0.1,0.1,0.1,0,21608.3,1
181,135,22.5,1.5,3.4,1.6,4.1,5.2,0.5,2.6,1,2.6,0,0,420688.2,1
181,136,73,2,10,4,12,20,4,2,4,14,1,0,1719928.8,0
181,137,53,1,12,3,9,10,1,4,5,5,3,0,992754.1,0
181,138,80.5,2.5,3.5,6,18,15,2,10,7,6.5,8,2,1733595.3,0
181,139,2,0,0.4,0.1,0.2,0.5,0,0.2,0.1,0.2,0.2,0.1,41734.7,1
181,142,3,0.1,0.3,0.2,0.4,0.8,0.1,0.5,0.3,0.3,0,0,65843.6,1
181,157,20,1.8,2.4,0.2,4.9,4.2,1.1,1.5,1.5,2,0.2,0.2,436062.9,1
181,158,15.5,1.4,1.9,0.2,3.8,3.2,0.9,1.1,1.1,1.5,0.2,0.2,337948.8,1
181,161,6,0.6,0.7,0.1,1.5,1.2,0.3,0.4,0.4,0.6,0.1,0.1,130818.9,1
181,169,5,0.3,0.7,0.1,1,1,0.2,0.5,0.4,0.4,0.2,0.2,106538.7,1
181,173,6,0.1,0.8,0.1,0.9,1,0.2,0.6,0.9,0.8,0.5,0.1,141053.7,1
181,181,5,0.2,0.1,0,1,0.9,0.2,0.5,0.9,0.6,0.4,0.2,93802.5,1
181,187,3,0.6,0.3,0.2,0.9,0.3,0.1,0.2,0.3,0,0.1,0,61500.9,1
181,188,52,2,2,1,11,6,5,7,12,5,1,0,1152972.2,0
181,189,20.5,4,2.5,1.2,6.1,1.8,0.6,1.2,2.5,0,0.6,0,420256.1,1
181,190,7,1.4,0.8,0.4,2.1,0.6,0.2,0.4,0.9,0,0.2,0,143502.1,1
181,193,2,0,0.2,0.1,0.3,0.3,0,0.3,0.5,0.2,0.1,0,54513.7,1
181,202,4,0.3,0.7,0,0.7,0.9,0,0.5,0.2,0.2,0.3,0.2,93421.7,1
181,206,4,0.3,0.7,0,0.7,0.9,0,0.5,0.2,0.2,0.3,0.2,93421.7,1
181,207,9,0.5,0.7,0.2,2.4,1.7,0.5,0.8,0.8,1,0.3,0.1,170528,1
181,209,5,0.3,0.4,0.1,1.3,0.9,0.3,0.4,0.4,0.6,0.2,0.1,94737.8,1
181,211,1,0,0.1,0,0.3,0.2,0.1,0.1,0.1,0.1,0,0,18947.6,1
181,231,6,0.1,0.7,0.1,1.2,1,0,1.4,0.8,0.4,0.1,0.2,156791.8,1
181,232,6,0.1,0.5,0.3,0.5,1.8,0,1.1,1.5,0.1,0,0.1,130848.2,1
181,233,7,0.2,0.6,0.3,0.6,2,0,1.2,1.7,0.2,0,0.2,152656.3,1
181,235,2,0,0.2,0.1,0.2,0.6,0,0.4,0.5,0,0,0,43616.1,1
181,254,20,0.8,2,1.2,2.2,4.1,0.5,2.6,3.7,1.2,0.8,0.9,567205.5,1
181,255,19,0.8,1.9,1.2,2,3.9,0.4,2.5,3.5,1.2,0.8,0.8,538845.2,1
182,3,1,0.1,0.2,0,0.2,0.2,0,0.1,0.1,0,0.1,0,19577.3,1
182,12,1,0.1,0.1,0,0.1,0.1,0,0.2,0.2,0.1,0.1,0,22519.7,1
182,15,2,0.1,0.2,0,0.3,0.3,0.1,0.4,0.4,0.1,0.1,0,45039.4,1
182,22,2,0.1,0.1,0.2,0.3,0.5,0,0.4,0.1,0.1,0.1,0.1,37897.9,1
182,39,2,0.1,0.2,0.1,0.2,0.5,0.1,0.2,0.3,0.2,0.1,0,34785.9,1
182,51,4,0.1,0.5,0.1,0.5,1,0.1,0.5,0.6,0.4,0.1,0.1,69571.9,1
182,57,4,0.1,0.4,0.1,1,0.7,0,0.6,0.6,0.2,0.1,0.2,75742.7,1
182,58,9,0.2,0.9,0.2,2.2,1.6,0,1.4,1.4,0.4,0.2,0.5,170421.2,1
182,59,3,0.1,0.3,0.1,0.7,0.5,0,0.4,0.5,0.1,0.1,0.2,56807.1,1
182,75,6,0.2,0.7,0.7,0.3,1.9,0.2,0.8,0.7,0.5,0,0,104681.5,1
182,84,7,0.4,0.7,0.3,0.8,1.6,0.5,0.4,1,0.6,0.3,0.4,145164.2,1
182,88,5,0.3,0.5,0.2,0.6,1.1,0.4,0.3,0.7,0.4,0.2,0.3,103688.7,1
182,89,4,0.2,0.4,0.2,0.5,0.9,0.3,0.2,0.6,0.3,0.2,0.2,82951,1
182,105,2,0,0.2,0,0.2,0.4,0,0.2,0.6,0.2,0.1,0.1,41050.5,1
182,116,7,0.7,0.7,0.2,1.6,1.1,0.5,0.7,0,0.8,0.5,0.2,168867.9,1
182,117,5,0.5,0.5,0.1,1.2,0.8,0.3,0.5,0,0.6,0.4,0.1,120619.9,1
182,135,17,0.5,1.3,2,4.3,3.3,0.8,2.8,1.3,0.5,0,0.2,359780.1,1
182,136,87.5,8.5,4,5,18,14,7.5,6,11,8.5,4,1,1559325.7,0
182,137,87,6,7,4,24,17,6,3,4,8,8,0,1894354.2,0
182,138,47,0,8.6,3.3,5.9,11.2,0.7,4,6,2,4,1.3,985023,1
182,139,5,0,0.9,0.4,0.6,1.2,0.1,0.4,0.6,0.2,0.4,0.2,104789.7,1
182,145,2,0.1,0.2,0.1,0.2,0.6,0.1,0.1,0.3,0.2,0.1,0,53400.4,1
182,146,1,0,0.1,0,0.1,0.3,0,0.1,0.2,0.1,0.1,0,26700.2,1
182,150,2,0.1,0.2,0.1,0.2,0.6,0.1,0.1,0.3,0.2,0.1,0,53400.4,1
182,153,2,0.1,0.2,0.1,0.3,0.6,0.1,0.2,0.2,0.1,0.1,0,41566.1,1
182,162,18,1,1.9,0.3,5,3.7,0.7,1.7,0.7,1.3,0,1.7,370625.6,1
182,163,1,0.1,0.1,0,0.3,0.2,0,0.1,0,0.1,0,0.1,20590.3,1
182,167,4,0.2,0.1,0.2,0.4,0.7,0.1,0.8,0.9,0.1,0.3,0.2,97467.1,1
182,168,14,0.6,0.4,0.9,1.5,2.4,0.2,2.8,3.2,0.4,0.9,0.7,341134.7,1
182,175,11,1.2,1,0.5,2.5,2.1,0.4,0.9,0.7,1.3,0.2,0.2,248577.6,1
182,176,3,0.3,0.3,0.1,0.7,0.6,0.1,0.3,0.2,0.4,0,0,67793.9,1
182,179,13,0,1.4,0.2,1.2,3.3,0.5,1.7,2.1,1.9,0,0.7,294151.5,1
182,180,5,0,0.5,0.1,0.5,1.3,0.2,0.6,0.8,0.7,0,0.3,113135.2,1
182,181,5,0,0.5,0.1,0.5,1.3,0.2,0.6,0.8,0.7,0,0.3,113135.2,1
182,187,5,0.3,0.3,0.2,0.9,1.3,0.3,0.4,0.5,0.4,0.3,0.1,110814,1
182,188,48,0,8,2,6,16,2,0,2,9,2,1,1417171.8,0
182,189,77,5,7.5,3.5,13,16,1,11,10,4,5,1,1623750.4,0
182,190,20,1.2,1.3,0.9,3.4,5.2,1.3,1.5,2.1,1.5,1,0.6,443256.1,1
182,202,4,0.3,0.5,0.2,0.7,0.8,0.1,0.5,0.4,0.3,0.2,0,99615.3,1
182,204,2,0.2,0.2,0.1,0.4,0.4,0.1,0.2,0.2,0.1,0.1,0,49807.6,1
182,205,6,0.5,0.7,0.4,1.1,1.1,0.2,0.7,0.6,0.4,0.2,0.1,149422.9,1
182,206,33,2.6,3.9,2,5.9,6.2,1,3.9,3.6,2.3,1.3,0.3,821825.9,1
182,208,4,0.3,0.5,0.4,0.2,1.5,0,0.2,0.4,0.3,0.1,0.1,83334.3,1
182,212,7,0.2,0.5,0.6,0.8,2.1,0.2,0.6,0.6,0.7,0.1,0.6,146082.9,1
182,224,3,0.2,0.1,0.1,0.6,0.3,0.1,1.2,0.3,0.1,0,0,72642.8,1
182,225,2,0.1,0.1,0.1,0.4,0.2,0,0.8,0.2,0.1,0,0,48428.5,1
182,226,2,0.1,0.1,0.1,0.4,0.2,0,0.8,0.2,0.1,0,0,48428.5,1
182,230,3,0.2,0.1,0.1,0.6,0.3,0.1,1.2,0.3,0.1,0,0,72642.8,1
182,241,3,0.1,0.3,0.1,0.2,0.9,0,0.3,0.5,0.3,0.2,0.1,64266.9,1
182,250,3,0,0.4,0,0.4,0.8,0.1,0.4,0.4,0.4,0.1,0,63821.8,1
182,254,17,0.6,2.5,0.9,2.8,2.2,0.6,2.5,2.5,0.9,0.6,0.9,507507.6,1
182,255,23,0,0,1,2,1,0,2,16,0,0,1,745410.9,0
183,9,6,0.7,1.3,0,1.3,1.1,0.2,0.4,0.4,0.3,0.3,0,117464,1
183,14,2,0.1,0.2,0,0.3,0.3,0.1,0.4,0.4,0.1,0.1,0,45039.4,1
183,24,5,0.3,0.4,0.5,0.7,1.3,0.1,0.9,0.2,0.3,0.2,0.1,94744.7,1
183,29,2,0.1,0.1,0.2,0.3,0.5,0,0.4,0.1,0.1,0.1,0.1,37897.9,1
183,41,2,0.1,0.2,0.1,0.2,0.5,0.1,0.2,0.3,0.2,0.1,0,34785.9,1
183,43,2,0.1,0.2,0.1,0.2,0.5,0.1,0.2,0.3,0.2,0.1,0,34785.9,1
183,52,3,0.1,0.3,0.1,0.7,0.5,0,0.4,0.5,0.1,0.1,0.2,56807.1,1
183,63,5,0,0.9,0.3,0.2,2,0,0.5,0.2,0.3,0.1,0.5,79356.6,1
183,70,5,0,0.9,0.3,0.2,2,0,0.5,0.2,0.3,0.1,0.5,79356.6,1
183,92,3,0,0.4,0,0.3,0.8,0.1,0.4,0.4,0.2,0.3,0.1,47935.9,1
183,110,4,0,0.4,0,0.4,0.9,0,0.5,1.2,0.4,0.1,0.1,82101.1,1
183,113,5,0.5,0.5,0.1,1.2,0.8,0.3,0.5,0,0.6,0.4,0.1,120619.9,1
183,125,5,0.3,0.3,0.2,0.9,0.9,0.3,0.9,0.2,0.8,0.2,0,102843.8,1
183,134,2,0.1,0.1,0.2,0.5,0.4,0.1,0.3,0.2,0.1,0,0,42327.1,1
183,136,13,0.4,1,1.5,3.3,2.5,0.6,2.1,1,0.4,0,0.2,275125.9,1
183,137,6,0,1.1,0.4,0.8,1.4,0.1,0.5,0.8,0.2,0.5,0.2,125747.6,1
183,138,7,0,1.3,0.5,0.9,1.6,0.1,0.6,0.9,0.3,0.6,0.2,146705.6,1
183,140,4,0,0.7,0.3,0.5,1,0.1,0.3,0.5,0.2,0.3,0.1,83831.7,1
183,151,4,0.2,0.3,0.2,0.5,1.2,0.1,0.2,0.7,0.4,0.2,0,106800.8,1
183,152,22,1.3,2,1.4,2.7,6.5,0.9,1.9,2.1,1.4,1.3,0.5,457226.8,1
183,160,4,0.1,0.3,0.3,0.5,1,0.1,0.6,0.6,0.2,0.3,0,88620.8,1
183,162,9,0.5,0.9,0.2,2.5,1.9,0.3,0.8,0.3,0.7,0,0.9,185312.8,1
183,167,6,0.3,0.2,0.3,0.6,1,0.1,1.2,1.4,0.2,0.4,0.3,146200.6,1
183,174,5,0.5,0.5,0.2,1.2,0.9,0.2,0.4,0.3,0.6,0.1,0.1,112989.8,1
183,175,22,2.4,2.1,0.9,5,4.1,0.9,1.8,1.5,2.7,0.3,0.3,497155.2,1
183,176,25,2.7,2.4,1,5.8,4.7,1,2,1.7,3.1,0.3,0.3,564949.1,1
183,177,2,0,0.2,0,0.2,0.5,0.1,0.3,0.3,0.3,0,0.1,45254.1,1
183,179,2,0,0.2,0,0.2,0.5,0.1,0.3,0.3,0.3,0,0.1,45254.1,1
183,188,25.5,1.5,1.6,1.1,4.4,6.6,1.7,1.9,2.7,1.9,1.3,0.8,565151.5,1
183,189,72,8,6,2,15,17,2,2,8,2,8,2,1433231.7,0
183,190,43,4,2,1,7,5,2,4,7,4,6,1,1108675.4,0
183,191,3,0.2,0.2,0.1,0.5,0.8,0.2,0.2,0.3,0.2,0.2,0.1,66488.4,1
183,200,5,0.1,0.1,0.3,1.5,0.7,0.1,0.8,0.8,0.1,0.4,0.1,110983.8,1
183,202,2,0.2,0.2,0.1,0.4,0.4,0.1,0.2,0.2,0.1,0.1,0,49807.6,1
183,203,2,0.2,0.2,0.1,0.4,0.4,0.1,0.2,0.2,0.1,0.1,0,49807.6,1
183,205,64,0,13,2,3,21,0,4,13,7,0,1,1443489.3,0
183,206,152.5,10,28,9,22,49,4,2,7,15.5,3,3,2920791.6,0
183,207,51,0,7,1,6,17,0,0,5,10,0,5,1190247.8,0
183,208,2,0.1,0.3,0.2,0.1,0.7,0,0.1,0.2,0.1,0.1,0.1,41667.2,1
183,211,6,0.4,0.8,0.6,0.3,2.2,0,0.3,0.7,0.4,0.1,0.2,125001.5,1
183,216,9,0.3,0.7,0.7,1,2.8,0.3,0.7,0.7,0.9,0.2,0.7,187820.9,1
183,233,8,0.5,0.2,0.5,2,1.1,0.9,1.4,0.2,0.2,0.5,0.5,154132.1,1
183,234,13,0.7,0.4,0.7,3.4,1.9,1.5,2.2,0.4,0.4,0.7,0.7,250464.7,1
183,235,4,0.2,0.1,0.2,1,0.6,0.5,0.7,0.1,0.1,0.2,0.3,77066.1,1
183,249,3,0,0.4,0,0.4,0.8,0.1,0.4,0.4,0.4,0.1,0,63821.8,1
183,250,1,0,0.2,0,0.1,0.3,0,0.1,0.1,0.1,0.1,0,21273.9,1
183,255,8,0.3,1.2,0.4,1.3,1,0.3,1.2,1.2,0.4,0.3,0.4,238827.1,1
184,12,3,0.2,0.3,0,0.4,0.5,0.1,0.6,0.5,0.2,0.2,0,67559.1,1
184,13,2,0.1,0.2,0,0.3,0.3,0.1,0.4,0.4,0.1,0.1,0,45039.4,1
184,14,14,0.9,1.3,0,1.7,2.2,0.4,3.1,2.6,0.9,0.9,0,315275.8,1
184,23,4,0.3,0.3,0.3,0.5,1,0.1,0.7,0.2,0.3,0.2,0.1,75795.8,1
184,65,4,0,0.7,0.3,0.2,1.6,0,0.3,0.2,0.3,0.1,0.3,63485.3,1
184,70,5,0,0.9,0.3,0.2,2,0,0.5,0.2,0.3,0.1,0.5,79356.6,1
184,75,1,0,0.1,0.1,0.1,0.3,0,0.2,0.1,0.1,0,0,17446.9,1
184,83,1,0.1,0.1,0,0.1,0.2,0.1,0.1,0.1,0.1,0,0.1,20737.7,1
184,89,2,0.1,0.2,0.1,0.2,0.5,0.1,0.1,0.3,0.2,0.1,0.1,41475.5,1
184,109,3,0,0.3,0,0.3,0.7,0,0.4,0.8,0.3,0.1,0.1,61575.8,1
184,110,9,0,0.9,0,0.9,2,0,1.1,2.6,0.9,0.3,0.3,184727.4,1
184,125,8,0.5,0.5,0.2,1.5,1.5,0.5,1.5,0.3,1.2,0.3,0,164550.1,1
184,133,2,0.1,0.1,0.2,0.5,0.4,0.1,0.3,0.2,0.1,0,0,42327.1,1
184,134,9,0.2,0.7,1.1,2.3,1.7,0.4,1.5,0.7,0.3,0,0.1,190471.8,1
184,136,6,0.2,0.4,0.7,1.5,1.2,0.3,1,0.4,0.2,0,0.1,126981.2,1
184,138,2,0,0.4,0.1,0.2,0.5,0,0.2,0.2,0.1,0.2,0.1,41915.9,1
184,148,3,0.1,0.2,0.1,0.4,1,0.1,0.1,0.5,0.3,0.2,0,80100.6,1
184,152,53,4,8,1,11,10,2,8,6,1,2,0,1255619,0
184,153,5,0.3,0.5,0.3,0.6,1.5,0.2,0.4,0.5,0.3,0.3,0.1,103915.2,1
184,155,5,0.3,0.5,0.3,0.6,1.5,0.2,0.4,0.5,0.3,0.3,0.1,103915.2,1
184,160,50,7,6,1,14,9,6,1,2,4,0,0,990016,0
184,161,2,0,0.2,0.1,0.2,0.5,0.1,0.3,0.3,0.1,0.2,0,44310.4,1
184,162,65.5,4,13,2,14,18,2,2,0,7.5,0,3,1252821.9,0
184,163,8,0.5,0.8,0.2,2.2,1.6,0.3,0.7,0.3,0.6,0,0.8,164722.5,1
184,164,4.5,0.2,0.5,0.1,1.3,0.9,0.2,0.4,0.2,0.3,0,0.4,92656.4,1
184,170,4,0.2,0.1,0.2,0.4,0.7,0.1,0.8,0.9,0.1,0.3,0.2,97467.1,1
184,176,8,0.9,0.8,0.3,1.8,1.5,0.3,0.7,0.5,1,0.1,0.1,180783.7,1
184,178,6,0,0.7,0.1,0.5,1.5,0.2,0.8,1,0.9,0,0.3,135762.2,1
184,181,4,0,0.4,0.1,0.4,1,0.1,0.5,0.7,0.6,0,0.2,90508.2,1
184,186,2,0,0.2,0,0.2,0.4,0,0.3,0.6,0.1,0.1,0.1,42150.2,1
184,187,20,1.2,1.3,0.9,3.4,5.2,1.3,1.5,2.1,1.5,1,0.6,443256.1,1
184,188,104,15,7,1,36,10,3,4,11,10,6,1,2177836.5,0
184,189,87.5,3,8.5,1,16,16,5,9,20,5,3,1,2079293.2,0
184,190,114.5,9.5,10.5,7,22,21,4,9,11,6.5,10,4,2377871.4,0
184,191,4,0.2,0.3,0.2,0.7,1,0.3,0.3,0.4,0.3,0.2,0.1,88651.2,1
184,202,2,0.2,0.2,0.1,0.4,0.4,0.1,0.2,0.2,0.1,0.1,0,49807.6,1
184,203,8,0.6,0.9,0.5,1.4,1.5,0.2,1,0.9,0.6,0.3,0.1,199230.5,1
184,204,9,0.7,1.1,0.5,1.6,1.7,0.3,1.1,1,0.6,0.3,0.1,224134.3,1
184,205,56,1,4,0,4,6,0,15,21,0,3,2,1286381.4,0
184,206,95.5,4,10.5,6,16,24,2,12,10,8,3,0,2051801.8,0
184,207,31,2,3.9,3.4,1.7,11.3,0,1.7,3.4,2,0.5,1.1,645840.9,1
184,211,1,0.1,0.1,0.1,0,0.4,0,0.1,0.1,0.1,0,0,20833.6,1
184,212,3,0.1,0.2,0.2,0.3,0.9,0.1,0.2,0.3,0.3,0.1,0.3,62607,1
184,215,5,0.1,0.4,0.4,0.6,1.5,0.2,0.4,0.4,0.5,0.1,0.4,104345,1
184,217,1,0,0.1,0.1,0.1,0.3,0,0.1,0.1,0.1,0,0.1,20869,1
184,224,10,0.6,0.4,0.4,1.9,1,0.2,4.1,1.2,0.2,0,0,242142.6,1
184,231,4,0.2,0.1,0.2,0.8,0.4,0.1,1.6,0.5,0.1,0,0,96857.1,1
184,235,2,0.1,0.1,0.1,0.5,0.3,0.2,0.3,0.1,0.1,0.1,0.1,38533,1
184,236,7,0.4,0.2,0.4,1.8,1,0.8,1.2,0.2,0.2,0.4,0.4,134865.6,1
184,237,5,0.2,0.5,0.2,0.3,1.6,0,0.5,0.8,0.4,0.3,0.2,107111.6,1
184,241,2,0.1,0.2,0.1,0.1,0.6,0,0.2,0.3,0.2,0.1,0.1,42844.6,1
184,248,6,0,0.9,0.1,0.8,1.5,0.2,0.8,0.7,0.7,0.2,0.1,127643.5,1
185,4,2,0.2,0.4,0,0.4,0.4,0.1,0.1,0.2,0.1,0.1,0,39154.7,1
185,9,2,0.2,0.4,0,0.4,0.4,0.1,0.1,0.2,0.1,0.1,0,39154.7,1
185,12,2,0.1,0.2,0,0.3,0.3,0.1,0.4,0.4,0.1,0.1,0,45039.4,1
185,13,2,0.1,0.2,0,0.3,0.3,0.1,0.4,0.4,0.1,0.1,0,45039.4,1
185,14,4,0.2,0.4,0,0.5,0.6,0.1,0.9,0.8,0.2,0.3,0,90078.8,1
185,37,2,0.1,0.2,0.1,0.2,0.5,0.1,0.2,0.3,0.2,0.1,0,34785.9,1
185,41,2,0.1,0.2,0.1,0.2,0.5,0.1,0.2,0.3,0.2,0.1,0,34785.9,1
185,82,6,0.3,0.6,0.2,0.7,1.4,0.5,0.4,0.8,0.5,0.2,0.4,124426.5,1
185,98,9,0,1.1,0,0.9,2.4,0.4,1.1,1.3,0.7,0.9,0.2,143807.7,1
185,109,1,0,0.1,0,0.1,0.2,0,0.1,0.3,0.1,0,0.1,20525.3,1
185,117,1,0.1,0.1,0,0.2,0.2,0.1,0.1,0,0.1,0.1,0,24124,1
185,129,4,0.2,0.3,0.1,0.8,0.8,0.2,0.8,0.1,0.6,0.1,0,82275,1
185,134,6,0.2,0.4,0.7,1.5,1.2,0.3,1,0.4,0.2,0,0.1,126981.2,1
185,136,2,0.1,0.1,0.2,0.5,0.4,0.1,0.3,0.2,0.1,0,0,42327.1,1
185,152,24.5,1.4,2.3,1.6,3,7.3,1,2.1,2.3,1.6,1.4,0.5,509184.4,1
185,153,27,0,4,2,0,8,1,5,2,2,3,0,640253.3,0
185,154,15,0.9,1.4,1,1.8,4.4,0.6,1.3,1.4,1,0.9,0.3,311745.5,1
185,155,14,0.8,1.3,0.9,1.7,4.2,0.6,1.2,1.3,0.9,0.8,0.3,290962.5,1
185,156,35,2,3.3,2.3,4.3,10.4,1.4,3,3.3,2.3,2,0.7,727406.3,1
185,157,43,0,6,0,7,10,0,8,4,3,3,2,902479.2,0
185,158,6,0.1,0.5,0.4,0.7,1.5,0.2,0.9,0.9,0.4,0.4,0,132931.3,1
185,159,7,0.1,0.6,0.4,0.8,1.8,0.2,1.1,1.1,0.4,0.5,0,155086.5,1
185,160,131,21,7,3,51,15,12,2,0,19,0,1,2727705.1,0
185,161,68,7,4,0,20,10,4.5,8,2,11.5,0,1,1612997.9,0
185,162,56,3,6.5,3,9,13,3.5,7,4,2,2,3,1206039.8,0
185,163,13,0.7,1.3,0.2,3.7,2.7,0.5,1.2,0.5,1,0,1.2,267674,1
185,169,2,0.1,0.1,0.1,0.2,0.3,0,0.4,0.5,0.1,0.1,0.1,48733.5,1
185,170,4,0.2,0.1,0.2,0.4,0.7,0.1,0.8,0.9,0.1,0.3,0.2,97467.1,1
185,177,4,0,0.4,0.1,0.4,1,0.1,0.5,0.7,0.6,0,0.2,90508.2,1
185,181,12,0,1.3,0.2,1.1,3.1,0.4,1.5,2,1.7,0,0.7,271524.5,1
185,184,2,0,0.2,0,0.2,0.4,0,0.3,0.6,0.1,0.1,0.1,42150.2,1
185,185,12,0.2,1,0.3,1.2,2.4,0.2,1.7,3.4,0.8,0.3,0.5,252901,1
185,186,30,0.4,2.5,0.8,3,5.9,0.4,4.2,8.5,2.1,0.9,1.3,632252.4,1
185,187,8,0.5,0.5,0.4,1.4,2.1,0.5,0.6,0.8,0.6,0.4,0.2,177302.4,1
185,188,41.5,0.5,3,4,2,9,0,7,9,1,6,0,762077.9,0
185,189,106.5,12,7.5,13,18,13,2,10,12,7,11,1,2092533.3,0
185,190,170.5,10,22,6,34,40,5,15,7,15.5,11,5,3245061.5,0
185,191,6,0.4,0.4,0.3,1,1.6,0.4,0.4,0.6,0.4,0.3,0.2,132976.8,1
185,196,5,0.1,0.1,0.3,1.5,0.7,0.1,0.8,0.8,0.1,0.4,0.1,110983.8,1
185,200,7,0.2,0.1,0.4,2.1,1,0.1,1.1,1.2,0.2,0.5,0.1,155377.3,1
185,203,46,2,2,3,15,8,3,5,1,7,0,0,815712.5,0
185,204,132,6,9,8,21,34,4,20,16,7,5,2,2942746.2,0
185,205,29,2,1,0,5,3,1,7,7,3,0,0,695345.7,0
185,206,16,1.3,1.9,0.9,2.9,3,0.5,1.9,1.7,1.1,0.6,0.2,398461,1
185,210,2,0.1,0.3,0.2,0.1,0.7,0,0.1,0.2,0.1,0.1,0.1,41667.2,1
185,211,4,0.3,0.5,0.4,0.2,1.5,0,0.2,0.4,0.3,0.1,0.1,83334.3,1
185,229,2,0.1,0.1,0.1,0.4,0.2,0,0.8,0.2,0.1,0,0,48428.5,1
185,230,4,0.2,0.1,0.2,0.8,0.4,0.1,1.6,0.5,0.1,0,0,96857.1,1
185,237,2,0.1,0.2,0.1,0.1,0.6,0,0.2,0.3,0.2,0.1,0.1,42844.6,1
185,239,4,0.2,0.4,0.2,0.2,1.2,0,0.4,0.7,0.3,0.2,0.2,85689.3,1
185,240,2,0.1,0.2,0.1,0.1,0.6,0,0.2,0.3,0.2,0.1,0.1,42844.6,1
185,242,6,0,0.9,0.1,0.8,1.5,0.2,0.8,0.7,0.7,0.2,0.1,127643.5,1
185,243,5,0,0.7,0.1,0.7,1.2,0.1,0.7,0.6,0.6,0.2,0.1,106369.6,1
185,248,12,0,1.8,0.2,1.6,3,0.3,1.6,1.4,1.4,0.5,0.2,255287,1
185,249,2,0,0.3,0,0.3,0.5,0.1,0.3,0.2,0.2,0.1,0,42547.8,1
185,250,27,0,0,2,6,3,0,6,5,0,1,4,573004.5,0
186,7,3,0.4,0.6,0,0.6,0.6,0.1,0.2,0.2,0.1,0.2,0,58732,1
186,34,2,0.1,0.2,0.1,0.2,0.5,0.1,0.2,0.3,0.2,0.1,0,34785.9,1
186,38,2,0.1,0.2,0.1,0.2,0.5,0.1,0.2,0.3,0.2,0.1,0,34785.9,1
186,49,5,0.1,0.6,0.1,0.6,1.3,0.1,0.6,0.8,0.5,0.2,0.1,86964.9,1
186,50,2,0.1,0.2,0.1,0.2,0.5,0.1,0.2,0.3,0.2,0.1,0,34785.9,1
186,59,2,0,0.2,0,0.5,0.4,0,0.3,0.3,0.1,0.1,0.1,37871.4,1
186,60,2,0,0.2,0,0.5,0.4,0,0.3,0.3,0.1,0.1,0.1,37871.4,1
186,89,1,0.1,0.1,0,0.1,0.2,0.1,0.1,0.1,0.1,0,0.1,20737.7,1
186,90,4,0.2,0.4,0.2,0.5,0.9,0.3,0.2,0.6,0.3,0.2,0.2,82951,1
186,104,5,0,0.5,0,0.5,1.1,0,0.6,1.4,0.5,0.2,0.2,102626.3,1
186,108,2,0,0.2,0,0.2,0.4,0,0.2,0.6,0.2,0.1,0.1,41050.5,1
186,118,10,0.9,1,0.2,2.4,1.7,0.7,1,0,1.2,0.7,0.2,241239.9,1
186,121,3,0.3,0.3,0.1,0.7,0.5,0.2,0.3,0,0.3,0.2,0.1,72372,1
186,134,5,0.1,0.4,0.6,1.3,1,0.2,0.8,0.4,0.1,0,0.1,105817.7,1
186,136,5,0.1,0.4,0.6,1.3,1,0.2,0.8,0.4,0.1,0,0.1,105817.7,1
186,149,2,0.1,0.2,0.1,0.2,0.6,0.1,0.1,0.3,0.2,0.1,0,53400.4,1
186,153,6,0.3,0.6,0.4,0.7,1.8,0.2,0.5,0.6,0.4,0.4,0.1,124698.2,1
186,155,8,0.5,0.7,0.5,1,2.4,0.3,0.7,0.7,0.5,0.5,0.2,166264.3,1
186,156,2,0.1,0.2,0.1,0.3,0.6,0.1,0.2,0.2,0.1,0.1,0,41566.1,1
186,157,2,0,0.2,0.1,0.2,0.5,0.1,0.3,0.3,0.1,0.2,0,44310.4,1
186,158,26,0.3,2.2,1.6,3.1,6.6,0.6,4.1,4.1,1.5,1.9,0,576035.5,1
186,159,26,0.3,2.2,1.6,3.1,6.6,0.6,4.1,4.1,1.5,1.9,0,576035.5,1
186,160,63,1,7,1,17,13,5,8,0,8,0,3,1349318.2,0
186,161,10,0.1,0.9,0.6,1.2,2.5,0.2,1.6,1.6,0.6,0.7,0,221552.1,1
186,162,40,2,5.5,4,7,11,1,6,2,1.5,0,0,903866.5,0
186,167,5,0.2,0.2,0.3,0.5,0.8,0.1,1,1.2,0.2,0.3,0.2,121833.8,1
186,169,2,0.1,0.1,0.1,0.2,0.3,0,0.4,0.5,0.1,0.1,0.1,48733.5,1
186,170,15,0.7,0.5,0.9,1.6,2.5,0.2,3,3.5,0.5,0.9,0.7,365501.5,1
186,179,2,0,0.2,0,0.2,0.5,0.1,0.3,0.3,0.3,0,0.1,45254.1,1
186,183,4,0,0.3,0.1,0.4,0.8,0.1,0.6,1.1,0.3,0.1,0.2,84300.3,1
186,185,7,0.1,0.6,0.2,0.7,1.4,0.1,1,1.9,0.5,0.2,0.3,147525.6,1
186,186,14,0.2,1.2,0.4,1.4,2.7,0.2,2,3.9,1,0.4,0.6,295051.1,1
186,188,18,1.1,1.1,0.8,3.1,4.7,1.2,1.4,1.9,1.3,0.9,0.5,398930.5,1
186,189,25,1.5,1.6,1.1,4.3,6.5,1.7,1.9,2.6,1.8,1.3,0.7,554070.1,1
186,190,25.5,1,1,2,5,5,0,0,4,1.5,4,2,556830.9,0
186,203,14,1.1,1.7,0.8,2.5,2.6,0.4,1.7,1.5,1,0.6,0.1,348653.4,1
186,204,113,7,14,3.5,17,25,1,14,13,7.5,7,4,2482604,0
186,205,3,0.2,0.4,0.2,0.5,0.6,0.1,0.4,0.3,0.2,0.1,0,74711.4,1
186,208,5,0.3,0.6,0.5,0.3,1.8,0,0.3,0.6,0.3,0.1,0.2,104167.9,1
186,217,4,0.1,0.3,0.3,0.5,1.2,0.2,0.3,0.3,0.4,0.1,0.3,83476,1
186,219,2,0.1,0.1,0.1,0.2,0.6,0.1,0.2,0.2,0.2,0,0.2,41738,1
186,233,1,0.1,0,0.1,0.2,0.1,0.1,0.2,0,0,0.1,0.1,19266.5,1
186,242,4,0,0.6,0,0.5,1,0.1,0.5,0.5,0.5,0.2,0.1,85095.7,1
186,247,44.5,7.5,2,1,15,7,2,2,2,3,0,3,937334.3,0
186,248,20,0,2.9,0.3,2.6,5,0.6,2.6,2.4,2.4,0.9,0.3,425478.4,1
186,250,2,0,0.3,0,0.3,0.5,0.1,0.3,0.2,0.2,0.1,0,42547.8,1
186,251,4,0,0.6,0,0.5,1,0.1,0.5,0.5,0.5,0.2,0.1,85095.7,1
186,252,2,0.1,0.3,0.1,0.3,0.2,0.1,0.3,0.3,0.1,0.1,0.1,59706.8,1
186,254,4,0.1,0.6,0.2,0.7,0.5,0.1,0.6,0.6,0.2,0.2,0.2,119413.5,1
187,5,6,0.7,1.3,0,1.3,1.1,0.2,0.4,0.4,0.3,0.3,0,117464,1
187,19,7,0.5,0.9,0.2,2.1,1.1,0.3,0.4,0.9,0.4,0.2,0,146563.2,1
187,31,3,0.2,0.2,0.3,0.4,0.8,0.1,0.5,0.1,0.2,0.1,0.1,56846.8,1
187,49,2,0.1,0.2,0.1,0.2,0.5,0.1,0.2,0.3,0.2,0.1,0,34785.9,1
187,50,2,0.1,0.2,0.1,0.2,0.5,0.1,0.2,0.3,0.2,0.1,0,34785.9,1
187,59,5,0.1,0.5,0.1,1.2,0.9,0,0.8,0.8,0.2,0.1,0.3,94678.4,1
187,61,6,0.1,0.6,0.1,1.5,1.1,0,0.9,0.9,0.3,0.2,0.3,113614.1,1
187,68,4,0,0.7,0.3,0.2,1.6,0,0.3,0.2,0.3,0.1,0.3,63485.3,1
187,73,9,0.3,1,1,0.5,2.8,0.3,1.3,1,0.8,0,0,157022.3,1
187,79,1,0,0.1,0.1,0.1,0.3,0,0.2,0.1,0.1,0,0,17446.9,1
187,81,5,0.1,0.6,0.6,0.3,1.6,0.1,0.7,0.6,0.4,0,0,87234.6,1
187,102,2,0,0.2,0,0.2,0.4,0,0.2,0.6,0.2,0.1,0.1,41050.5,1
187,109,2,0.1,0.3,0,0.4,0.4,0.1,0.2,0.2,0.2,0.1,0,38434.2,1
187,112,2,0.3,0.1,0,0.6,0.2,0,0,0.2,0.2,0.3,0.1,39282.9,1
187,124,3,0.2,0.2,0.1,0.5,0.5,0.2,0.6,0.1,0.5,0.1,0,61706.3,1
187,125,2,0.1,0.1,0,0.4,0.4,0.1,0.4,0.1,0.3,0.1,0,41137.5,1
187,129,3,0.2,0.2,0.1,0.5,0.5,0.2,0.6,0.1,0.5,0.1,0,61706.3,1
187,130,4,0.2,0.3,0.1,0.8,0.8,0.2,0.8,0.1,0.6,0.1,0,82275,1
187,134,3,0.1,0.1,0.2,0.8,0.3,0.1,0.4,0.5,0.3,0.2,0,56800,1
187,140,2,0.1,0,0.1,0.6,0.2,0,0.3,0.3,0.2,0.2,0,37866.7,1
187,149,4,0.2,0.3,0.2,0.5,1.2,0.1,0.2,0.7,0.4,0.2,0,106800.8,1
187,156,38,4.5,3.2,1.9,9.7,5.1,0,2.6,4.5,3.9,1.3,1.3,707938.3,1
187,157,4,0.1,0.2,0.2,0.8,0.5,0.2,0.7,0.5,0.3,0.3,0.2,84951,1
187,158,25,1,3,1,5,4,1,0,7,1,2,0,482883.1,0
187,159,8,0.3,0.4,0.5,1.5,1.1,0.3,1.5,1,0.5,0.6,0.3,169902.1,1
187,160,57,5,7,3,9,9,0,12,3,3,5,1,1032178.6,0
187,164,3,0.4,0.1,0.1,0.7,0.8,0,0.4,0,0.1,0.2,0.2,66071.8,1
187,165,32,4.8,1.6,0.8,7.2,8.8,0,4,0,1.6,1.6,1.6,704765.8,1
187,178,2,0.1,0.3,0.1,0.2,0.4,0.1,0.3,0.3,0,0.1,0.1,39858.3,1
187,185,3,0,0.3,0.2,0.5,0.7,0,0.3,0.4,0.4,0.1,0.1,52465.2,1
187,186,2,0,0.2,0.1,0.4,0.5,0,0.2,0.3,0.2,0.1,0,34976.8,1
187,188,2,0.1,0.2,0.1,0.3,0.4,0,0.2,0.4,0.2,0.1,0,46671.8,1
187,189,22,0.9,2.5,0.9,3.2,4.3,0.4,2.6,4.5,1.6,0.9,0.2,513390,1
187,190,69,1,7,3,6,12,1,7,21,5,6,0,1493991.4,0
187,191,11,0.4,1.3,0.4,1.6,2.2,0.2,1.3,2.3,0.8,0.4,0.1,256695,1
187,197,2,0.1,0,0.1,0.6,0.3,0,0.3,0.3,0.1,0.2,0,44393.5,1
187,203,2,0.1,0.2,0.1,0.3,0.4,0,0.4,0.3,0.1,0,0.1,57014.3,1
187,204,6.5,0.3,0.5,0.2,0.9,1.4,0.1,1.4,1.1,0.3,0.1,0.2,185296.6,1
187,208,5,0.2,0.4,0.1,0.7,1.1,0.1,1,0.9,0.2,0.1,0.2,142535.8,1
187,215,5,0.1,0.4,0.4,0.6,1.5,0.2,0.4,0.4,0.5,0.1,0.4,104345,1
187,217,5,0.1,0.4,0.4,0.6,1.5,0.2,0.4,0.4,0.5,0.1,0.4,104345,1
187,218,5,0.1,0.4,0.4,0.6,1.5,0.2,0.4,0.4,0.5,0.1,0.4,104345,1
187,227,5,0.3,0.2,0.2,1,0.5,0.1,2,0.6,0.1,0,0,121071.3,1
187,239,2,0.1,0.2,0.1,0.1,0.6,0,0.2,0.3,0.2,0.1,0.1,42844.6,1
187,244,19,1.1,2,0.8,3.5,3.7,1,1.7,2,2.1,0.3,0.8,453782.7,1
187,245,16,1,1.7,0.7,3,3.1,0.8,1.4,1.7,1.7,0.2,0.7,382132.8,1
187,246,18,1.1,1.9,0.8,3.3,3.5,0.9,1.6,1.9,1.9,0.3,0.8,429899.4,1
187,247,132,8,16,6,22,32,0,13,15,10,4,6,2976031.2,0
187,248,51,3,13,1,5,20,0,2,1,4,0,2,1456501.5,0
187,250,3,0.2,0.2,0.3,0.6,0.4,0,0.7,0.3,0.2,0,0.1,70478.1,1
188,0,2,0,0.2,0,0.2,0.6,0,0.3,0.5,0.2,0,0,40548.4,1
188,6,6,0.7,1.3,0,1.3,1.1,0.2,0.4,0.4,0.3,0.3,0,117464,1
188,13,4,0.3,0.5,0.1,1.3,0.6,0.2,0.2,0.5,0.2,0.1,0,83750.4,1
188,18,2,0.2,0.3,0,0.6,0.3,0.1,0.1,0.3,0.1,0,0,41875.2,1
188,19,7,0.5,0.9,0.2,2.1,1.1,0.3,0.4,0.9,0.4,0.2,0,146563.2,1
188,25,5,0.3,0.4,0.5,0.7,1.3,0.1,0.9,0.2,0.3,0.2,0.1,94744.7,1
188,28,2,0.1,0.1,0.2,0.3,0.5,0,0.4,0.1,0.1,0.1,0.1,37897.9,1
188,60,1,0,0.1,0,0.2,0.2,0,0.2,0.2,0,0,0.1,18935.7,1
188,66,7,0,1.2,0.5,0.3,2.8,0,0.6,0.3,0.5,0.2,0.6,111099.2,1
188,82,5,0.3,0.5,0.2,0.6,1.1,0.4,0.3,0.7,0.4,0.2,0.3,103688.7,1
188,90,8,0.5,0.8,0.3,0.9,1.9,0.6,0.5,1.1,0.6,0.3,0.5,165902,1
188,98,7,0,0.8,0,0.7,1.9,0.3,0.9,1,0.5,0.7,0.2,111850.4,1
188,99,4,0,0.5,0,0.4,1,0.2,0.5,0.6,0.3,0.4,0.1,63914.5,1
188,109,1,0,0.2,0,0.2,0.2,0,0.1,0.1,0.1,0.1,0,19217.1,1
188,110,5,0.3,0.8,0.1,1,0.8,0.3,0.5,0.5,0.4,0.3,0,96085.5,1
188,111,8,0.5,1.3,0.1,1.6,1.3,0.5,0.9,0.7,0.6,0.5,0,153736.9,1
188,112,29,4,1.3,0,8.8,3.4,0.7,0.7,2.7,2.7,4,0.7,569601.8,1
188,113,2,0.3,0.1,0,0.6,0.2,0,0,0.2,0.2,0.3,0.1,39282.9,1
188,125,3,0.2,0.2,0.1,0.5,0.5,0.2,0.6,0.1,0.5,0.1,0,61706.3,1
188,141,4,0.2,0.1,0.2,1.2,0.4,0.1,0.5,0.6,0.4,0.3,0,75733.4,1
188,143,2,0.1,0.2,0.1,0.2,0.6,0.1,0.1,0.3,0.2,0.1,0,53400.4,1
188,144,4,0.2,0.3,0.2,0.5,1.2,0.1,0.2,0.7,0.4,0.2,0,106800.8,1
188,146,6,0.3,0.4,0.3,0.7,1.9,0.2,0.3,1,0.6,0.3,0,160201.2,1
188,156,8,0.9,0.7,0.4,2,1.1,0,0.5,1,0.8,0.3,0.3,149039.6,1
188,157,78,4,5,2,12,21,7,3,3,7,10,4,1473879.3,0
188,158,75,4,8,6,11,17,1,10,5,5,6,2,1444084.5,0
188,159,89.5,4,5.5,7,17,18,7,11,8,6,3,3,1866707.5,0
188,160,139,21,13.5,6,44,24,3,14,0,9.5,3,1,2518765.8,0
188,166,27,4,2,0,6,6,0,3,4,2,0,0,490307,0
188,167,2,0.1,0.1,0.1,0.2,0.3,0,0.4,0.5,0.1,0.1,0.1,48733.5,1
188,171,2,0.1,0.1,0.1,0.2,0.3,0,0.4,0.5,0.1,0.1,0.1,48733.5,1
188,180,8,0.3,1.1,0.5,0.8,1.7,0.3,1.4,1.1,0,0.5,0.3,159433.1,1
188,181,2,0.1,0.3,0.1,0.2,0.4,0.1,0.3,0.3,0,0.1,0.1,39858.3,1
188,182,39,0,4,2.4,7.1,8.7,0,4,5.6,4.8,1.6,0.8,682047.5,1
188,188,49,4.5,5,2,7,10,2.5,7,7,4,0,0,742934.2,0
188,189,108.5,6.5,15,4,20,20,2.5,14,8,13.5,4,1,2424237.4,0
188,190,92,2,4,4,10,23,3,15,17,6,6,2,2324203.3,0
188,191,19,0.7,2.1,0.8,2.8,3.7,0.4,2.2,3.9,1.4,0.8,0.2,443382.3,1
188,199,1,0,0,0.1,0.3,0.1,0,0.2,0.2,0,0.1,0,22196.8,1
188,200,8,0.2,0.1,0.5,2.5,1.1,0.1,1.3,1.3,0.2,0.6,0.1,177574.1,1
188,204,3,0.1,0.3,0.1,0.4,0.7,0,0.6,0.5,0.2,0,0.1,85521.5,1
188,205,2,0.1,0.2,0.1,0.3,0.4,0,0.4,0.3,0.1,0,0.1,57014.3,1
188,211,4,0.2,0.3,0.1,0.6,0.9,0,0.8,0.7,0.2,0.1,0.1,114028.7,1
188,213,1,0,0.1,0.1,0.1,0.3,0,0.1,0.1,0.1,0,0.1,20869,1
188,231,2,0.1,0.1,0.1,0.4,0.2,0,0.8,0.2,0.1,0,0,48428.5,1
188,233,2,0.1,0.2,0.1,0.1,0.6,0,0.2,0.3,0.2,0.1,0.1,42844.6,1
188,244,61,4,8,2,18,11,3,5,1,8,1,0,1421480.9,0
188,245,158,11,17,7,35,33,5,11,12,24,1,2,3842609.8,0
188,246,56,2,3.5,2.5,7,8,3,9,13,3,2,3,1518738,0
188,247,18,1.2,1.2,1.7,3.5,2.5,0,4.4,1.5,1.2,0.3,0.5,422868.5,1
188,248,46,1,6,2,4,21,0,1,3,4,1,3,1222508.5,0
188,249,10,0.7,0.7,0.9,1.9,1.4,0,2.5,0.8,0.7,0.1,0.3,234927,1
188,250,3,0.2,0.2,0.3,0.6,0.4,0,0.7,0.3,0.2,0,0.1,70478.1,1
189,4,4,0.5,0.8,0,0.8,0.8,0.1,0.3,0.3,0.2,0.2,0,78309.4,1
189,8,3,0.4,0.6,0,0.6,0.6,0.1,0.2,0.2,0.1,0.2,0,58732,1
189,15,5,0.4,0.6,0.1,1.5,0.8,0.3,0.3,0.6,0.3,0.1,0,104688,1
189,17,4,0.3,0.5,0.1,1.3,0.6,0.2,0.2,0.5,0.2,0.1,0,83750.4,1
189,28,6,0.4,0.4,0.5,0.8,1.6,0.1,1.1,0.3,0.4,0.3,0.1,113693.7,1
189,49,4,0.1,0.5,0.1,0.5,1,0.1,0.5,0.6,0.4,0.1,0.1,69571.9,1
189,56,2,0,0.2,0,0.5,0.4,0,0.3,0.3,0.1,0.1,0.1,37871.4,1
189,65,3,0,0.5,0.2,0.1,1.2,0,0.3,0.1,0.2,0.1,0.3,47614,1
189,77,2,0.1,0.2,0.2,0.1,0.6,0.1,0.3,0.2,0.2,0,0,34893.8,1
189,78,1,0,0.1,0.1,0.1,0.3,0,0.2,0.1,0.1,0,0,17446.9,1
189,85,4,0.2,0.4,0.2,0.5,0.9,0.3,0.2,0.6,0.3,0.2,0.2,82951,1
189,96,2,0,0.2,0,0.2,0.5,0.1,0.2,0.3,0.2,0.2,0.1,31957.3,1
189,98,4,0,0.5,0,0.4,1,0.2,0.5,0.6,0.3,0.4,0.1,63914.5,1
189,110,35.5,2.1,5.9,0.5,7.3,5.9,2.1,3.8,3.1,2.7,2.1,0,682207.4,1
189,111,32,1.9,5.3,0.5,6.5,5.3,1.9,3.4,2.8,2.5,1.9,0,614947.5,1
189,112,5,0.7,0.2,0,1.5,0.6,0.1,0.1,0.5,0.5,0.7,0.1,98207.2,1
189,113,3,0.4,0.1,0,0.9,0.3,0.1,0.1,0.3,0.3,0.4,0.1,58924.3,1
189,117,3,0.3,0.3,0.1,0.7,0.5,0.2,0.3,0,0.3,0.2,0.1,72372,1
189,118,2,0.2,0.2,0.1,0.5,0.3,0.1,0.2,0,0.2,0.1,0.1,48248,1
189,139,4,0.2,0.1,0.2,1.2,0.4,0.1,0.5,0.6,0.4,0.3,0,75733.4,1
189,141,1,0,0,0.1,0.3,0.1,0,0.1,0.2,0.1,0.1,0,18933.3,1
189,146,6,0.3,0.4,0.3,0.7,1.9,0.2,0.3,1,0.6,0.3,0,160201.2,1
189,151,5,0.2,0.4,0.2,0.6,1.6,0.1,0.2,0.9,0.5,0.3,0,133501,1
189,155,8,0.9,0.7,0.4,2,1.1,0,0.5,1,0.8,0.3,0.3,149039.6,1
189,156,2,0.2,0.2,0.1,0.5,0.3,0,0.1,0.2,0.2,0.1,0.1,37259.9,1
189,157,82,3,7.5,4,14,13,3,14,12,8.5,2,1,1543401.9,0
189,158,113,5,3,12,27,15,4.5,13,12,8.5,12,1,2246066.6,0
189,159,15.5,0.6,0.8,0.9,3,2.1,0.6,2.9,1.9,1,1.1,0.6,329185.3,1
189,160,11,0.4,0.5,0.7,2.2,1.5,0.4,2,1.4,0.7,0.8,0.4,233615.4,1
189,171,2,0.1,0.1,0.1,0.2,0.3,0,0.4,0.5,0.1,0.1,0.1,48733.5,1
189,182,4,0,0.4,0.2,0.7,0.9,0,0.4,0.6,0.5,0.2,0.1,69953.6,1
189,187,5,0.2,0.6,0.2,0.7,1,0.1,0.6,1,0.4,0.2,0,116679.5,1
189,188,18,0.7,2,0.7,2.7,3.5,0.4,2.1,3.7,1.3,0.7,0.2,420046.4,1
189,189,46,5,3,5,14,11,1,2,1,4,0,0,941877.1,0
189,190,49,2,6,2,9,3,1,7,12,4,2,1,1115837.4,0
189,191,19,0.7,2.1,0.8,2.8,3.7,0.4,2.2,3.9,1.4,0.8,0.2,443382.3,1
189,198,6,0.1,0.1,0.4,1.8,0.8,0.1,1,1,0.2,0.4,0.1,133180.6,1
189,200,15,0.4,0.2,0.9,4.6,2.1,0.2,2.5,2.5,0.4,1,0.2,332951.4,1
189,201,2,0.1,0,0.1,0.6,0.3,0,0.3,0.3,0.1,0.2,0,44393.5,1
189,205,15,0.7,1.2,0.4,2.1,3.3,0.2,3.1,2.6,0.7,0.2,0.5,427607.5,1
189,213,5,0.1,0.4,0.4,0.6,1.5,0.2,0.4,0.4,0.5,0.1,0.4,104345,1
189,218,5,0.1,0.4,0.4,0.6,1.5,0.2,0.4,0.4,0.5,0.1,0.4,104345,1
189,231,2,0.1,0.1,0.1,0.4,0.2,0,0.8,0.2,0.1,0,0,48428.5,1
189,232,2,0.1,0.2,0.1,0.1,0.6,0,0.2,0.3,0.2,0.1,0.1,42844.6,1
189,233,4,0.2,0.4,0.2,0.2,1.2,0,0.4,0.7,0.3,0.2,0.2,85689.3,1
189,234,4,0.2,0.4,0.2,0.2,1.2,0,0.4,0.7,0.3,0.2,0.2,85689.3,1
189,237,5,0.2,0.5,0.2,0.3,1.6,0,0.5,0.8,0.4,0.3,0.2,107111.6,1
189,243,2,0.1,0.2,0.1,0.4,0.4,0.1,0.2,0.2,0.2,0,0.1,47766.6,1
189,244,11,0.7,1.1,0.5,2,2.1,0.6,1,1.1,1.2,0.2,0.5,262716.3,1
189,245,87,2,9,4,4,20,1,21,13,5,2,6,2397965.4,0
189,246,93.5,3,8,1.5,9,20,3,27,12,7,0,3,2289456.7,0
189,247,100,0,18,10,8,32,0,14,6,3,2,7,2605479.6,0
189,248,72,3,3,5,14,18,1,13,6,4,2,3,1976469.6,0
190,6,3,0.4,0.6,0,0.6,0.6,0.1,0.2,0.2,0.1,0.2,0,58732,1
190,25,1,0.1,0.1,0.1,0.1,0.3,0,0.2,0,0.1,0,0,18948.9,1
190,26,8,0.5,0.5,0.7,1.1,2.1,0.2,1.4,0.4,0.5,0.4,0.2,151591.6,1
190,42,5,0.1,0.6,0.1,0.6,1.3,0.1,0.6,0.8,0.5,0.2,0.1,86964.9,1
190,44,2,0.1,0.2,0.1,0.2,0.5,0.1,0.2,0.3,0.2,0.1,0,34785.9,1
190,45,6,0.2,0.7,0.2,0.7,1.5,0.2,0.7,0.9,0.6,0.2,0.1,104357.8,1
190,49,14,0.4,1.6,0.4,1.6,3.6,0.4,1.6,2.3,1.4,0.5,0.2,243501.6,1
190,54,3,0.1,0.3,0.1,0.7,0.5,0,0.4,0.5,0.1,0.1,0.2,56807.1,1
190,64,7,0,1.2,0.5,0.3,2.8,0,0.6,0.3,0.5,0.2,0.6,111099.2,1
190,70,5,0,0.9,0.3,0.2,2,0,0.5,0.2,0.3,0.1,0.5,79356.6,1
190,74,3,0.1,0.3,0.3,0.2,0.9,0.1,0.4,0.4,0.3,0,0,52340.8,1
190,79,4,0.1,0.4,0.5,0.2,1.3,0.1,0.6,0.5,0.3,0,0,69787.7,1
190,92,5,0,0.6,0,0.5,1.3,0.3,0.6,0.7,0.4,0.5,0.1,79893.1,1
190,93,1,0,0.1,0,0.1,0.3,0.1,0.1,0.1,0.1,0.1,0,15978.6,1
190,96,1,0,0.1,0,0.1,0.3,0.1,0.1,0.1,0.1,0.1,0,15978.6,1
190,97,2,0,0.2,0,0.2,0.5,0.1,0.2,0.3,0.2,0.2,0.1,31957.3,1
190,110,14,0.8,2.3,0.2,2.9,2.3,0.8,1.5,1.3,1.1,0.8,0,269039.5,1
190,111,32.5,1,4,3,5,5,1.5,3,3,2,5,0,652737.3,0
190,115,2,0.3,0.1,0,0.6,0.2,0,0,0.2,0.2,0.3,0.1,39282.9,1
190,117,4,0.4,0.4,0.1,0.9,0.6,0.3,0.4,0,0.5,0.3,0.1,96495.9,1
190,119,2,0.2,0.2,0.1,0.5,0.3,0.1,0.2,0,0.2,0.1,0.1,48248,1
190,138,3,0.1,0.1,0.2,0.8,0.3,0.1,0.4,0.5,0.3,0.2,0,56800,1
190,139,7,0.3,0.2,0.4,2,0.7,0.2,0.9,1.1,0.7,0.5,0,132533.4,1
190,140,1,0,0,0.1,0.3,0.1,0,0.1,0.2,0.1,0.1,0,18933.3,1
190,154,3,0.4,0.2,0.1,0.8,0.4,0,0.2,0.4,0.3,0.1,0.1,55889.9,1
190,158,24,0,3,0,5,5,1,2,3,2,3,0,444334.2,0
190,159,15,0.6,0.7,0.9,2.9,2,0.6,2.8,1.8,1,1.1,0.6,318566.4,1
190,160,42,3,4,0,10,10,3,3,4,3,1,1,998906.5,0
190,165,3,0.4,0.1,0.1,0.7,0.8,0,0.4,0,0.1,0.2,0.2,66071.8,1
190,168,1,0,0,0.1,0.1,0.2,0,0.2,0.2,0,0.1,0.1,24366.8,1
190,169,2,0.1,0.1,0.1,0.2,0.3,0,0.4,0.5,0.1,0.1,0.1,48733.5,1
190,173,1,0,0.1,0.1,0.1,0.2,0,0.2,0.2,0,0.1,0,19929.1,1
190,174,4,0.1,0.6,0.3,0.4,0.8,0.1,0.7,0.6,0,0.3,0.1,79716.6,1
190,180,2,0.1,0.3,0.1,0.2,0.4,0.1,0.3,0.3,0,0.1,0.1,39858.3,1
190,183,1,0,0.1,0.1,0.2,0.2,0,0.1,0.2,0.1,0,0,17488.4,1
190,198,3.5,0.1,0,0.2,1.1,0.5,0,0.6,0.6,0.1,0.2,0.1,77688.7,1
190,199,38,3,6,1,7,8,0,5,3,2,2,1,685230.3,0
190,201,29,0,2,3,3,5,0,8,2,1,4,1,701474.4,0
190,202,5,0.2,0.4,0.1,0.7,1.1,0.1,1,0.9,0.2,0.1,0.2,142535.8,1
190,205,1,0.1,0.1,0,0.1,0.2,0,0.2,0.2,0.1,0,0,28507.2,1
190,209,2,0.1,0.2,0.1,0.3,0.4,0,0.4,0.3,0.1,0,0.1,57014.3,1
190,212,1,0,0.1,0.1,0.1,0.3,0,0.1,0.1,0.1,0,0.1,20869,1
190,214,2,0.1,0.1,0.1,0.2,0.6,0.1,0.2,0.2,0.2,0,0.2,41738,1
190,218,2,0.1,0.1,0.1,0.2,0.6,0.1,0.2,0.2,0.2,0,0.2,41738,1
190,222,12,0.7,0.5,0.5,2.4,1.2,0.2,4.9,1.4,0.2,0,0,290571.2,1
190,238,2,0.1,0.2,0.1,0.1,0.6,0,0.2,0.3,0.2,0.1,0.1,42844.6,1
190,239,2,0.1,0.2,0.1,0.1,0.6,0,0.2,0.3,0.2,0.1,0.1,42844.6,1
190,240,7,0.3,0.7,0.3,0.4,2.1,0,0.7,1.2,0.6,0.4,0.3,149956.2,1
190,242,12,0.7,1.3,0.5,2.2,2.3,0.6,1.1,1.3,1.3,0.2,0.5,286599.6,1
190,243,3,0.2,0.3,0.1,0.6,0.6,0.2,0.3,0.3,0.3,0,0.1,71649.9,1
190,244,12,0.7,1.3,0.5,2.2,2.3,0.6,1.1,1.3,1.3,0.2,0.5,286599.6,1
190,245,63,3,2,2,9,8,2,5,18,5,9,0,1640694.2,0
190,246,95,1,4,5,9,16,3,16,31,5,4,1,2358278.4,0
190,247,115,2,10.5,10,18,24,3,29,6,7.5,0,5,2945496.3,0
190,248,19,1.3,1.3,1.8,3.6,2.6,0,4.7,1.6,1.3,0.3,0.5,446361.2,1
191,0,2,0,0.2,0,0.2,0.6,0,0.3,0.5,0.2,0,0,40548.4,1
191,3,5,0.6,1.1,0,1.1,0.9,0.1,0.4,0.4,0.2,0.2,0,97886.7,1
191,4,1,0.1,0.2,0,0.2,0.2,0,0.1,0.1,0,0.1,0,19577.3,1
191,17,5,0.4,0.6,0.1,1.5,0.8,0.3,0.3,0.6,0.3,0.1,0,104688,1
191,18,5,0.4,0.6,0.1,1.5,0.8,0.3,0.3,0.6,0.3,0.1,0,104688,1
191,25,6,0.4,0.4,0.5,0.8,1.6,0.1,1.1,0.3,0.4,0.3,0.1,113693.7,1
191,26,1,0.1,0.1,0.1,0.1,0.3,0,0.2,0,0.1,0,0,18948.9,1
191,38,1,0,0.1,0,0.1,0.3,0,0.1,0.2,0.1,0.1,0,17393,1
191,51,1,0,0.1,0,0.1,0.3,0,0.1,0.2,0.1,0.1,0,17393,1
191,76,3,0.1,0.3,0.3,0.2,0.9,0.1,0.4,0.4,0.3,0,0,52340.8,1
191,86,1,0.1,0.1,0,0.1,0.2,0.1,0.1,0.1,0.1,0,0.1,20737.7,1
191,91,3,0.2,0.3,0.1,0.4,0.7,0.2,0.2,0.4,0.2,0.1,0.2,62213.2,1
191,97,3,0,0.4,0,0.3,0.8,0.1,0.4,0.4,0.2,0.3,0.1,47935.9,1
191,102,2,0,0.2,0,0.2,0.4,0,0.2,0.6,0.2,0.1,0.1,41050.5,1
191,103,1,0,0.1,0,0.1,0.2,0,0.1,0.3,0.1,0,0.1,20525.3,1
191,109,4,0.2,0.7,0.1,0.8,0.7,0.2,0.4,0.4,0.3,0.2,0,76868.4,1
191,110,40.5,1,3.5,4,5,7,0,3,6,1,9,1,753427.7,0
191,111,1,0,0.2,0,0.2,0.2,0,0.1,0.1,0.1,0.1,0,19217.1,1
191,139,14,0.7,0.4,0.7,3.9,1.4,0.4,1.8,2.2,1.4,1.1,0,265066.8,1
191,157,2,0.1,0.1,0.1,0.4,0.3,0.1,0.4,0.2,0.1,0.1,0.1,42475.5,1
191,158,9,0.3,0.4,0.6,1.8,1.2,0.3,1.7,1.1,0.6,0.7,0.3,191139.9,1
191,159,46,1,4,7,7,10,1,5,7,2,2,0,901189.5,0
191,160,17,0.6,0.8,1.1,3.3,2.3,0.6,3.1,2.1,1.2,1.3,0.6,361042,1
191,166,2,0.3,0.1,0,0.4,0.6,0,0.3,0,0.1,0.1,0.1,44047.9,1
191,172,1,0,0.1,0.1,0.1,0.2,0,0.2,0.2,0,0.1,0,19929.1,1
191,173,4,0.1,0.6,0.3,0.4,0.8,0.1,0.7,0.6,0,0.3,0.1,79716.6,1
191,180,5,0.2,0.7,0.3,0.5,1,0.2,0.9,0.7,0,0.3,0.2,99645.7,1
191,189,5,0.2,0.6,0.2,0.7,1,0.1,0.6,1,0.4,0.2,0,116679.5,1
191,191,1,0,0.1,0,0.2,0.2,0,0.1,0.2,0.1,0.1,0,23335.9,1
191,199,28.5,2,0.5,1,2,10,1,6,1,2,1,2,582936.5,0
191,201,18,0.5,0.2,1.1,5.5,2.5,0.2,3,3,0.5,1.2,0.3,399541.7,1
191,202,28,1.2,2.3,0.8,4,6.1,0.3,5.8,4.9,1.4,0.3,0.9,798200.6,1
191,205,11,0.5,0.9,0.3,1.6,2.4,0.1,2.3,1.9,0.5,0.1,0.4,313578.8,1
191,208,2,0.1,0.2,0.1,0.3,0.4,0,0.4,0.3,0.1,0,0.1,57014.3,1
191,209,5,0.2,0.4,0.1,0.7,1.1,0.1,1,0.9,0.2,0.1,0.2,142535.8,1
191,241,1,0,0.1,0,0.1,0.3,0,0.1,0.2,0.1,0.1,0,21422.3,1
191,242,5,0.3,0.5,0.2,0.9,1,0.3,0.5,0.5,0.5,0.1,0.2,119416.5,1
191,243,3,0.2,0.3,0.1,0.6,0.6,0.2,0.3,0.3,0.3,0,0.1,71649.9,1
191,244,33.5,2,3.5,1.5,6.2,6.5,1.7,3,3.5,3.6,0.5,1.5,800090.5,1
191,245,64.5,6,0.5,5,19,7,3,13,8,1,1,1,1501173.3,0
191,246,110.5,2,15.5,7,9,28,4,17,13,7,3,5,2648635,0
191,247,55,0,5,2,6,13,3,7,8,9,0,2,1542118.9,0
191,248,6,0.4,0.4,0.6,1.1,0.8,0,1.5,0.5,0.4,0.1,0.2,140956.2,1
191,251,14,1,1,1.3,2.7,1.9,0,3.4,1.1,1,0.2,0.4,328897.7,1
192,1,2,0.2,0.2,0.3,0.4,0.3,0,0.3,0.1,0.1,0.1,0,38849.8,1
192,27,1,0,0.1,0,0.1,0.3,0,0.1,0.1,0.1,0.2,0,26187.7,1
192,36,3,0.2,0.4,0.2,0.3,0.9,0.1,0.2,0.5,0.1,0.1,0,49515.2,1
192,37,2,0.2,0.3,0.2,0.2,0.6,0,0.1,0.3,0.1,0,0,33010.2,1
192,43,4,0.2,0,0.2,0.5,0.7,0.1,0.7,1.1,0,0.4,0.1,89663.4,1
192,84,4,0.2,0.5,0,1.1,0.9,0.1,0.2,0.3,0.6,0,0.1,73540.9,1
192,103,1,0.1,0.1,0,0.1,0.3,0,0,0.3,0,0.1,0,19018.7,1
192,107,5,0.3,0.4,0.3,0.8,1,0.1,0.9,0.3,0.5,0.3,0.1,106089,1
192,109,26,0,2,1,3,7,1,5,3,1,3,0,535873.3,0
192,110,79,5,2,6,20,15,4,4,8,5,10,0,1541680.1,0
192,111,5,0.3,0.4,0.3,0.8,1,0.1,0.9,0.3,0.5,0.3,0.1,106089,1
192,113,2,0.1,0.3,0.1,0.2,0.6,0,0.3,0.1,0.1,0.1,0.1,40710.9,1
192,126,8,0.4,0.5,0.5,2,1.1,0.4,0.8,0.8,1.1,0.3,0.1,163760.2,1
192,127,2,0.1,0.1,0.1,0.5,0.3,0.1,0.2,0.2,0.3,0.1,0,40940.1,1
192,139,9,0.4,0.7,0,1.5,2.4,0.4,0.7,1.1,0.5,0.4,0.9,213965.3,1
192,157,2,0.1,0,0.1,0.5,0.3,0,0.2,0.4,0.3,0.1,0,46159.1,1
192,159,18,1.3,0,0.4,4.3,2.6,0,1.7,3.8,2.6,1.3,0,415432.2,1
192,160,3,0.2,0,0.1,0.7,0.4,0,0.3,0.7,0.4,0.2,0,69238.7,1
192,172,26,1.7,1.7,2,6.1,4.6,1.1,4.6,1.2,1.2,1.2,0.6,588162.5,1
192,173,14,0.9,1,1.1,3.3,2.5,0.6,2.5,0.6,0.6,0.6,0.3,316702.9,1
192,174,14,0.9,1,1.1,3.3,2.5,0.6,2.5,0.6,0.6,0.6,0.3,316702.9,1
192,178,10,0.6,1.5,0,1.2,2.8,0.6,1.2,0.9,0.9,0,0.3,214774.1,1
192,179,6,0.4,0.9,0,0.7,1.6,0.4,0.7,0.6,0.5,0,0.2,128864.4,1
192,189,4,0.2,0.4,0.1,0.5,0.6,0,0.6,0.7,0.2,0.5,0.2,79451,1
192,191,6,0.3,0.6,0.1,0.7,1,0,1,1,0.3,0.7,0.3,119176.5,1
192,192,3,0.2,0.4,0.2,0.4,0.8,0,0.6,0.1,0.2,0,0.1,69614,1
192,199,9,0,1.7,0.2,0.9,3,0.2,1.1,1.1,0.4,0.2,0.2,209113.7,1
192,202,5,0.2,0.9,0,0.5,1.3,0,1.4,0.4,0.1,0.2,0,137104,1
192,203,3.5,0.1,0.6,0,0.4,0.9,0,1,0.3,0.1,0.1,0,95972.8,1
192,205,7,0.2,1.3,0,0.8,1.8,0,2,0.5,0.1,0.3,0,191945.6,1
192,206,12,0.4,2.2,0,1.3,3.1,0,3.5,0.9,0.2,0.4,0,329049.7,1
192,207,4,0,0.5,0.1,0.3,1,0.2,0.5,0.5,0.3,0.3,0.3,107152.5,1
192,208,3,0,0.4,0,0.2,0.8,0.1,0.4,0.4,0.2,0.2,0.3,80364.4,1
192,209,10,0,1.3,0.2,0.8,2.5,0.4,1.3,1.2,0.8,0.7,0.8,267881.2,1
192,213,4,0,0.4,0.2,0.4,0.9,0.1,0.7,0.6,0.4,0.1,0.2,97571.9,1
192,215,10,0.1,0.9,0.5,1,2.2,0.3,1.8,1.4,0.9,0.3,0.6,243929.8,1
192,216,3,0,0.3,0.1,0.3,0.7,0.1,0.5,0.4,0.3,0.1,0.2,73178.9,1
192,217,2,0.2,0.1,0,1,0.2,0,0,0.2,0.2,0.1,0,45266.6,1
192,219,3,0.3,0.1,0,1.5,0.3,0.1,0,0.3,0.3,0.1,0,67899.9,1
192,242,1,0,0.1,0.1,0,0.2,0,0.2,0.2,0.1,0.1,0,27762.8,1
192,245,9,0.2,0.7,1.1,0.5,1.4,0.2,1.6,1.4,0.7,0.7,0.5,249864.8,1
192,246,12,0.3,0.9,1.5,0.6,1.9,0.3,2.2,1.9,0.9,0.9,0.6,333153,1
192,247,10,0.6,1.4,0.4,1.9,2.5,0.2,0.6,1.2,0.8,0.2,0.2,219604.1,1
192,250,8,0.5,1.1,0.3,1.5,1.9,0.2,0.5,1,0.6,0.2,0.2,175683.3,1
192,251,8,0.5,1.1,0.3,1.5,1.9,0.2,0.5,1,0.6,0.2,0.2,175683.3,1
192,255,7,0.1,1.1,0.4,0.7,1.2,0.1,0.8,1,0.7,0.5,0.4,188175.3,1
193,2,1,0.1,0.1,0,0.3,0.2,0,0.1,0.1,0.1,0,0,15885.3,1
193,17,3,0.3,0.2,0.1,0.7,0.7,0,0.4,0.3,0.1,0.1,0.1,58668.3,1
193,18,7,0.7,0.6,0.1,1.7,1.6,0,0.9,0.7,0.3,0.1,0.3,136892.7,1
193,39,9,0.7,1.1,0.7,0.9,2.8,0.2,0.5,1.4,0.5,0.2,0,148545.7,1
193,43,3,0.2,0,0.2,0.3,0.5,0.1,0.5,0.8,0,0.3,0.1,67247.6,1
193,47,2,0.1,0,0.1,0.2,0.3,0.1,0.4,0.5,0,0.2,0.1,44831.7,1
193,49,4,0.2,0,0.2,0.5,0.7,0.1,0.7,1.1,0,0.4,0.1,89663.4,1
193,74,4,0.1,0.6,0.5,0.5,1.1,0.2,0.5,0.1,0.3,0,0.1,78785.6,1
193,93,5,0.3,0.4,0.4,0.9,1,0,0.7,0.2,0.7,0.3,0.1,119048.9,1
193,101,10,0.7,0.9,0.7,1.8,2,0,1.4,0.4,1.4,0.5,0.2,238097.8,1
193,107,10,0.6,0.8,0.7,1.6,2.1,0.2,1.7,0.5,0.9,0.7,0.2,212178.1,1
193,108,21,1.4,1.6,1.4,3.4,4.3,0.5,3.6,1.1,1.8,1.4,0.5,445574,1
193,109,24,0,2,2,3,5,0,4,6,0,2,0,508473,0
193,110,32,4,0,2,10,3,3,6,2,1,1,0,791091.1,0
193,122,5,0.3,0.3,0.3,1.2,0.7,0.3,0.5,0.5,0.6,0.2,0.1,102350.2,1
193,132,1,0,0.1,0,0.2,0.3,0,0.1,0.1,0.1,0,0.1,23773.9,1
193,153,3,0.1,0.3,0,0.4,0.6,0.2,0.4,0.6,0.4,0,0,65678.4,1
193,154,12,0.4,1.1,0,1.5,2.5,0.7,1.8,2.5,1.5,0,0,262713.5,1
193,157,3,0.2,0,0.1,0.7,0.4,0,0.3,0.7,0.4,0.2,0,69238.7,1
193,160,2,0.1,0,0.1,0.5,0.3,0,0.2,0.4,0.3,0.1,0,46159.1,1
193,172,19,1.3,1.3,1.5,4.4,3.4,0.8,3.4,0.8,0.8,0.9,0.4,429811.1,1
193,173,11,0.7,0.7,0.9,2.6,1.9,0.5,2,0.5,0.5,0.5,0.2,248838,1
193,174,4,0.2,0.3,0.3,0.9,0.7,0.2,0.7,0.2,0.2,0.2,0.1,90486.5,1
193,189,2,0.1,0.2,0.1,0.2,0.3,0,0.3,0.3,0.1,0.3,0.1,39725.5,1
193,192,8,0.6,1.1,0.7,1.2,2,0,1.5,0.3,0.5,0,0.1,185637.3,1
193,199,3,0,0.6,0.1,0.3,1,0.1,0.3,0.3,0.1,0.1,0.1,69704.6,1
193,209,6,0,0.8,0.1,0.5,1.5,0.2,0.8,0.7,0.5,0.4,0.5,160728.7,1
193,212,1,0,0.1,0.1,0.1,0.2,0,0.2,0.1,0.1,0,0.1,24393,1
193,214,2,0,0.2,0.1,0.2,0.4,0.1,0.3,0.3,0.2,0.1,0.1,48786,1
193,217,2,0.2,0.1,0,1,0.2,0,0,0.2,0.2,0.1,0,45266.6,1
193,221,22,1.9,0.7,0,11,2.6,0.6,0,1.9,2.6,0.7,0,497932.4,1
193,222,2,0,0.1,0.2,0.2,0.4,0,0.6,0.3,0,0,0.2,52407.8,1
193,225,3,0,0.1,0.3,0.3,0.6,0,0.8,0.4,0.1,0.1,0.3,78611.7,1
193,229,6,0.1,0.8,0.2,0.7,0.9,0.2,1.1,1.3,0.2,0.2,0.3,158302.8,1
193,241,7,0.1,0.6,0.2,0.7,1.5,0.1,1.3,0.9,0.5,0.5,0.6,176360.5,1
193,242,9,0.2,0.7,1.1,0.5,1.4,0.2,1.6,1.4,0.7,0.7,0.5,249864.8,1
193,246,21,0,1,2,6,5,0,1,5,1,0,0,604400.3,0
193,247,10,0.6,1.4,0.4,1.9,2.5,0.2,0.6,1.2,0.8,0.2,0.2,219604.1,1
193,252,12,0.2,1.9,0.6,1.2,2.1,0.2,1.5,1.7,1.2,0.8,0.6,322586.2,1
193,253,2,0,0.3,0.1,0.2,0.4,0,0.3,0.3,0.2,0.1,0.1,53764.4,1
194,5,4,0.2,0.6,0,1,0.8,0,0.6,0.4,0.2,0.1,0.1,63541.4,1
194,79,4,0.1,0.6,0.5,0.5,1.1,0.2,0.5,0.1,0.3,0,0.1,78785.6,1
194,80,6,0.2,0.9,0.7,0.7,1.7,0.3,0.8,0.1,0.4,0,0.2,118178.4,1
194,81,6,0.2,0.9,0.7,0.7,1.7,0.3,0.8,0.1,0.4,0,0.2,118178.4,1
194,93,4,0.3,0.3,0.3,0.7,0.8,0,0.6,0.1,0.6,0.2,0.1,95239.1,1
194,99,3,0.2,0.3,0.2,0.5,0.6,0,0.4,0.1,0.4,0.2,0.1,71429.3,1
194,101,4,0.3,0.3,0.3,0.7,0.8,0,0.6,0.1,0.6,0.2,0.1,95239.1,1
194,103,2,0.1,0.1,0,0.2,0.5,0,0.1,0.5,0.1,0.3,0.1,38037.4,1
194,107,9,0.6,0.7,0.6,1.5,1.8,0.2,1.5,0.5,0.8,0.6,0.2,190960.3,1
194,108,8,0.5,0.6,0.5,1.3,1.7,0.2,1.4,0.4,0.7,0.5,0.2,169742.5,1
194,109,28,1,3,0,5,6,1,6,2,0,3,1,513676.5,0
194,110,34,1,6,2,7,6,1,5,3,3,0,0,666589.3,0
194,116,4,0.1,0.7,0.1,0.4,1.1,0,0.6,0.3,0.2,0.3,0.2,81421.8,1
194,121,4,0.1,0.7,0.1,0.4,1.1,0,0.6,0.3,0.2,0.3,0.2,81421.8,1
194,125,2,0.1,0.1,0.1,0.5,0.3,0.1,0.2,0.2,0.3,0.1,0,40940.1,1
194,142,2,0.2,0.1,0.2,0.5,0.4,0.1,0.2,0,0.2,0.1,0,41063,1
194,144,2,0.2,0.1,0.2,0.5,0.4,0.1,0.2,0,0.2,0.1,0,41063,1
194,153,11,0.4,1,0,1.3,2.3,0.7,1.7,2.3,1.3,0,0,240820.7,1
194,154,4,0.1,0.4,0,0.5,0.8,0.2,0.6,0.9,0.5,0,0,87571.2,1
194,156,3,0.1,0.3,0,0.4,0.6,0.2,0.4,0.6,0.4,0,0,65678.4,1
194,158,4,0.3,0,0.1,0.9,0.6,0,0.4,0.8,0.6,0.3,0,92318.3,1
194,179,2,0.1,0.3,0,0.2,0.6,0.1,0.2,0.2,0.2,0,0.1,42954.8,1
194,189,5,0.2,0.5,0.1,0.6,0.8,0,0.8,0.8,0.3,0.6,0.3,99313.7,1
194,192,31,2.6,4.1,2.6,4.6,7.8,0,5.7,1,2.1,0,0.5,719344.7,1
194,199,3,0,0.6,0.1,0.3,1,0.1,0.3,0.3,0.1,0.1,0.1,69704.6,1
194,201,1,0,0.2,0,0.1,0.4,0,0.1,0.1,0.1,0,0,23234.9,1
194,210,8,0,1.1,0.1,0.7,2,0.3,1.1,0.9,0.6,0.5,0.7,214305,1
194,211,2,0,0.3,0,0.2,0.5,0.1,0.3,0.2,0.1,0.1,0.2,53576.2,1
194,212,10,0.1,0.9,0.5,1,2.2,0.3,1.8,1.4,0.9,0.3,0.6,243929.8,1
194,213,4,0,0.4,0.2,0.4,0.9,0.1,0.7,0.6,0.4,0.1,0.2,97571.9,1
194,214,7,0.1,0.6,0.4,0.7,1.5,0.2,1.3,1,0.6,0.2,0.4,170750.9,1
194,216,7,0.1,0.6,0.4,0.7,1.5,0.2,1.3,1,0.6,0.2,0.4,170750.9,1
194,219,5,0.4,0.2,0,2.5,0.6,0.1,0,0.4,0.6,0.2,0,113166.4,1
194,223,1,0,0.1,0.1,0.1,0.2,0,0.3,0.1,0,0,0.1,26203.9,1
194,227,6,0.1,0.8,0.2,0.7,0.9,0.2,1.1,1.3,0.2,0.2,0.3,158302.8,1
194,228,2,0,0.3,0.1,0.2,0.3,0,0.4,0.4,0.1,0.1,0.1,52767.6,1
194,229,4,0.1,0.6,0.1,0.4,0.6,0.1,0.7,0.9,0.1,0.2,0.2,105535.2,1
194,238,6,0.1,0.5,0.2,0.6,1.3,0.1,1.1,0.8,0.4,0.4,0.5,151166.2,1
194,239,19,0.4,1.6,0.5,1.9,4.2,0.3,3.5,2.4,1.3,1.3,1.6,478692.8,1
194,242,4,0.1,0.3,0.5,0.2,0.6,0.1,0.8,0.6,0.3,0.3,0.2,111051,1
194,243,4,0.1,0.3,0.5,0.2,0.6,0.1,0.8,0.6,0.3,0.3,0.2,111051,1
194,252,3,0,0.5,0.2,0.3,0.5,0,0.4,0.4,0.3,0.2,0.2,80646.5,1
194,253,7,0.1,1.1,0.4,0.7,1.2,0.1,0.8,1,0.7,0.5,0.4,188175.3,1
194,254,4,0.1,0.6,0.2,0.4,0.7,0.1,0.5,0.5,0.4,0.3,0.2,107528.7,1
195,47,3,0.2,0,0.2,0.3,0.5,0.1,0.5,0.8,0,0.3,0.1,67247.6,1
195,58,4,0,0.6,0.3,0.3,1.2,0.1,0.7,0.1,0.4,0.3,0,86848.7,1
195,75,1,0,0.2,0.1,0.1,0.3,0.1,0.1,0,0.1,0,0,19696.4,1
195,93,1,0.1,0.1,0.1,0.2,0.2,0,0.1,0,0.1,0.1,0,23809.8,1
195,99,8,0.6,0.7,0.6,1.4,1.6,0,1.1,0.3,1.1,0.4,0.2,190478.2,1
195,105,9,0.6,0.6,0,0.9,2.2,0.3,0.3,2.2,0.3,1.3,0.3,171168.5,1
195,106,15,1,1.1,0,1.6,3.6,0.5,0.5,3.6,0.5,2.1,0.5,285280.8,1
195,107,6,0.4,0.5,0.4,1,1.2,0.1,1.1,0.3,0.5,0.4,0.1,127306.9,1
195,108,52,2,9,2,9,14,1,7,3,4,0,1,979711.6,0
195,109,32.5,0,1.5,0,3,5,0,11,10,0,2,0,656629.2,0
195,110,17,1.1,1.3,1.1,2.8,3.5,0.4,2.9,0.9,1.5,1.1,0.4,360702.8,1
195,116,3,0.1,0.5,0.1,0.3,0.9,0,0.4,0.2,0.1,0.2,0.2,61066.3,1
195,121,4,0.1,0.7,0.1,0.4,1.1,0,0.6,0.3,0.2,0.3,0.2,81421.8,1
195,122,4,0.2,0.2,0.2,1,0.6,0.2,0.4,0.4,0.5,0.2,0.1,81880.1,1
195,127,1,0.1,0.1,0.1,0.2,0.1,0.1,0.1,0.1,0.1,0,0,20470,1
195,139,6,0.2,0.5,0,1,1.6,0.2,0.5,0.7,0.4,0.3,0.6,142643.5,1
195,143,5,0.5,0.3,0.4,1.3,1.1,0.1,0.5,0.1,0.4,0.2,0.1,102657.5,1
195,158,2,0.1,0,0.1,0.5,0.3,0,0.2,0.4,0.3,0.1,0,46159.1,1
195,169,16,1.3,0.9,0.4,2.7,4,0.4,2.7,0.5,1.3,1.8,0,397743,1
195,170,4,0.3,0.2,0.1,0.7,1,0.1,0.7,0.1,0.3,0.5,0,99435.8,1
195,180,4,0.2,0.6,0,0.5,1.1,0.2,0.5,0.4,0.4,0,0.1,85909.6,1
195,183,4,0.2,0.4,0.1,0.5,0.6,0,0.6,0.7,0.2,0.5,0.2,79451,1
195,186,3,0.1,0.3,0.1,0.4,0.5,0,0.5,0.5,0.1,0.4,0.1,59588.2,1
195,187,2,0.1,0.2,0.1,0.2,0.3,0,0.3,0.3,0.1,0.3,0.1,39725.5,1
195,192,31,1,6,2,4,6,0,6,3,3,0,0,818619.4,0
195,193,15,1.2,2,1.2,2.2,3.8,0,2.8,0.5,1,0,0.3,348070,1
195,195,2,0.1,0.3,0.2,0.3,0.5,0,0.4,0.1,0.1,0,0,46409.3,1
195,210,22,0,2.9,0.4,1.8,5.5,0.8,2.9,2.6,1.8,1.5,1.8,589338.7,1
195,211,32,2,1,1,8,4,2,6,6,1,1,0,777751.6,0
195,212,18,0.2,1.6,0.9,1.8,4,0.5,3.2,2.5,1.6,0.6,1.1,439073.6,1
195,213,14,0.1,1.3,0.7,1.4,3.1,0.4,2.5,2,1.3,0.4,0.8,341501.7,1
195,227,4,0.1,0.6,0.1,0.4,0.6,0.1,0.7,0.9,0.1,0.2,0.2,105535.2,1
195,228,13,0.2,1.8,0.4,1.5,2,0.4,2.4,2.9,0.4,0.5,0.5,342989.4,1
195,229,40.5,4,2.5,1,8,3,2,4,6,2,8,0,1221138.6,0
195,230,41,1,4,1,7,12,1,9,3,0,0,3,1152997.3,0
195,231,8,0.1,1.1,0.2,0.9,1.3,0.2,1.5,1.8,0.2,0.3,0.4,211070.4,1
195,239,12,0.3,1,0.3,1.2,2.7,0.2,2.2,1.5,0.8,0.8,1,302332.3,1
195,240,62,4,8,3,11,19,2,6,2,4,1,2,1680253.9,0
195,241,23,0.5,1.9,0.6,2.3,5.2,0.3,4.2,2.9,1.6,1.6,1.9,579470.3,1
195,250,1,0.1,0.1,0,0.2,0.3,0,0.1,0.1,0.1,0,0,21960.4,1
195,251,2,0.1,0.3,0.1,0.4,0.5,0,0.1,0.3,0.2,0,0,43920.8,1
196,0,2,0.2,0.2,0.3,0.4,0.3,0,0.3,0.1,0.1,0.1,0,38849.8,1
196,20,4,0.4,0.3,0.1,1,0.9,0,0.5,0.4,0.2,0.1,0.1,78224.4,1
196,41,1,0.1,0.1,0.1,0.1,0.3,0,0.1,0.2,0,0,0,16505.1,1
196,42,7,0.4,0,0.4,0.8,1.2,0.2,1.3,1.9,0,0.6,0.2,156911,1
196,47,1,0,0,0.1,0.1,0.2,0,0.2,0.3,0,0.1,0,22415.9,1
196,61,4,0,0.6,0.3,0.3,1.2,0.1,0.7,0.1,0.4,0.3,0,86848.7,1
196,63,13,0,2,1,1,4,0.2,2.3,0.3,1.2,1,0,282258.3,1
196,65,3,0,0.5,0.2,0.2,0.9,0.1,0.5,0.1,0.3,0.2,0,65136.5,1
196,74,5,0.2,0.7,0.6,0.6,1.4,0.3,0.6,0.1,0.3,0,0.2,98482,1
196,75,7,0.2,1,0.8,0.9,2,0.4,0.9,0.1,0.5,0,0.2,137874.7,1
196,90,5,0.3,0.7,0,1.3,1.2,0.1,0.2,0.4,0.7,0,0.1,91926.1,1
196,92,4,0.3,0.3,0.3,0.7,0.8,0,0.6,0.1,0.6,0.2,0.1,95239.1,1
196,105,2,0.1,0.1,0,0.2,0.5,0,0.1,0.5,0.1,0.3,0.1,38037.4,1
196,106,74.5,5,7.5,8,20,11,2,2,10,3,6,0,1397782.2,0
196,107,70.5,5,7,1,17,12,3,4,6,8.5,7,0,1450921.1,0
196,108,47.5,3,3,2,11,6,2.5,10,5,3,2,0,1019709.6,0
196,109,67,2,11,7,10,14,1,9,4,7,0,2,1319672.1,0
196,110,9,0.6,0.7,0.6,1.5,1.8,0.2,1.5,0.5,0.8,0.6,0.2,190960.3,1
196,111,2,0.1,0.2,0.1,0.3,0.4,0,0.4,0.1,0.2,0.1,0.1,42435.6,1
196,112,2,0.1,0.3,0.1,0.2,0.6,0,0.3,0.1,0.1,0.1,0.1,40710.9,1
196,116,5,0.1,0.9,0.2,0.5,1.4,0,0.7,0.3,0.3,0.3,0.3,101777.2,1
196,121,5,0.1,0.9,0.2,0.5,1.4,0,0.7,0.3,0.3,0.3,0.3,101777.2,1
196,143,3,0.3,0.2,0.2,0.8,0.7,0.1,0.3,0,0.2,0.1,0.1,61594.5,1
196,147,4,0.4,0.4,0.3,0.8,1,0.1,0.4,0.3,0.2,0.1,0,82267,1
196,150,49,5.2,4.4,3.2,9.7,12.9,1.6,5.6,3.2,2.4,0.8,0,1007771.3,1
196,151,8,0.9,0.7,0.5,1.6,2.1,0.3,0.9,0.5,0.4,0.1,0,164534.1,1
196,160,8,0.6,0,0.2,1.9,1.1,0,0.8,1.7,1.1,0.6,0,184636.5,1
196,169,40,1,5,3,4,8,2,4,7,3,3,0,766807.4,0
196,170,8,0.7,0.5,0.2,1.3,2,0.2,1.3,0.2,0.7,0.9,0,198871.5,1
196,176,2,0.1,0.1,0.1,0.5,0.4,0.1,0.4,0.1,0.1,0.1,0,45243.3,1
196,180,11,0.7,1.7,0,1.3,3,0.7,1.3,1,1,0,0.3,236251.5,1
196,184,3,0.1,0.3,0.1,0.4,0.5,0,0.5,0.5,0.1,0.4,0.1,59588.2,1
196,188,2,0.1,0.2,0.1,0.2,0.3,0,0.3,0.3,0.1,0.3,0.1,39725.5,1
196,196,1,0.1,0.1,0.1,0.1,0.3,0,0.2,0,0.1,0,0,23204.7,1
196,198,26,0,5,0.6,2.5,8.7,0.6,3.1,3.1,1.2,0.6,0.6,604106.2,1
196,210,5,0,0.7,0.1,0.4,1.2,0.2,0.7,0.6,0.4,0.3,0.4,133940.6,1
196,211,43,1,4,1,5,8,1,7,9,5,2,0,1030677.6,0
196,213,8,0.1,0.7,0.4,0.8,1.8,0.2,1.4,1.1,0.7,0.3,0.5,195143.8,1
196,214,7,0.1,0.6,0.4,0.7,1.5,0.2,1.3,1,0.6,0.2,0.4,170750.9,1
196,215,5,0,0.4,0.3,0.5,1.1,0.2,0.9,0.7,0.4,0.2,0.3,121964.9,1
196,224,2,0,0.1,0.2,0.2,0.4,0,0.6,0.3,0,0,0.2,52407.8,1
196,226,4,0.1,0.1,0.4,0.4,0.8,0,1.1,0.5,0.1,0.1,0.4,104815.6,1
196,229,25,0.3,3.5,0.7,2.8,3.9,0.7,4.6,5.6,0.7,1.1,1.1,659594.9,1
196,230,40,1,5,3,6,9,1,6,3,4,1,1,1220107.2,0
196,231,3,0,0.4,0.1,0.3,0.5,0.1,0.6,0.7,0.1,0.1,0.1,79151.4,1
196,239,1,0,0.1,0,0.1,0.2,0,0.2,0.1,0.1,0.1,0.1,25194.4,1
196,240,2.5,0,0.2,0.1,0.2,0.6,0,0.5,0.3,0.2,0.2,0.2,62985.9,1
196,241,1,0,0.1,0,0.1,0.2,0,0.2,0.1,0.1,0.1,0.1,25194.4,1
196,255,1,0,0.2,0,0.1,0.2,0,0.1,0.1,0.1,0.1,0.1,26882.2,1
197,0,3,0.3,0.3,0.5,0.5,0.4,0,0.4,0.2,0.2,0.2,0,58274.8,1
197,29,5,0.1,0.5,0.1,0.5,1.4,0,0.5,0.5,0.4,0.9,0.1,130938.5,1
197,30,1,0,0.1,0,0.1,0.3,0,0.1,0.1,0.1,0.2,0,26187.7,1
197,42,2,0.1,0,0.1,0.2,0.3,0.1,0.4,0.5,0,0.2,0.1,44831.7,1
197,54,3,0,0.5,0.2,0.2,0.9,0.1,0.5,0.1,0.3,0.2,0,65136.5,1
197,65,2,0,0.3,0.2,0.2,0.6,0,0.3,0,0.2,0.2,0,43424.4,1
197,72,2,0.1,0.3,0.2,0.2,0.6,0.1,0.3,0,0.1,0,0.1,39392.8,1
197,73,2,0.1,0.3,0.2,0.2,0.6,0.1,0.3,0,0.1,0,0.1,39392.8,1
197,87,4,0.2,0.5,0,1.1,0.9,0.1,0.2,0.3,0.6,0,0.1,73540.9,1
197,89,1,0.1,0.1,0,0.3,0.2,0,0,0.1,0.2,0,0,18385.2,1
197,95,4,0.3,0.3,0.3,0.7,0.8,0,0.6,0.1,0.6,0.2,0.1,95239.1,1
197,105,17,0,2.2,2.2,1.5,4.8,0.4,2.6,1.1,0.7,1.1,0.4,334618.7,1
197,106,55,5,2,3,15,14,0,3,7,5,1,0,1093907.7,0
197,107,35.5,0,0.5,0,5,4,1,8,5,1,11,0,609905.6,0
197,108,66,4,7,2,12,11,2,9,12,3,4,0,1339670.4,0
197,109,44,3,4,1,5,8,2,7,8,3,3,0,835680,0
197,112,5,0.1,0.9,0.2,0.5,1.4,0,0.7,0.3,0.3,0.3,0.3,101777.2,1
197,120,11,0.3,1.9,0.4,1,3.2,0,1.6,0.7,0.6,0.7,0.6,223909.8,1
197,127,2,0.1,0.1,0.1,0.5,0.3,0.1,0.2,0.2,0.3,0.1,0,40940.1,1
197,147,17,1.6,1,1.3,4.4,3.7,0.5,1.8,0.3,1.3,0.8,0.3,349035.5,1
197,150,1,0.1,0.1,0.1,0.3,0.2,0,0.1,0,0.1,0,0,20531.5,1
197,158,3,0,0,0.6,0.4,0.7,0,0.4,0.2,0,0.4,0.3,78454.9,1
197,159,2,0,0,0.4,0.3,0.4,0,0.3,0.1,0,0.3,0.2,52303.3,1
197,161,5,0,0,1,0.7,1.2,0,0.7,0.2,0,0.7,0.5,130758.2,1
197,163,15,0.5,2.1,1.3,2.1,3.4,0.5,1.1,2,1.1,0.7,0.2,347076.9,1
197,164,5,0.2,0.7,0.4,0.7,1.1,0.2,0.4,0.6,0.4,0.2,0.1,115692.3,1
197,169,5,0.4,0.3,0.1,0.8,1.3,0.1,0.8,0.2,0.4,0.6,0,124294.7,1
197,170,3,0.2,0.2,0.1,0.5,0.8,0.1,0.5,0.1,0.2,0.3,0,74576.8,1
197,190,5,0.3,0.1,0.1,0.9,0.7,0.1,1.2,0.9,0,0.3,0.4,113696.1,1
197,192,13,1.8,1.1,0.7,1.8,2.8,0.7,2.5,0.3,0.7,0.3,0.3,304242.5,1
197,197,1,0.1,0.1,0.1,0.1,0.2,0.1,0.2,0,0.1,0,0,23403.3,1
197,198,3,0.4,0.2,0.2,0.4,0.6,0.1,0.6,0.1,0.2,0.1,0.1,70209.8,1
197,212,4,0.2,0.3,0,0.7,0.5,0.1,0.7,0.8,0.2,0.4,0.1,110411.4,1
197,213,1,0.1,0.1,0,0.2,0.1,0,0.2,0.2,0,0.1,0,27602.8,1
197,214,9,0.5,0.7,0.1,1.6,1.2,0.2,1.6,1.7,0.4,0.9,0.1,248425.6,1
197,215,11,0.7,0.8,0.1,2,1.4,0.3,2,2.1,0.5,1,0.1,303631.3,1
197,219,4,0.2,0.3,0.3,0.6,1,0.2,0.4,0.6,0.2,0,0.2,90426.4,1
197,228,1,0,0.1,0.1,0.1,0.2,0,0.3,0.1,0,0,0.1,26203.9,1
197,230,2,0,0.1,0.2,0.2,0.4,0,0.6,0.3,0,0,0.2,52407.8,1
197,233,2,0.1,0.2,0.1,0.1,0.5,0,0.4,0.3,0.1,0.1,0.1,60421.5,1
197,238,2,0.1,0.2,0.1,0.1,0.5,0,0.4,0.3,0.1,0.1,0.1,60421.5,1
197,240,1,0,0.1,0,0.1,0.2,0,0.2,0.1,0.1,0.1,0.1,30210.8,1
197,248,1,0.1,0.1,0,0.1,0.4,0.1,0.1,0,0.1,0,0,24845.9,1
197,249,2,0.1,0.2,0,0.3,0.7,0.1,0.3,0,0.2,0.1,0,49691.8,1
197,251,4,0.3,0.4,0.1,0.5,1.3,0.2,0.5,0.1,0.4,0.1,0.1,99383.6,1
197,252,2,0.1,0.1,0.1,0.2,0.5,0.1,0.5,0.2,0.1,0,0.1,57360.4,1
198,20,2,0.2,0.2,0,0.5,0.4,0,0.3,0.2,0.1,0,0.1,39112.2,1
198,27,4,0.1,0.4,0.1,0.4,1.1,0,0.4,0.4,0.3,0.7,0.1,104750.8,1
198,29,7,0.2,0.6,0.2,0.6,1.9,0,0.7,0.7,0.6,1.3,0.2,183313.9,1
198,34,2,0.2,0.3,0.2,0.2,0.6,0,0.1,0.3,0.1,0,0,33010.2,1
198,56,2,0,0.3,0.2,0.2,0.6,0,0.3,0,0.2,0.2,0,43424.4,1
198,59,2,0,0.3,0.2,0.2,0.6,0,0.3,0,0.2,0.2,0,43424.4,1
198,71,4,0,0.6,0.3,0.3,1.2,0.1,0.7,0.1,0.4,0.3,0,86848.7,1
198,72,9,0.3,1.3,1.1,1.1,2.5,0.5,1.1,0.2,0.6,0,0.3,177267.5,1
198,83,15,0.9,2,0,4.1,3.5,0.3,0.6,1.1,2.2,0,0.3,275778.3,1
198,88,2,0.1,0.3,0,0.5,0.5,0,0.1,0.2,0.3,0,0,36770.4,1
198,91,2.5,0.1,0.3,0,0.7,0.6,0,0.1,0.2,0.4,0,0.1,45963.1,1
198,99,3,0.2,0.3,0.2,0.5,0.6,0,0.4,0.1,0.4,0.2,0.1,71429.3,1
198,102,2,0,0.3,0.3,0.2,0.6,0,0.3,0.1,0.1,0.1,0,39366.9,1
198,105,5,0,0.7,0.7,0.4,1.4,0.1,0.8,0.3,0.2,0.3,0.1,98417.3,1
198,106,56,2,7,4,7,19,1,4,4,6,0,2,1188180.6,0
198,107,35,2,1,1,6,9,0,3,7,2,3,1,820317.6,0
198,108,10,0.9,0.7,0.4,2.6,2,0.4,1.3,0.2,1.1,0,0.4,235331.9,1
198,109,5,0.5,0.4,0.2,1.3,1,0.2,0.6,0.1,0.5,0,0.2,117666,1
198,110,7,0.6,0.5,0.3,1.8,1.4,0.3,0.9,0.1,0.8,0,0.3,164732.3,1
198,127,7,0.4,0.4,0.4,1.8,0.9,0.4,0.7,0.7,0.9,0.3,0.1,143290.2,1
198,136,5,0.2,0.4,0,0.8,1.4,0.2,0.4,0.6,0.3,0.2,0.5,118869.6,1
198,146,4,0.4,0.2,0.3,1,0.9,0.1,0.4,0.1,0.3,0.2,0.1,82126,1
198,147,9,0.8,0.6,0.7,2.4,1.9,0.3,1,0.1,0.7,0.4,0.1,184783.5,1
198,149,8,0.7,0.5,0.6,2.1,1.7,0.3,0.9,0.1,0.6,0.4,0.1,164252,1
198,150,3,0.3,0.2,0.2,0.8,0.7,0.1,0.3,0,0.2,0.1,0.1,61594.5,1
198,152,1,0,0,0.2,0.1,0.2,0,0.1,0.1,0,0.2,0.1,26151.6,1
198,162,5,0.2,0.7,0.4,0.7,1.1,0.2,0.4,0.6,0.4,0.2,0.1,115692.3,1
198,163,9,0.3,1.3,0.8,1.3,2,0.3,0.7,1.2,0.6,0.4,0.1,208246.2,1
198,164,4,0.1,0.6,0.3,0.6,0.9,0.1,0.3,0.5,0.3,0.2,0.1,92553.8,1
198,179,5.5,0.4,0.6,0.3,1,1,0,0.7,0.7,0.3,0.2,0.3,125582,1
198,180,4,0.3,0.4,0.2,0.8,0.8,0,0.5,0.5,0.2,0.1,0.2,91332.3,1
198,189,2,0.1,0,0,0.4,0.3,0,0.5,0.4,0,0.1,0.2,45478.4,1
198,191,4,0.2,0.1,0.1,0.7,0.5,0.1,1,0.8,0,0.2,0.3,90956.9,1
198,192,3,0.4,0.2,0.2,0.4,0.6,0.1,0.6,0.1,0.2,0.1,0.1,70209.8,1
198,211,4,0.1,0.5,0.2,0.5,0.9,0.2,0.7,0.4,0.4,0,0.1,88690.3,1
198,213,3,0.2,0.2,0,0.5,0.4,0.1,0.5,0.6,0.2,0.3,0,82808.5,1
198,214,36.5,2,2.5,5,5,9,3,1,6,3,0,0,835553.7,0
198,215,14,0.8,1,0.2,2.5,1.8,0.3,2.5,2.7,0.7,1.3,0.2,386439.8,1
198,216,20,1.2,1.4,0.2,3.6,2.6,0.5,3.6,3.8,1,1.9,0.2,552056.9,1
198,219,5,0.3,0.4,0.4,0.7,1.2,0.2,0.5,0.7,0.3,0,0.3,113033,1
198,222,2,0,0.1,0.2,0.2,0.4,0,0.6,0.3,0,0,0.2,52407.8,1
198,224,2,0,0.1,0.2,0.2,0.4,0,0.6,0.3,0,0,0.2,52407.8,1
198,247,4,0.3,0.4,0.1,0.5,1.3,0.2,0.5,0.1,0.4,0.1,0.1,99383.6,1
198,255,2,0.1,0.1,0.1,0.2,0.5,0.1,0.5,0.2,0.1,0,0.1,57360.4,1
199,8,8,0.5,1.1,0,2.1,1.6,0,1.1,0.7,0.5,0.2,0.2,127082.8,1
199,16,3,0.3,0.2,0.1,0.7,0.7,0,0.4,0.3,0.1,0.1,0.1,58668.3,1
199,24,2,0.2,0,0,0.5,0.3,0,0.3,0.4,0.1,0.2,0,40202.9,1
199,26,8,0.6,0.2,0.2,2.2,1,0.2,1,1.4,0.4,0.8,0,160811.4,1
199,27,7,0.2,0.6,0.2,0.6,1.9,0,0.7,0.7,0.6,1.3,0.2,183313.9,1
199,33,1,0.1,0.1,0.1,0.1,0.3,0,0.1,0.2,0,0,0,16505.1,1
199,34,7,0.5,0.9,0.5,0.7,2.1,0.2,0.4,1.1,0.4,0.2,0,115535.6,1
199,35,2,0.2,0.3,0.2,0.2,0.6,0,0.1,0.3,0.1,0,0,33010.2,1
199,67,5,0,0.8,0.4,0.4,1.5,0.1,0.8,0.1,0.5,0.4,0,108560.9,1
199,72,3,0.1,0.4,0.4,0.4,0.8,0.2,0.4,0,0.2,0,0.1,59089.2,1
199,83,2,0.1,0.3,0,0.5,0.5,0,0.1,0.2,0.3,0,0,36770.4,1
199,84,2,0.1,0.3,0,0.5,0.5,0,0.1,0.2,0.3,0,0,36770.4,1
199,92,1,0.1,0.1,0.1,0.2,0.2,0,0.1,0,0.1,0.1,0,23809.8,1
199,100,3,0.2,0.3,0.2,0.5,0.6,0,0.4,0.1,0.4,0.2,0.1,71429.3,1
199,101,4,0.3,0.3,0.3,0.7,0.8,0,0.6,0.1,0.6,0.2,0.1,95239.1,1
199,105,1,0,0.1,0.1,0.1,0.3,0,0.2,0.1,0,0.1,0,19683.5,1
199,106,21,0,2.7,2.7,1.8,5.9,0.5,3.2,1.4,0.9,1.4,0.5,413352.5,1
199,107,5,0.5,0.4,0.2,1.3,1,0.2,0.6,0.1,0.5,0,0.2,117666,1
199,109,6,0.6,0.4,0.2,1.6,1.2,0.2,0.8,0.1,0.7,0,0.2,141199.1,1
199,110,9,0.8,0.7,0.3,2.3,1.8,0.3,1.2,0.2,1,0,0.4,211798.7,1
199,111,3,0.3,0.2,0.1,0.8,0.6,0.1,0.4,0.1,0.3,0,0.1,70599.6,1
199,114,2,0.1,0.3,0.1,0.2,0.6,0,0.3,0.1,0.1,0.1,0.1,40710.9,1
199,115,5,0.1,0.9,0.2,0.5,1.4,0,0.7,0.3,0.3,0.3,0.3,101777.2,1
199,121,5,0.1,0.9,0.2,0.5,1.4,0,0.7,0.3,0.3,0.3,0.3,101777.2,1
199,136,3,0.1,0.2,0,0.5,0.8,0.1,0.3,0.4,0.2,0.1,0.3,71321.8,1
199,143,2,0.2,0.1,0.2,0.5,0.4,0.1,0.2,0,0.2,0.1,0,41063,1
199,144,2,0.2,0.1,0.2,0.5,0.4,0.1,0.2,0,0.2,0.1,0,41063,1
199,148,6,0.5,0.4,0.5,1.6,1.3,0.2,0.6,0.1,0.4,0.3,0.1,123189,1
199,153,1,0,0,0.2,0.1,0.2,0,0.1,0.1,0,0.2,0.1,26151.6,1
199,155,2,0,0,0.4,0.3,0.4,0,0.3,0.1,0,0.3,0.2,52303.3,1
199,178,2,0.1,0.2,0.1,0.4,0.4,0,0.3,0.3,0.1,0,0.1,45666.2,1
199,179,12,0.8,1.3,0.6,2.3,2.3,0,1.6,1.6,0.6,0.3,0.6,273997,1
199,188,3,0.2,0.1,0.1,0.5,0.4,0.1,0.7,0.5,0,0.2,0.2,68217.7,1
199,189,1,0.1,0,0,0.2,0.1,0,0.2,0.2,0,0.1,0.1,22739.2,1
199,212,1,0.1,0.1,0,0.2,0.1,0,0.2,0.2,0,0.1,0,27602.8,1
199,213,9,0.5,0.7,0.1,1.6,1.2,0.2,1.6,1.7,0.4,0.9,0.1,248425.6,1
199,214,12,0.7,0.9,0.1,2.1,1.6,0.3,2.1,2.3,0.6,1.1,0.2,331234.1,1
199,215,56,2,8,7,4,19,0,7,2,2,0,5,1396814.3,0
199,216,49.5,0,7.5,2,2,16,0,8,8,1,0,5,1404064.2,0
199,222,4,0.1,0.1,0.4,0.4,0.8,0,1.1,0.5,0.1,0.1,0.4,104815.6,1
199,227,14,0.3,0.5,1.3,1.3,2.7,0,3.8,1.9,0.3,0.3,1.6,366854.7,1
199,231,1,0,0.1,0.1,0.1,0.2,0,0.3,0.1,0,0,0.1,26203.9,1
199,234,4,0.1,0.4,0.1,0.2,0.9,0.1,0.9,0.6,0.2,0.2,0.3,120843.1,1
199,239,2,0.1,0.2,0.1,0.1,0.5,0,0.4,0.3,0.1,0.1,0.1,60421.5,1
199,246,2,0.1,0.3,0.1,0.4,0.5,0,0.1,0.3,0.2,0,0,43920.8,1
199,247,2,0.1,0.2,0,0.3,0.7,0.1,0.3,0,0.2,0.1,0,49691.8,1
199,252,41,2.5,2.5,1.9,4.3,11.2,1.9,9.3,4.3,1.9,0,1.2,1175888.2,1
199,253,12,0.7,0.7,0.6,1.3,3.3,0.5,2.7,1.3,0.5,0,0.4,344162.4,1
199,254,2,0.1,0.1,0.1,0.2,0.5,0.1,0.5,0.2,0.1,0,0.1,57360.4,1
200,16,8,0.7,0.7,0.1,2,1.8,0,1.1,0.8,0.4,0.1,0.3,156448.8,1
200,17,2,0.2,0.2,0,0.5,0.4,0,0.3,0.2,0.1,0,0.1,39112.2,1
200,19,4,0.4,0.3,0.1,1,0.9,0,0.5,0.4,0.2,0.1,0.1,78224.4,1
200,26,30,2.2,0.7,0.7,8.3,3.8,0.7,3.8,5.3,1.5,3,0,603042.8,1
200,27,6,0.2,0.5,0.2,0.5,1.6,0,0.6,0.6,0.5,1.1,0.2,157126.2,1
200,39,6,0.5,0.8,0.5,0.6,1.8,0.1,0.3,0.9,0.3,0.2,0,99030.5,1
200,63,5,0,0.8,0.4,0.4,1.5,0.1,0.8,0.1,0.5,0.4,0,108560.9,1
200,74,6,0.2,0.9,0.7,0.7,1.7,0.3,0.8,0.1,0.4,0,0.2,118178.4,1
200,111,9,0.8,0.7,0.3,2.3,1.8,0.3,1.2,0.2,1,0,0.4,211798.7,1
200,115,3,0.1,0.5,0.1,0.3,0.9,0,0.4,0.2,0.1,0.2,0.2,61066.3,1
200,116,6,0.2,1,0.2,0.6,1.7,0,0.9,0.4,0.3,0.4,0.3,122132.6,1
200,119,1,0,0.2,0,0.1,0.3,0,0.1,0.1,0,0.1,0.1,20355.4,1
200,135,5,0.2,0.4,0,0.8,1.4,0.2,0.4,0.6,0.3,0.2,0.5,118869.6,1
200,136,3,0.1,0.2,0,0.5,0.8,0.1,0.3,0.4,0.2,0.1,0.3,71321.8,1
200,147,1,0.1,0.1,0.1,0.3,0.2,0,0.1,0,0.1,0,0,20531.5,1
200,155,1,0,0,0.2,0.1,0.2,0,0.1,0.1,0,0.2,0.1,26151.6,1
200,158,1,0,0,0.2,0.1,0.2,0,0.1,0.1,0,0.2,0.1,26151.6,1
200,164,6,0.2,0.9,0.5,0.9,1.3,0.2,0.4,0.8,0.4,0.3,0.1,138830.8,1
200,165,5,0.2,0.7,0.4,0.7,1.1,0.2,0.4,0.6,0.4,0.2,0.1,115692.3,1
200,174,2,0.1,0.2,0.1,0.4,0.4,0,0.3,0.3,0.1,0,0.1,45666.2,1
200,184,9,0.4,0.9,0.2,1.1,1.5,0,1.5,1.5,0.4,1.1,0.4,178764.7,1
200,196,10,1.3,0.8,0.5,1.4,2.2,0.5,1.9,0.3,0.5,0.3,0.3,234032.7,1
200,197,3,0.4,0.2,0.2,0.4,0.6,0.1,0.6,0.1,0.2,0.1,0.1,70209.8,1
200,198,4,0.5,0.3,0.2,0.6,0.9,0.2,0.8,0.1,0.2,0.1,0.1,93613.1,1
200,208,2,0,0.2,0.1,0.2,0.5,0.1,0.4,0.2,0.2,0,0.1,44345.1,1
200,214,36,0,4,4,4,6,0,5,7,0,2,4,861853,0
200,215,60,1,5,2,6,8,0,19,11,3,1,4,1648182.3,0
200,216,145,3,15.5,7,20,37,3,26,12,16.5,1,4,3029800,0
200,217,53,1,8.5,3,10,16,0.5,6,0,6,1,1,864058,0
200,221,5,0.3,0.4,0.4,0.7,1.2,0.2,0.5,0.7,0.3,0,0.3,113033,1
200,222,3,0,0.1,0.3,0.3,0.6,0,0.8,0.4,0.1,0.1,0.3,78611.7,1
200,227,3,0,0.1,0.3,0.3,0.6,0,0.8,0.4,0.1,0.1,0.3,78611.7,1
200,228,5,0.1,0.2,0.5,0.5,0.9,0,1.3,0.7,0.1,0.1,0.6,131019.5,1
200,232,23,0.6,2.5,0.8,1.2,5.3,0.4,5.1,3.2,1.1,1.2,1.6,694847.7,1
200,233,22,0.6,2.4,0.8,1.1,5,0.4,4.8,3.1,1.1,1.2,1.5,664636.9,1
200,234,6,0.2,0.7,0.2,0.3,1.4,0.1,1.3,0.8,0.3,0.3,0.4,181264.6,1
200,236,13,0.3,1.4,0.5,0.7,3,0.2,2.9,1.8,0.6,0.7,0.9,392740,1
200,237,2,0.1,0.2,0.1,0.1,0.5,0,0.4,0.3,0.1,0.1,0.1,60421.5,1
200,246,8,0.5,1.1,0.3,1.5,1.9,0.2,0.5,1,0.6,0.2,0.2,175683.3,1
200,249,9,0.6,1,0.2,1.1,3,0.5,1.1,0.2,0.8,0.3,0.2,223613.2,1
200,252,105,2.5,8,13,8,30,1,17,13,3.5,3,6,2676675.1,0
200,253,50.5,1,2,5.5,2,10,1,17,4,0,0,8,1535695.9,0
200,254,125,12,10,7,21,20,5,25,12,4,1,8,2937261.4,0
200,255,155,9,14,13,31,37,3,27,5,8,4,4,3270319.7,0
201,5,4,0.2,0.6,0,1,0.8,0,0.6,0.4,0.2,0.1,0.1,63541.4,1
201,31,2,0,0.2,0,0.2,0.5,0,0.2,0.2,0.2,0.4,0.1,52375.4,1
201,41,6,0.5,0.8,0.5,0.6,1.8,0.1,0.3,0.9,0.3,0.2,0,99030.5,1
201,49,5,0.3,0,0.3,0.6,0.9,0.1,0.9,1.3,0,0.4,0.2,112079.3,1
201,50,3,0.2,0,0.2,0.3,0.5,0.1,0.5,0.8,0,0.3,0.1,67247.6,1
201,52,1,0,0.1,0.1,0.1,0.3,0,0.2,0,0.1,0.1,0,21712.2,1
201,57,1,0,0.1,0.1,0.1,0.3,0,0.2,0,0.1,0.1,0,21712.2,1
201,63,3,0,0.5,0.2,0.2,0.9,0.1,0.5,0.1,0.3,0.2,0,65136.5,1
201,73,2,0.1,0.3,0.2,0.2,0.6,0.1,0.3,0,0.1,0,0.1,39392.8,1
201,86,2,0.1,0.3,0,0.5,0.5,0,0.1,0.2,0.3,0,0,36770.4,1
201,88,11,0.6,1.5,0,3,2.6,0.2,0.4,0.9,1.6,0,0.2,202237.4,1
201,89,1,0.1,0.1,0,0.3,0.2,0,0,0.1,0.2,0,0,18385.2,1
201,96,2,0.1,0.2,0.1,0.4,0.4,0,0.3,0.1,0.3,0.1,0,47619.6,1
201,117,9,0.2,1.5,0.4,0.8,2.6,0,1.3,0.6,0.5,0.6,0.5,183199,1
201,129,19,1.1,1.1,1.1,4.7,2.6,1.1,1.8,1.8,2.6,0.7,0.4,388930.6,1
201,130,2,0.1,0.1,0.1,0.5,0.3,0.1,0.2,0.2,0.3,0.1,0,40940.1,1
201,135,1,0,0.1,0,0.2,0.3,0,0.1,0.1,0.1,0,0.1,23773.9,1
201,136,2,0.1,0.2,0,0.3,0.5,0.1,0.2,0.2,0.1,0.1,0.2,47547.8,1
201,137,3,0.1,0.2,0,0.5,0.8,0.1,0.3,0.4,0.2,0.1,0.3,71321.8,1
201,138,4,0.2,0.3,0,0.6,1.1,0.2,0.3,0.5,0.2,0.2,0.4,95095.7,1
201,139,7,0.3,0.6,0,1.1,1.8,0.3,0.6,0.9,0.4,0.3,0.7,166417.4,1
201,153,1,0,0,0.2,0.1,0.2,0,0.1,0.1,0,0.2,0.1,26151.6,1
201,157,4,0,0,0.7,0.6,0.9,0,0.6,0.2,0,0.6,0.4,104606.6,1
201,163,23,0.8,3.3,1.9,3.3,5.2,0.8,1.7,3,1.6,1.1,0.3,532184.6,1
201,164,12,0.4,1.7,1,1.7,2.7,0.4,0.9,1.6,0.9,0.6,0.1,277661.5,1
201,173,3,0.2,0.3,0.1,0.6,0.6,0,0.4,0.4,0.1,0.1,0.2,68499.3,1
201,176,2,0.1,0.2,0.1,0.4,0.4,0,0.3,0.3,0.1,0,0.1,45666.2,1
201,180,2,0.1,0.2,0.1,0.4,0.4,0,0.3,0.3,0.1,0,0.1,45666.2,1
201,181,5,0.3,0.5,0.3,0.9,0.9,0,0.7,0.7,0.3,0.1,0.3,114165.4,1
201,185,2,0.1,0.2,0.1,0.2,0.3,0,0.3,0.3,0.1,0.3,0.1,39725.5,1
201,189,5,0.3,0.1,0.1,0.9,0.7,0.1,1.2,0.9,0,0.3,0.4,113696.1,1
201,190,18,0.9,0.5,0.5,3.3,2.4,0.5,4.3,3.3,0,0.9,1.4,409306,1
201,208,14,0.3,1.7,0.7,1.8,3.2,0.7,2.4,1.4,1.4,0,0.4,310416,1
201,209,20,0.5,2.5,1,2.5,4.5,1,3.5,2,2,0,0.5,443451.4,1
201,214,34.5,1,1,1,6,5,0,6,7,4.5,2,1,970951.1,0
201,215,34,2,6,1,8,6,0,5,2,2,2,0,978213.2,0
201,216,65,5,5,4,12,13,2,13,7,2,0,2,1385661.9,0
201,217,24,1.4,1.8,1.9,3.7,6,0.9,2.3,3.2,1.4,0,1.4,542558.5,1
201,218,9,0.5,0.7,0.7,1.4,2.3,0.3,0.9,1.2,0.5,0,0.5,203459.4,1
201,219,3,0.2,0.2,0.2,0.5,0.7,0.1,0.3,0.4,0.2,0,0.2,67819.8,1
201,221,2,0.1,0.1,0.2,0.3,0.5,0.1,0.2,0.3,0.1,0,0.1,45213.2,1
201,222,3,0,0.1,0.3,0.3,0.6,0,0.8,0.4,0.1,0.1,0.3,78611.7,1
201,233,15,0.4,1.6,0.5,0.8,3.4,0.3,3.3,2.1,0.7,0.8,1.1,453161.6,1
201,234,11,0.3,1.2,0.4,0.6,2.5,0.2,2.4,1.5,0.5,0.6,0.8,332318.5,1
201,235,11,0.3,1.2,0.4,0.6,2.5,0.2,2.4,1.5,0.5,0.6,0.8,332318.5,1
201,249,34,2.4,3.7,0.6,4.3,11.5,1.8,4.3,0.6,3,1.2,0.6,844760.9,1
201,250,105,3,11,7,10,29,5,15,8,6,2,9,2808750.1,0
201,251,50,1,4,1,6,12,1,10,6,2,1,6,1204338,0
201,252,85.5,3,2.5,6,16,24,3,15,4,6,1,5,1995661.1,0
201,253,145,0,11,9,15,36,1,28,22,8,0,15,3712835.6,0
201,254,141,2,18,10,10,40,2,35,13,4,1,6,3530736,0
201,255,144,8,15,4,20,38,4,28,10,6,1,10,3795591,0
202,22,1,0.1,0.1,0.1,0.3,0.2,0,0,0.1,0.1,0,0,23469.8,1
202,23,9,0.6,0.8,0.8,2.7,1.5,0.5,0.4,1,0.6,0.1,0,211227.9,1
202,31,7,0.5,0.6,0.7,2.1,1.1,0.4,0.3,0.7,0.5,0.1,0,164288.4,1
202,38,9,0.3,0.8,0.3,2.6,0.8,0.5,2.1,0.3,0.5,0.8,0,206577.5,1
202,49,6,1,0.2,0.3,1.6,0.6,0.3,1.3,0.2,0.2,0.3,0,107314.6,1
202,50,6,1,0.2,0.3,1.6,0.6,0.3,1.3,0.2,0.2,0.3,0,107314.6,1
202,54,5,0.1,0.2,0.3,0.6,0.9,0,1.5,0.9,0.4,0.1,0,113950.2,1
202,56,2,0,0.1,0.1,0.2,0.4,0,0.6,0.4,0.2,0,0,45580.1,1
202,70,5,0.1,0.3,0.4,0.8,1.3,0.2,0.3,0.5,0.3,0.6,0.2,106653.9,1
202,79,1,0.1,0,0.1,0.1,0.2,0,0.2,0.2,0,0.1,0,19887.1,1
202,96,3,0.2,0.3,0.1,0.5,0.7,0.1,0.4,0.1,0.4,0.1,0.1,57409.9,1
202,98,22,1.6,2.2,1,3.2,5.1,0.6,2.5,1,3.2,1,0.6,421005.6,1
202,99,4,0.3,0.4,0.2,0.6,0.9,0.1,0.4,0.2,0.6,0.2,0.1,76546.5,1
202,107,5,0.3,0.2,0.3,0.7,1,0,0.5,1.5,0.3,0.2,0,98281.8,1
202,108,7,0.4,0.3,0.5,1,1.4,0,0.7,2,0.4,0.3,0,137594.5,1
202,118,8,0.4,0.7,0.4,1.7,2,0.3,0.5,0.6,0.7,0.6,0.1,159484.1,1
202,119,3,0.1,0.3,0.2,0.6,0.8,0.1,0.2,0.2,0.3,0.2,0,59806.5,1
202,120,5,0.2,0.4,0.2,1.1,1.3,0.2,0.3,0.4,0.4,0.4,0.1,99677.5,1
202,129,9,0.2,1,0.3,2,1.8,0.3,1.3,0.8,0.8,0.5,0,201107.7,1
202,130,6,0.2,0.7,0.2,1.4,1.2,0.2,0.8,0.5,0.5,0.3,0,134071.8,1
202,135,4,0.1,1,0,0.7,1.1,0.2,0.2,0,0.6,0,0.1,86651.4,1
202,146,2,0,0.3,0.2,0.3,0.7,0,0.1,0.1,0.3,0,0,43076.1,1
202,147,8,0.2,1.5,0.4,0.9,2.5,0,0.6,0.4,0.9,0.4,0.2,151883.3,1
202,151,5,0.1,0.9,0.3,0.5,1.6,0,0.4,0.3,0.5,0.3,0.1,94927,1
202,157,2,0,0.1,0.2,0.2,0.3,0,0.4,0.6,0.1,0,0.1,42885.4,1
202,160,2,0,0.1,0.2,0.2,0.3,0,0.4,0.6,0.1,0,0.1,42885.4,1
202,162,68,2,14,2,4,25,0,12,2,4,0,3,1319820.4,0
202,163,67,4,10,4,5,23,1,5,0,4,7,4,1320151.9,0
202,164,12,0.4,1.7,0,0.4,3,0,0.9,3.8,0.9,0.9,0,275523.2,1
202,167,2,0,0.2,0.1,0.2,0.5,0.1,0.1,0.5,0.1,0.1,0.1,43478.8,1
202,176,2,0.1,0.4,0,0.3,0.5,0,0.3,0.2,0.1,0.1,0,42866.6,1
202,178,4,0.1,0.9,0,0.6,1,0.1,0.6,0.3,0.2,0.1,0.1,85733.1,1
202,190,45.5,4.7,2.3,0.8,13.2,7.8,2.3,5.4,3.9,3.5,0,1.6,1010592,1
202,191,3,0.3,0.2,0,0.9,0.5,0.1,0.4,0.3,0.2,0,0.1,66632.4,1
202,192,2,0.1,0,0,0.6,0.2,0.3,0.2,0.3,0.2,0,0.1,48885,1
202,197,13,0.2,0.6,0.6,1.3,2.9,0.5,1.9,2.1,1.2,1,0.7,297002.8,1
202,198,21,0.3,1,1,2.1,4.6,0.9,3.1,3.4,2,1.6,1,479773.7,1
202,199,1,0,0,0.1,0.1,0.2,0,0.1,0.2,0.1,0.1,0.1,22846.4,1
202,209,28,2.1,0,1.1,6.9,2.1,2.1,4.7,4.8,3.7,0.5,0,615389.4,1
202,210,11,0.8,0,0.4,2.7,0.8,0.8,1.9,1.9,1.5,0.2,0,241760.1,1
202,211,1,0.1,0,0,0.2,0.1,0.1,0.2,0.2,0.1,0,0,21978.2,1
202,215,13,0.4,0.7,0.7,2.9,3.3,0.1,2.7,0.6,0.9,0.4,0.3,309303.9,1
202,216,123,2,9,5,33,28,1.5,19,12,7.5,4,2,3056442.2,0
202,217,7,0.1,0.9,0.5,0.9,1.8,0.1,1.1,0.5,0.4,0.3,0.4,177392.1,1
202,218,5,0,0.6,0.4,0.6,1.3,0.1,0.8,0.4,0.3,0.2,0.3,126708.6,1
202,223,4,0.3,0.3,0.3,0.8,0.5,0.6,0.3,0.4,0.1,0.3,0.1,98930.3,1
202,233,2,0,0.4,0.1,0.1,0.5,0,0.3,0.4,0,0.1,0.1,63292.7,1
202,249,29,1.2,4.1,1.7,1.7,6.4,0,5.8,4.6,1.7,0.6,1.2,691494.2,1
202,250,100,1,11.5,8.5,5,25,1,23,11,3,1,10,2651564.1,0
202,251,89.5,1,16.5,3,9,24,3,8,12,3,3,7,2352446.2,0
202,252,18,0.8,0.6,1.6,2.2,3.3,0.5,0,4.9,1.4,2.7,0,470193.5,1
202,253,96,0,7,13,25,13,0,11,11,6,10,0,1924413,0
202,254,106,3,1,3,12,8,2,19,25,3,30,0,2262568.8,0
202,255,171,8,18,9,33,38,8,29,12,9,4,3,4614317.3,0
203,16,1,0.1,0.1,0,0.3,0.2,0,0.1,0.1,0.1,0,0,19556.1,1
203,31,22,1.5,2.1,2.1,6.5,3.5,1.2,0.9,2.4,1.5,0.3,0,516334.9,1
203,40,5,0.1,0.4,0.2,1.5,0.4,0.3,1.2,0.2,0.3,0.4,0,114765.3,1
203,41,5,0.1,0.4,0.2,1.5,0.4,0.3,1.2,0.2,0.3,0.4,0,114765.3,1
203,59,2,0.1,0.4,0.1,0.4,0.3,0.1,0.4,0.1,0.1,0,0,37819.3,1
203,62,2,0,0.1,0.2,0.3,0.5,0.1,0.1,0.2,0.1,0.3,0.1,42661.6,1
203,82,5,0.6,0.5,0.1,0.9,1,0.3,0.6,0.1,0.1,0.6,0.2,86186.4,1
203,97,3,0.2,0.3,0.1,0.5,0.7,0.1,0.4,0.1,0.4,0.1,0.1,57409.9,1
203,98,7,0.5,0.7,0.3,1,1.7,0.2,0.8,0.3,1,0.3,0.2,133956.3,1
203,103,1,0.1,0,0.1,0.1,0.2,0,0.1,0.3,0.1,0,0,19656.4,1
203,118,17,0.8,1.5,0.8,3.6,4.4,0.6,1,1.3,1.5,1.3,0.2,338903.6,1
203,119,43,2,6,0,11,7,2,1,5,7,1,1,990917.7,0
203,120,22,1.1,1.9,1.1,4.6,5.7,0.8,1.4,1.6,1.9,1.6,0.3,438581.1,1
203,121,1,0,0.1,0,0.2,0.3,0,0.1,0.1,0.1,0.1,0,19935.5,1
203,124,6,0.3,0.2,0.2,1.6,0.3,0.2,0.9,1.1,0.9,0.3,0,168110.2,1
203,127,12,0.3,1.4,0.4,2.8,2.4,0.3,1.7,1,1,0.7,0,268143.6,1
203,146,1,0,0.1,0.1,0.2,0.3,0,0.1,0.1,0.1,0,0,21538.1,1
203,151,5,0.1,0.9,0.3,0.5,1.6,0,0.4,0.3,0.5,0.3,0.1,94927,1
203,154,2,0.1,0.1,0,0.4,0.3,0.1,0.2,0.3,0.2,0.2,0.1,37193.4,1
203,155,3,0.1,0.2,0.1,0.6,0.4,0.2,0.3,0.5,0.3,0.2,0.1,55790.2,1
203,157,1,0,0.1,0.1,0.1,0.1,0,0.2,0.3,0,0,0.1,21442.7,1
203,160,22,0,1.1,2.1,2.1,3.2,0,4.3,6.4,1.1,0.3,1.4,471739,1
203,161,4,0,0.2,0.4,0.4,0.6,0,0.8,1.1,0.2,0.1,0.2,85770.7,1
203,162,37,0,4,3,2,8,0,4,8,1,6,1,605754.4,0
203,163,6,0.2,0.9,0,0.2,1.5,0,0.4,1.9,0.4,0.5,0,137761.6,1
203,166,5,0.2,0.7,0,0.2,1.2,0,0.4,1.6,0.3,0.4,0,114801.3,1
203,167,14,0.4,1.3,0.8,1.7,3.3,0.4,0.8,3.7,0.4,0.4,0.8,304351.9,1
203,169,2,0,0.2,0.1,0.2,0.5,0.1,0.1,0.5,0.1,0.1,0.1,43478.8,1
203,190,6,0.6,0.3,0.1,1.8,1,0.3,0.7,0.5,0.5,0,0.2,133264.9,1
203,191,4,0.4,0.2,0.1,1.2,0.7,0.2,0.5,0.3,0.3,0,0.1,88843.3,1
203,197,11,0.2,0.5,0.5,1.1,2.4,0.5,1.6,1.8,1,0.8,0.6,251310,1
203,198,34,0,4,0,6,12,0,5,0,4,1,2,864619.3,0
203,199,69.5,3.5,6.5,3.5,14,16,2,12,5,5,0,2,1550817,0
203,211,12,0.9,0,0.5,3,0.9,0.9,2,2,1.6,0.2,0,263738.3,1
203,216,4,0.1,0.2,0.2,0.9,1,0.1,0.8,0.2,0.3,0.1,0.1,95170.4,1
203,217,2,0,0.3,0.1,0.3,0.5,0,0.3,0.2,0.1,0.1,0.1,50683.5,1
203,218,4,0,0.5,0.3,0.5,1,0.1,0.7,0.3,0.2,0.2,0.2,101366.9,1
203,219,7,0.1,0.9,0.5,0.9,1.8,0.1,1.1,0.5,0.4,0.3,0.4,177392.1,1
203,220,4,0,0.5,0.3,0.5,1,0.1,0.7,0.3,0.2,0.2,0.2,101366.9,1
203,221,6,0.1,0.7,0.4,0.7,1.5,0.1,1,0.4,0.4,0.3,0.4,152050.4,1
203,222,6,0.5,0.5,0.5,1.2,0.8,0.9,0.4,0.6,0.1,0.4,0.1,148395.4,1
203,231,2,0.2,0.1,0.1,0.9,0.3,0,0.3,0.1,0,0,0,45406.1,1
203,232,5,0,0.9,0.2,0.2,1.2,0.1,0.8,1,0.1,0.3,0.2,158231.7,1
203,234,2.5,0,0.4,0.1,0.1,0.6,0.1,0.4,0.5,0,0.2,0.1,79115.9,1
203,236,2,0,0.4,0.1,0.1,0.5,0,0.3,0.4,0,0.1,0.1,63292.7,1
203,237,7,0.7,0.6,0,1.1,1.6,0.2,0.5,1.2,1,0.1,0,205443,1
203,249,36,0,1,1,0,6,0,12,13,0,2,1,966313.9,0
203,250,80,0,5,3,5,12,0,25,24,4,2,0,2085054.7,0
203,251,132.5,6,6.5,6,15,19,6,14,39,5,13,3,3377896,0
203,252,165.5,2,17.5,5,10,25,2,21,58,8,12,5,3814759.1,0
203,253,179.5,13.5,5,14,40,35,8.5,20,26,6.5,10,1,3796640.3,0
203,254,105,5,8,4,16,22,1,20,14,10,3,2,2432545,0
203,255,106.5,3.5,9,9,17,19,5,23,11,3,1,6,2993985.2,0
204,20,1,0.1,0.1,0,0.3,0.2,0,0.1,0.1,0.1,0,0,19556.1,1
204,30,31,0,2,6,1,5,1,4,10,0,2,0,646823.3,0
204,31,57,1,8,1,10,9,0,9,2,7,10,0,902603.5,0
204,32,5,0.1,0.6,0.3,0.7,1,0,0.7,0.5,0.6,0.2,0.3,104915.8,1
204,34,2,0.1,0.2,0.1,0.3,0.4,0,0.3,0.2,0.2,0.1,0.1,41966.3,1
204,56,20,0.4,0.7,1.1,2.3,3.8,0,6,3.8,1.5,0.4,0,455800.6,1
204,57,17,0.9,3.4,0.5,3.4,2.9,0.5,3.4,1,1,0,0,321464.1,1
204,66,1,0,0.1,0.1,0.2,0.2,0,0.1,0.1,0.1,0.1,0,21330.8,1
204,69,1,0,0.1,0.1,0.2,0.2,0,0.1,0.1,0.1,0.1,0,21330.8,1
204,70,4,0.1,0.3,0.3,0.7,1,0.1,0.2,0.4,0.2,0.5,0.2,85323.1,1
204,71,4,0.1,0.3,0.3,0.7,1,0.1,0.2,0.4,0.2,0.5,0.2,85323.1,1
204,85,5,0.6,0.5,0.1,0.9,1,0.3,0.6,0.1,0.1,0.6,0.2,86186.4,1
204,119,26.5,1,1,0,2,7,1.5,1,8,3,2,0,504017.6,0
204,120,21,1,1.8,1,4.4,5.4,0.8,1.3,1.6,1.8,1.6,0.3,418645.6,1
204,122,4,0.2,0.1,0.1,1.1,0.2,0.1,0.6,0.8,0.6,0.2,0,112073.5,1
204,123,5,0.3,0.1,0.1,1.3,0.3,0.1,0.8,0.9,0.8,0.3,0,140091.8,1
204,124,2,0.1,0.1,0.1,0.5,0.1,0,0.3,0.4,0.3,0.1,0,56036.7,1
204,129,4,0.1,0.5,0.1,0.9,0.8,0.1,0.6,0.4,0.3,0.2,0,89381.2,1
204,136,5,0.1,1.2,0,0.9,1.4,0.2,0.2,0.1,0.8,0,0.1,108314.3,1
204,139,11,0.4,0.2,0.8,2.1,2.7,0.4,1.7,0.2,1.3,0.4,0.8,255886.3,1
204,140,8,0.3,0.1,0.6,1.5,2,0.3,1.2,0.2,0.9,0.3,0.6,186099.1,1
204,141,9,0.3,0.2,0.7,1.7,2.2,0.3,1.4,0.2,1,0.3,0.7,209361.5,1
204,151,2,0,0.4,0.1,0.2,0.6,0,0.2,0.1,0.2,0.1,0.1,37970.8,1
204,154,2,0.1,0.1,0,0.4,0.3,0.1,0.2,0.3,0.2,0.2,0.1,37193.4,1
204,158,4,0,0.2,0.4,0.4,0.6,0,0.8,1.1,0.2,0.1,0.2,85770.7,1
204,159,2,0,0.1,0.2,0.2,0.3,0,0.4,0.6,0.1,0,0.1,42885.4,1
204,160,86,2,6,1,23,19,5,5,1,20,2,2,2172467.7,0
204,161,53,1,3.5,3,10,9,3,11,4,4.5,4,0,1178907.1,0
204,162,60.5,1,4,4,8,16,1,5,10,2.5,8,1,1095014.6,0
204,164,2,0.1,0.3,0,0.1,0.5,0,0.1,0.6,0.1,0.2,0,45920.5,1
204,165,2,0.1,0.3,0,0.1,0.5,0,0.1,0.6,0.1,0.2,0,45920.5,1
204,181,2,0.1,0.4,0,0.3,0.5,0,0.3,0.2,0.1,0.1,0,42866.6,1
204,186,5,0.4,0.9,0,0.8,1.2,0.1,0.1,0.5,0.4,0.5,0.1,86213.1,1
204,197,12,0.2,0.6,0.6,1.2,2.6,0.5,1.8,1.9,1.1,0.9,0.6,274156.4,1
204,198,29,1,5,1,2,10,1,6,1,1,1,0,648403.4,0
204,199,174.5,6.5,22.5,9.5,31,44,4.5,15,19,12.5,4,6,3691157.8,0
204,200,39.5,2,4,2,7,9,4,2,2,2.5,5,0,878113,0
204,210,1,0.1,0,0,0.2,0.1,0.1,0.2,0.2,0.1,0,0,21978.2,1
204,212,11,0.4,0.6,0.6,2.4,2.8,0.1,2.3,0.5,0.7,0.4,0.2,261718.7,1
204,213,3,0.1,0.2,0.2,0.7,0.7,0,0.6,0.1,0.2,0.1,0.1,71377.8,1
204,214,1,0,0.1,0.1,0.2,0.3,0,0.2,0,0.1,0,0,23792.6,1
204,220,21,0.2,2.6,1.5,2.6,5.3,0.4,3.4,1.5,1.3,0.9,1.3,532176.2,1
204,221,67,0,6,9,6,25,0,9,5,1,0,6,2035340.9,0
204,222,39,2,4,1,6,6,1,4,8,3,4,0,819947.7,0
204,234,14,0,2.5,0.6,0.6,3.4,0.3,2.2,2.8,0.1,0.9,0.6,443048.8,1
204,235,2,0,0.4,0.1,0.1,0.5,0,0.3,0.4,0,0.1,0.1,63292.7,1
204,236,1,0,0.2,0,0,0.2,0,0.2,0.2,0,0.1,0.1,31646.3,1
204,237,7,0.7,0.6,0,1.1,1.6,0.2,0.5,1.2,1,0.1,0,205443,1
204,238,2,0.2,0.2,0,0.3,0.5,0.1,0.1,0.3,0.3,0,0,58698,1
204,249,10,0.4,1.4,0.6,0.6,2.2,0,2,1.6,0.6,0.2,0.4,238446.3,1
204,250,42,1,3,2,5,3,1,11,12,0,4,0,978228.1,0
204,251,150,13,13.5,12.5,35,30,8.5,15,5,10.5,3,4,2392822.4,0
204,252,119,3,4,7,9,26,3,14,34,5,8,6,3046883.9,0
204,253,133.5,2,10,3.5,10,19,2,35,38,8,4,2,3429353.3,0
204,254,129,1,13,6,15,29,3,28,13,12,2,7,3051780.6,0
204,255,100,2,10,0,5,21,0,28,26,2,1,5,2603992.2,0
205,17,3,0.3,0.2,0.1,0.7,0.7,0,0.4,0.3,0.1,0.1,0.1,58668.3,1
205,19,6,0.6,0.5,0.1,1.5,1.3,0,0.8,0.6,0.3,0.1,0.2,117336.6,1
205,20,2,0.2,0.2,0,0.5,0.4,0,0.3,0.2,0.1,0,0.1,39112.2,1
205,30,21,1.4,2,2,6.2,3.4,1.1,0.9,2.3,1.4,0.3,0,492865.2,1
205,31,38.5,3,3.5,2,8,6,1,2,9,2,2,0,601582.2,0
205,32,20,0.4,2.3,1.1,3,4.1,0,3,1.9,2.3,0.8,1.1,419663.2,1
205,33,6,0.1,0.7,0.3,0.9,1.3,0,0.9,0.6,0.7,0.2,0.3,125899,1
205,34,6,0.1,0.7,0.3,0.9,1.3,0,0.9,0.6,0.7,0.2,0.3,125899,1
205,55,23,0.4,0.9,1.3,2.6,4.3,0,7,4.4,1.7,0.4,0,524170.7,1
205,56,37,0,4,2,5,7,1,5,3,2,8,0,694849.3,0
205,57,30,1,0,2,4,4,2,5,6,1,3,2,634748.6,0
205,65,4,0.1,0.3,0.3,0.7,1,0.1,0.2,0.4,0.2,0.5,0.2,85323.1,1
205,70,8,0.2,0.6,0.6,1.3,2,0.3,0.4,0.9,0.4,1,0.3,170646.3,1
205,72,7,0.7,0.3,0.3,1,1.3,0,1.7,1.3,0,0.4,0,139209.5,1
205,73,5,0.5,0.2,0.2,0.7,1,0,1.2,1,0,0.2,0,99435.3,1
205,74,3,0.3,0.1,0.1,0.4,0.6,0,0.7,0.6,0,0.2,0,59661.2,1
205,75,3,0.3,0.1,0.1,0.4,0.6,0,0.7,0.6,0,0.2,0,59661.2,1
205,104,2,0.1,0.1,0.1,0.3,0.4,0,0.2,0.6,0.1,0.1,0,39312.7,1
205,107,7,0.4,0.3,0.5,1,1.4,0,0.7,2,0.4,0.3,0,137594.5,1
205,110,5,0.3,0.2,0.3,0.7,1,0,0.5,1.5,0.3,0.2,0,98281.8,1
205,112,1,0.1,0.1,0,0.2,0.3,0,0.1,0.1,0,0.1,0,19243.8,1
205,113,1,0.1,0.1,0,0.2,0.3,0,0.1,0.1,0,0.1,0,19243.8,1
205,115,4,0.3,0.4,0.2,0.6,1.2,0.2,0.3,0.4,0.1,0.3,0,76975.3,1
205,120,4,0.2,0.3,0.2,0.8,1,0.2,0.3,0.3,0.3,0.3,0.1,79742,1
205,122,3,0.1,0.1,0.1,0.8,0.1,0.1,0.5,0.5,0.5,0.2,0,84055.1,1
205,129,2,0,0.2,0.1,0.4,0.4,0.1,0.3,0.2,0.2,0.1,0,44690.6,1
205,133,5,0.1,1.2,0,0.9,1.4,0.2,0.2,0.1,0.8,0,0.1,108314.3,1
205,134,38,1,9.3,0,7,10.5,1.5,1.5,0.5,5.7,0,1,823188.4,1
205,138,9,0.3,0.2,0.7,1.7,2.2,0.3,1.4,0.2,1,0.3,0.7,209361.5,1
205,140,6,0.2,0.1,0.5,1.1,1.5,0.2,0.9,0.1,0.7,0.2,0.5,139574.4,1
205,141,4,0.1,0.1,0.3,0.8,1,0.1,0.6,0.1,0.5,0.1,0.3,93049.6,1
205,150,32.5,2,4,0,8,12,2,2,0,2.5,0,0,669740.5,0
205,151,11,0.3,2,0.6,1.1,3.5,0,0.9,0.6,1.1,0.6,0.3,208839.5,1
205,158,21,0,1,2,2,3.1,0,4.1,6.1,1,0.3,1.4,450296.3,1
205,159,28,1,1,0,3,11,0,3,4,2,2,1,755563.9,0
205,160,67,1,7,4,12,14,4,6,10,5,4,0,1329773.2,0
205,161,95.5,3,12,6,16,20,1,8,8,14.5,6,1,1993875.2,0
205,164,1,0,0.1,0,0,0.3,0,0.1,0.3,0.1,0.1,0,22960.3,1
205,175,5,0.1,1.1,0,0.8,1.3,0.1,0.7,0.4,0.3,0.1,0.1,107166.4,1
205,185,12,1,2.2,0,1.8,2.9,0.3,0.3,1.1,1,1.1,0.3,206911.4,1
205,186,13.5,1.2,2.5,0,2.1,3.2,0.3,0.3,1.2,1.2,1.2,0.3,232775.4,1
205,197,5,0.1,0.2,0.2,0.5,1.1,0.2,0.7,0.8,0.5,0.4,0.3,114231.8,1
205,198,58,5,2,2,13,9,4,4,5,3,10,1,1044766,0
205,199,16,0.3,0.8,0.8,1.6,3.5,0.6,2.3,2.6,1.5,1.2,0.8,365541.9,1
205,200,23.5,0.4,1.1,1.1,2.3,5.2,1,3.5,3.8,2.2,1.7,1.2,536889.6,1
205,212,3,0.1,0.2,0.2,0.7,0.7,0,0.6,0.1,0.2,0.1,0.1,71377.8,1
205,214,21,0.7,1.1,1.2,4.6,5.3,0.2,4.4,0.9,1.4,0.7,0.5,499644.8,1
205,215,10,0.3,0.6,0.6,2.2,2.5,0.1,2.1,0.4,0.7,0.3,0.2,237926.1,1
205,220,2,0,0.3,0.1,0.3,0.5,0,0.3,0.2,0.1,0.1,0.1,50683.5,1
205,221,33,0.3,4,2.4,4,8.4,0.7,5.4,2.4,2,1.4,2,836276.9,1
205,222,82,6,5,0,16,15,2,7,24,4,3,0,1552705.4,0
205,229,22,2.7,0.9,0.9,10.1,3.7,0,2.8,0.9,0,0,0,499466.9,1
205,233,17,0,3,0.7,0.7,4.1,0.4,2.6,3.4,0.2,1.1,0.8,537987.8,1
205,234,84.5,2,6.5,4,20,18,1,10,13,3,0,7,2370671.4,0
205,235,122.5,8,6.5,6,40,21,3.5,15,2,14.5,1,5,3116727.2,0
205,236,44,2,4,3,8,10,1,2,8,3,0,3,1044266.3,0
205,239,7,0.7,0.6,0,1.1,1.6,0.2,0.5,1.2,1,0.1,0,205443,1
205,249,2,0.1,0.3,0.1,0.1,0.5,0,0.4,0.3,0.1,0,0.1,47689.3,1
205,252,47,0,12,2,6,14,2,2,1,6,0,2,779187.2,0
205,253,81.5,3,11.5,8,6,27,0,13,6,2,0,5,1838230.5,0
205,254,88,2,1,1,10,12,2,32,17,5,4,2,2290366,0
205,255,120.5,4,9.5,3,14,21,2,37,21,5,1,3,3234725.7,0
206,24,3,0.2,0.3,0.3,0.9,0.5,0.2,0.1,0.3,0.2,0,0,70409.3,1
206,31,39,4,0.5,2.5,6,6,4,1,8,5,2,0,677895.8,0
206,32,12,0.2,1.4,0.7,1.8,2.5,0,1.8,1.1,1.4,0.4,0.7,251797.9,1
206,33,2,0.1,0.2,0.1,0.3,0.4,0,0.3,0.2,0.2,0.1,0.1,41966.3,1
206,54,3,0,0.1,0.2,0.3,0.6,0,0.9,0.6,0.2,0.1,0,68370.1,1
206,55,55,5,11,5,5,17,3,0,0,7,1,1,936287.6,0
206,56,71,5,8,1,17,11,2,5,8,10,4,0,1392240.7,0
206,57,44,4,4,1,13,9,1,6,1,1,3,1,1061970.6,0
206,58,9,0.5,1.8,0.3,1.8,1.5,0.3,1.8,0.5,0.5,0,0,170186.9,1
206,59,4,0.2,0.8,0.1,0.8,0.7,0.1,0.8,0.3,0.2,0,0,75638.6,1
206,60,3,0.1,0.6,0.1,0.6,0.5,0.1,0.6,0.2,0.2,0,0,56729,1
206,72,2,0.2,0.1,0.1,0.3,0.4,0,0.4,0.4,0,0.1,0,39774.1,1
206,92,6,0.4,0.6,0.2,0.9,1.4,0.2,0.7,0.2,0.9,0.3,0.2,114819.7,1
206,99,3,0.2,0.3,0.1,0.5,0.7,0.1,0.4,0.1,0.4,0.1,0.1,57409.9,1
206,101,1,0.1,0.1,0,0.2,0.2,0,0.1,0,0.2,0.1,0,19136.6,1
206,104,1,0.1,0,0.1,0.1,0.2,0,0.1,0.3,0.1,0,0,19656.4,1
206,107,6,0.4,0.2,0.4,0.9,1.2,0,0.6,1.7,0.4,0.2,0,117938.1,1
206,130,2,0,0.2,0.1,0.4,0.4,0.1,0.3,0.2,0.2,0.1,0,44690.6,1
206,133,24,0.6,5.9,0,4.4,6.6,1,1,0.3,3.6,0,0.6,519908.4,1
206,134,55,7,7,2,9,10,2,2,5,6,5,0,993130.6,0
206,135,34.5,1,0.5,4,6,7,0,5,5,4,2,0,772936.8,0
206,136,41,4,2,0,10,4,4,8,2,4,3,0,717000.5,0
206,138,2,0.1,0,0.1,0.4,0.5,0.1,0.3,0,0.2,0.1,0.2,46524.8,1
206,139,4,0.1,0.1,0.3,0.8,1,0.1,0.6,0.1,0.5,0.1,0.3,93049.6,1
206,143,2,0,0.3,0.2,0.3,0.7,0,0.1,0.1,0.3,0,0,43076.1,1
206,150,7,0.2,1.3,0.4,0.7,2.2,0,0.5,0.4,0.7,0.4,0.2,132897.9,1
206,151,26,1,3,0,4,4,0,1,8,4,1,0,560859.7,0
206,153,4,0.1,0.3,0.1,0.8,0.5,0.3,0.4,0.6,0.4,0.3,0.2,74386.9,1
206,158,4,0,0.2,0.4,0.4,0.6,0,0.8,1.1,0.2,0.1,0.2,85770.7,1
206,159,33,0,3,1,5,7,1,5,2,5,4,0,739109.2,0
206,160,117.5,4,9,6,19,26,3,8,20,8.5,14,0,2290082.2,0
206,161,90.5,1,17.5,4,12,20,1,8,13,11,2,1,2059014,0
206,162,98,4,22,0,17,29,2,3,2,18,1,0,2250195.4,0
206,173,3,0.1,0.7,0,0.5,0.8,0,0.4,0.2,0.2,0.1,0,64299.8,1
206,185,1,0.1,0.2,0,0.2,0.2,0,0,0.1,0.1,0.1,0,17242.6,1
206,193,4,0.2,0,0.1,1.2,0.4,0.5,0.4,0.6,0.4,0,0.2,97769.9,1
206,197,4,0.1,0.2,0.2,0.4,0.9,0.1,0.6,0.6,0.4,0.3,0.2,91385.5,1
206,198,44,3,0,3,4,5,1,13,13,1,1,0,1053410.9,0
206,199,42,1,3,1,8,9,0,13,2,2,2,1,1054000.9,0
206,200,71,4,8,2,11,17,1,8,11,3,4,2,1397877.5,0
206,201,16,0.3,0.8,0.8,1.6,3.5,0.6,2.3,2.6,1.5,1.2,0.8,365541.9,1
206,214,4,0.1,0.2,0.2,0.9,1,0.1,0.8,0.2,0.3,0.1,0.1,95170.4,1
206,215,12,0.4,0.7,0.7,2.6,3,0.1,2.5,0.5,0.8,0.4,0.3,285511.3,1
206,216,9,0.3,0.5,0.5,2,2.2,0.1,1.9,0.4,0.6,0.3,0.2,214133.5,1
206,221,7,0.1,0.9,0.5,0.9,1.8,0.1,1.1,0.5,0.4,0.3,0.4,177392.1,1
206,222,37,3.1,3.1,3.2,7.1,4.7,5.5,2.4,3.9,0.8,2.4,0.8,915104.9,1
206,223,49,1,5,3,8,11,1,6,8,1,4,1,1262711.2,0
206,224,104,5,11.5,6.5,14,21,3,10,17,6,6,4,2270499.8,0
206,225,87,4,4,8,8,25,1,21,13,2,0,1,2303182.2,0
206,226,60,4,4,3,13,12,3,10,4,5,0,2,1643523.7,0
206,227,66,0,3,4,6,16,1,13,13,2,1,7,2011495.2,0
206,228,44,3,5,2,7,15,1,5,0,3,0,3,1266379.1,0
206,233,26,0,1,2,3,1,0,3,10,2,3,1,735414,0
206,234,123,7.5,7,5.5,25,22,4,9,23,8,8,4,2939277.5,0
206,235,228,12,21,6,27,49,9,28,46,24,3,3,5046523.7,0
206,236,169.5,8.5,11,6.5,18,25,4,21,63,5.5,3,4,3943692.3,0
206,237,21,2.1,1.7,0,3.2,4.9,0.7,1.4,3.5,3.1,0.4,0,616329.1,1
206,238,32,3,5,1,10,7,1,0,2,3,0,0,700679.1,0
206,239,12,1.2,1,0,1.8,2.8,0.4,0.8,2,1.8,0.2,0,352188.1,1
206,241,4,0.4,0.3,0,0.6,0.9,0.1,0.3,0.7,0.6,0.1,0,117396,1
206,250,6,0.2,0.8,0.4,0.4,1.3,0,1.2,1,0.4,0.1,0.2,143067.8,1
206,251,3,0.1,0.4,0.2,0.2,0.6,0,0.6,0.5,0.2,0.1,0.1,71533.9,1
206,253,10,0.5,0.3,0.9,1.2,1.8,0.3,0,2.7,0.8,1.5,0,261218.6,1
206,254,94,3,7,2,14,11,2,26,19,5,0,5,2616484,0
206,255,79,3,7,1,6,17,1,14,20,8,1,1,2091719.5,0
207,31,2,0.1,0.2,0.2,0.6,0.3,0.1,0.1,0.2,0.2,0,0,46939.5,1
207,46,4,0.7,0.1,0.2,1.1,0.4,0.2,0.9,0.1,0.1,0.2,0,71543,1
207,48,5,0.8,0.1,0.3,1.4,0.5,0.3,1.1,0.1,0.1,0.3,0,89428.8,1
207,54,3,0.2,0.5,0.3,0.3,0.7,0,0.4,0.2,0.2,0.1,0.1,61679.8,1
207,55,34,1,2,7,5,9,0,1,3,4,2,0,736077.6,0
207,56,73.5,3.5,4,4,9,13,4,11,9,8,7,1,1524693,0
207,57,89,4,9,6,15,17,1,14,9,12,2,0,1644505.5,0
207,58,26,2,2.4,1,4.9,5.4,2,2.4,2,2.4,0.5,1,522041,1
207,66,2,0.2,0.1,0.1,0.6,0.3,0.1,0.1,0.2,0.2,0.1,0,38842.4,1
207,69,4,0.1,0.3,0.3,0.7,1,0.1,0.2,0.4,0.2,0.5,0.2,85323.1,1
207,79,10,0.4,1.1,1,1.7,2.3,0.5,0.4,0.5,0.5,0.6,1,169010.9,1
207,80,1,0,0.1,0.1,0.2,0.2,0,0,0.1,0.1,0.1,0.1,16901.1,1
207,92,8,0.6,0.8,0.3,1.2,1.9,0.2,0.9,0.3,1.2,0.4,0.2,153093,1
207,93,4,0.3,0.4,0.2,0.6,0.9,0.1,0.4,0.2,0.6,0.2,0.1,76546.5,1
207,101,9,1,0.9,0.2,2.8,1.1,0.5,0.5,0.9,0.9,0.2,0,173474,1
207,109,2,0.1,0.1,0.1,0.3,0.4,0,0.2,0.6,0.1,0.1,0,39312.7,1
207,110,2,0.1,0.1,0.1,0.3,0.4,0,0.2,0.6,0.1,0.1,0,39312.7,1
207,116,6,0.4,0.6,0.3,1,1.8,0.3,0.4,0.7,0.1,0.4,0,115463,1
207,133,44,2,6,4,9,7,1,4,2,4,5,0,821708,0
207,134,88,8,6,6,15,20,1,6,14,7,4,1,1618236.7,0
207,135,108,5,8,5,21,26,2.5,8,9,11.5,7,5,1918435,0
207,136,42,0,4,0,3,8,1,12,11,0,2,1,926119.5,0
207,140,8,0,0.7,0,1,1.9,0.7,0.3,1.9,1,0.5,0,175339,1
207,142,2,0,0.3,0.2,0.3,0.7,0,0.1,0.1,0.3,0,0,43076.1,1
207,151,65,5,7,3,10,7,3,11,13,4,2,0,1423499.9,0
207,152,6,0.2,0.4,0.1,1.2,0.8,0.4,0.7,0.9,0.7,0.4,0.2,111580.3,1
207,159,2,0.1,0.4,0.1,0.2,0.5,0,0.3,0.1,0.1,0.1,0.1,45334,1
207,160,27,0.9,4.9,1.8,3.1,6.8,0,4.5,0.9,1.8,1.4,0.9,612009.6,1
207,161,26,0.9,4.8,1.7,3,6.5,0,4.3,0.9,1.7,1.3,0.9,589342.5,1
207,162,35.5,3,3,2.5,5,9,0,6,2,4,0,1,822878.3,0
207,163,4,0.1,0.4,0.2,0.5,1,0.1,0.2,1.1,0.1,0.1,0.2,86957.7,1
207,164,1,0,0.1,0.1,0.1,0.2,0,0.1,0.3,0,0,0.1,21739.4,1
207,176,4,0.1,0.9,0,0.6,1,0.1,0.6,0.3,0.2,0.1,0.1,85733.1,1
207,182,10,0.9,1.9,0,1.5,2.4,0.2,0.2,0.9,0.9,0.9,0.2,172426.2,1
207,195,24,1.2,0.4,0.4,7.3,2.4,2.8,2.4,3.7,2.2,0,1.2,586619.7,1
207,196,2,0.1,0,0,0.6,0.2,0.3,0.2,0.3,0.2,0,0.1,48885,1
207,197,8,0.3,0.8,0.5,1.2,1.4,0.1,1.3,1.3,0.5,0.1,0.5,190079.1,1
207,198,46.5,2,2,0,7,6,0,8,16,3.5,2,0,1122465.5,0
207,199,105,6,11.5,10.5,8,39,1,14,3,8,0,4,2249359.5,0
207,200,59.5,6,5,4,12,13,4,11,2,1.5,0,1,1303110,0
207,201,8,0.3,0.8,0.5,1.2,1.4,0.1,1.3,1.3,0.5,0.1,0.5,190079.1,1
207,215,7,0.3,0.4,0.2,1.3,1.4,0.1,0.9,0.8,0.7,0.5,0.4,157938.8,1
207,216,12,0.5,0.6,0.3,2.3,2.4,0.2,1.6,1.4,1.1,0.9,0.7,270752.2,1
207,223,64.5,1,5.5,6,4,15,0,7,12,4,7,3,1684551,0
207,224,69,6,1,1,10,17,0,5,15,1,10,3,1800391.7,0
207,225,111.5,3,8.5,3,21,29,1,18,9,8,1,10,2993594,0
207,226,81.5,1.5,4,7,9,19,0.5,12,17,4.5,2,5,2050820.3,0
207,227,81.5,0,8.4,5.6,4,20.9,2.4,19.3,13.7,1.6,0.8,4.8,2033364.9,1
207,230,7,0,0.7,0.5,0.3,1.8,0.2,1.7,1.2,0.1,0.1,0.4,174644.8,1
207,231,2,0,0.2,0.1,0.1,0.5,0.1,0.5,0.3,0.1,0,0.1,49898.5,1
207,232,21,0.9,0.7,0.7,2.7,2.7,0.3,2.5,6.4,1.6,2,0.5,582482.8,1
207,233,70,4,6,2,8,12,1,8,17,6,1,5,2125102.9,0
207,234,132,4,8,1,12,22,2,17,50,7,5,4,3212847.2,0
207,235,93,3,6.5,1.5,16,15,2,9,31,6,2,1,2291414.8,0
207,236,61,1,4,2,5,12,0,8,20,0,1,8,1524584,0
207,237,52,5,3,1,17,11,2,0,6,5,2,0,1224281.5,0
207,238,224,26,21,11,63,41,9,16,12,21,0,4,4749991.5,0
207,239,171.5,13,23,4,36,47,7,9,9,14.5,3,6,4110240.4,0
207,240,26,1.3,2.6,0.3,3.6,4.8,0.8,2.6,4.4,1.8,1.7,2.1,867708,1
207,241,1,0,0.1,0,0.1,0.2,0,0.1,0.2,0.1,0.1,0.1,33373.4,1
207,242,8,0.2,0.9,0.2,1.2,1.5,0.1,1.5,1.1,0.6,0.1,0.6,244891.2,1
207,243,26,0.6,2.9,0.6,3.8,5,0.3,5,3.5,2,0.3,2,795896.5,1
207,245,279.5,25.5,36.5,11.5,74,49,13.5,17,11,36.5,1,4,4356317.7,0
207,249,4,0,0.2,0.3,0.1,0.9,0,1,0.7,0.3,0.2,0.3,117872.6,1
207,250,1,0,0.1,0.1,0,0.2,0,0.2,0.2,0.1,0,0.1,29468.2,1
208,3,6,0.3,0.9,0,1.5,1.2,0,0.9,0.5,0.3,0.2,0.2,95312.1,1
208,9,7,0.4,1,0,1.8,1.4,0,1,0.6,0.4,0.2,0.2,111197.4,1
208,19,2,0.2,0.2,0,0.5,0.4,0,0.3,0.2,0.1,0,0.1,39112.2,1
208,20,4,0.4,0.3,0.1,1,0.9,0,0.5,0.4,0.2,0.1,0.1,78224.4,1
208,48,7,1.1,0.2,0.4,1.9,0.7,0.4,1.5,0.2,0.2,0.4,0,125200.3,1
208,55,34,2.3,6,2.8,3.7,8.3,0.5,4.1,1.8,2.7,0.9,0.9,699038.2,1
208,56,27,1.8,4.7,2.2,2.9,6.6,0.4,3.3,1.5,2.2,0.7,0.7,555118.6,1
208,57,42,2,7,1,8,10,1,1,4,8,0,0,820022.7,0
208,58,4,0.3,0.4,0.1,0.8,0.8,0.3,0.4,0.3,0.4,0.1,0.1,80314,1
208,66,3,0.3,0.1,0.2,0.9,0.4,0.2,0.1,0.4,0.2,0.1,0.1,58263.5,1
208,75,5,0.2,0.4,0.4,0.4,1,0.1,0.9,1.1,0.2,0.2,0.1,92456,1
208,88,2,0.2,0.2,0,0.4,0.4,0.1,0.2,0.1,0,0.3,0.1,34474.6,1
208,96,8,0.6,0.8,0.3,1.2,1.9,0.2,0.9,0.3,1.2,0.4,0.2,153093,1
208,97,4,0.5,0.4,0.1,1.2,0.5,0.2,0.2,0.4,0.4,0.1,0,77099.6,1
208,101,7,0.8,0.7,0.1,2.2,0.8,0.4,0.4,0.7,0.7,0.2,0,134924.2,1
208,110,3,0.2,0.1,0.2,0.4,0.6,0,0.3,0.9,0.2,0.1,0,58969.1,1
208,113,2,0.1,0.2,0.1,0.3,0.6,0.1,0.1,0.2,0.1,0.2,0,38487.7,1
208,133,24,1.2,1.8,0.6,3,5.4,0,7.2,2.4,0.6,0.6,1.2,520145.6,1
208,134,39,1,3,1,6,9,0,6,10,1,1,1,876427.5,0
208,135,27,1,1,1,4,7,0,8,2,2,1,0,770208.2,0
208,136,14,0.7,1,0.3,1.8,3.2,0,4.2,1.4,0.3,0.4,0.7,303418.3,1
208,137,1,0,0.1,0,0.1,0.2,0.1,0,0.3,0.1,0.1,0,21917.4,1
208,140,6,0,0.5,0,0.7,1.5,0.5,0.2,1.5,0.7,0.4,0,131504.2,1
208,142,10,0.2,1.5,0.9,1.5,3.3,0,0.5,0.5,1.4,0.2,0,215380.5,1
208,143,7,0.1,1,0.7,1,2.3,0,0.4,0.4,1,0.1,0,150766.4,1
208,144,31,0.6,4.5,2.8,4.5,10.1,0,1.7,1.7,4.5,0.6,0,667679.6,1
208,148,33,0.8,5,0.4,2.8,8.7,1.2,2.8,6.3,2.6,0.4,2,781071.4,1
208,149,52.5,5,4,6,9,12,1,4,4,4.5,2,1,1118222.3,0
208,150,14,0.3,2.1,0.2,1.2,3.7,0.5,1.2,2.7,1.1,0.2,0.8,331363.6,1
208,151,17,0.4,2.6,0.2,1.4,4.5,0.6,1.5,3.3,1.3,0.2,1,402370.1,1
208,152,14,0.5,1,0.3,2.8,1.8,1,1.5,2.1,1.5,1,0.5,260354.1,1
208,159,5,0.2,0.9,0.3,0.6,1.2,0,0.8,0.2,0.3,0.3,0.2,113335.1,1
208,163,7,0.2,0.6,0.4,0.8,1.7,0.2,0.4,1.9,0.2,0.2,0.4,152176,1
208,173,3,0.1,0.7,0,0.5,0.8,0,0.4,0.2,0.2,0.1,0,64299.8,1
208,174,6,0.2,1.3,0,0.9,1.6,0.1,0.8,0.4,0.4,0.2,0.1,128599.7,1
208,191,3,0.2,0.4,0.2,0.5,0.8,0,0.4,0.2,0.2,0,0.1,72233.9,1
208,193,3,0.1,0,0,0.9,0.3,0.4,0.3,0.5,0.3,0,0.2,73327.5,1
208,194,3,0.1,0,0,0.9,0.3,0.4,0.3,0.5,0.3,0,0.2,73327.5,1
208,195,38,3,5,0,13,8,3,1,0,2,2,1,852432.2,0
208,197,5,0.2,0.5,0.3,0.7,0.9,0.1,0.8,0.8,0.3,0.1,0.3,118799.5,1
208,198,10,0.4,0.9,0.7,1.5,1.8,0.1,1.6,1.6,0.6,0.2,0.6,237598.9,1
208,199,18,0.7,1.7,1.2,2.7,3.2,0.2,2.9,2.9,1.2,0.3,1,427678.1,1
208,201,5,0.2,0.5,0.3,0.7,0.9,0.1,0.8,0.8,0.3,0.1,0.3,118799.5,1
208,202,1,0.1,0,0.1,0.2,0.1,0,0.1,0.3,0,0.1,0,23749.7,1
208,215,2,0.1,0.1,0.1,0.4,0.4,0,0.3,0.2,0.2,0.1,0.1,45125.4,1
208,223,4,0,0.1,0.3,0.6,0.6,0,0.8,1.1,0,0.4,0.1,116139.1,1
208,224,22,0,0.4,1.5,3.1,3.1,0,4.6,6.2,0,2.3,0.8,638764.9,1
208,225,33,1,1,0,3,8,0,9,6,1,0,4,1033036.6,0
208,226,129,3,15,10,11,25,2,23,26,6,2,6,3738763.4,0
208,227,130,3,10,8,11,24,3,35,24,4,2,6,3606119.1,0
208,228,3,0,0.3,0.2,0.1,0.8,0.1,0.7,0.5,0.1,0,0.2,74847.8,1
208,230,4,0,0.4,0.3,0.2,1,0.1,1,0.7,0.1,0,0.2,99797.1,1
208,232,31,1.3,1,1.1,3.9,3.9,0.5,3.7,9.5,2.4,2.9,0.8,859855.5,1
208,233,78,3,6,3,5,13,0,11,30,0,7,0,2104150,0
208,234,156,2,17,8,13,27,6,16,48,9,5,5,3594849.8,0
208,235,93,2,7,8,5,19,2,10,27,7,4,2,2402937.8,0
208,236,12,0.5,0.4,0.4,1.5,1.6,0.2,1.4,3.7,0.9,1.1,0.3,332847.3,1
208,237,41,0,8,1,3,9,0,8,8,3,0,1,1389624.8,0
208,238,66,5,3.5,3,15,7,0,15,10,1.5,4,2,1810900.7,0
208,239,171,15,16,1.5,46,31,10,16,13,14.5,1,7,4814428.3,0
208,240,32,1.6,3.2,0.4,4.4,5.9,1,3.2,5.5,2.2,2,2.6,1067948.3,1
208,241,43,0,10,2,4,16,1,1,0,5,0,4,1094149.8,0
208,242,147,11,18,8,26,37,5,13,7,15,1,6,3809281,0
208,243,243,18,40.5,12.5,44,67,4,20,7,27,0,3,5431070.6,0
208,244,201.5,16,17.5,12,49,54,13,8,9,19,0,4,4824547.5,0
208,245,400.5,20,56,30,98,95,16.5,25,11,39,2,8,7375585.9,0
208,246,62,1,11,8,3,24,1,6,2,4,0,2,1283658,0
209,29,4,0.3,0.4,0.4,1.2,0.6,0.2,0.2,0.4,0.3,0,0,93879.1,1
209,38,8,0.2,0.7,0.2,2.4,0.7,0.5,1.9,0.2,0.5,0.7,0,183624.5,1
209,47,6,1,0.2,0.3,1.6,0.6,0.3,1.3,0.2,0.2,0.3,0,107314.6,1
209,55,2,0.1,0.3,0.2,0.2,0.5,0,0.2,0.1,0.2,0.1,0.1,41119.9,1
209,63,4,0.4,0.1,0.2,1.2,0.5,0.3,0.2,0.5,0.3,0.2,0.1,77684.7,1
209,64,2,0.2,0.1,0.1,0.6,0.3,0.1,0.1,0.2,0.2,0.1,0,38842.4,1
209,65,10,0.9,0.4,0.6,3.1,1.3,0.8,0.4,1.1,0.8,0.4,0.2,194211.8,1
209,70,8,0.2,0.6,0.6,1.3,2,0.3,0.4,0.9,0.4,1,0.3,170646.3,1
209,75,13,0.6,1,1.1,1.1,2.5,0.1,2.4,2.9,0.6,0.4,0.3,240385.5,1
209,76,23,1,1.7,2,2,4.5,0.2,4.2,5.2,1,0.7,0.5,425297.4,1
209,77,24,0.9,2.8,2.3,4,5.5,1.2,0.9,1.2,1.2,1.5,2.5,405626.1,1
209,78,2,0.1,0.2,0.2,0.3,0.5,0.1,0.1,0.1,0.1,0.1,0.2,33802.2,1
209,86,4,0.5,0.4,0.1,0.7,0.8,0.2,0.5,0.1,0.1,0.5,0.1,68949.1,1
209,89,2,0.2,0.2,0,0.4,0.4,0.1,0.2,0.1,0,0.3,0.1,34474.6,1
209,100,7,0.8,0.7,0.1,2.2,0.8,0.4,0.4,0.7,0.7,0.2,0,134924.2,1
209,108,2,0.1,0.1,0.1,0.3,0.4,0,0.2,0.6,0.1,0.1,0,39312.7,1
209,112,6,0.4,0.6,0.3,1,1.8,0.3,0.4,0.7,0.1,0.4,0,115463,1
209,113,7,0.5,0.7,0.3,1.1,2.1,0.3,0.5,0.8,0.2,0.5,0,134706.8,1
209,122,2,0.1,0.1,0.1,0.5,0.1,0,0.3,0.4,0.3,0.1,0,56036.7,1
209,138,7,0,0.6,0,0.9,1.7,0.6,0.2,1.7,0.9,0.4,0,153421.6,1
209,149,31.5,2,6.5,4,5,8,1,1,1,2,0,1,451884.9,0
209,150,87,3,16,2,10,24,1,11,14,1,2,3,2097032.1,0
209,151,97.5,4,16,5.5,8,25,0,12,8,9,5,5,1855543.4,0
209,152,17,0.6,1.2,0.3,3.4,2.2,1.2,1.9,2.5,1.9,1.2,0.6,316144.2,1
209,153,1,0,0.1,0,0.2,0.1,0.1,0.1,0.2,0.1,0.1,0,18596.7,1
209,174,10,0.3,2.2,0,1.5,2.6,0.1,1.4,0.8,0.6,0.3,0.2,214332.8,1
209,177,11,0.3,2.4,0,1.7,2.9,0.2,1.5,0.8,0.7,0.3,0.2,235766.1,1
209,189,5,0.3,0.7,0.3,0.9,1.2,0,0.7,0.4,0.3,0,0.2,120389.8,1
209,190,1,0.1,0.1,0.1,0.2,0.2,0,0.1,0.1,0.1,0,0,24078,1
209,192,5,0.2,0.1,0.1,1.5,0.5,0.6,0.5,0.8,0.5,0,0.2,122212.4,1
209,193,4,0.2,0,0.1,1.2,0.4,0.5,0.4,0.6,0.4,0,0.2,97769.9,1
209,196,2,0.1,0,0,0.6,0.2,0.3,0.2,0.3,0.2,0,0.1,48885,1
209,200,8,0.3,0.8,0.5,1.2,1.4,0.1,1.3,1.3,0.5,0.1,0.5,190079.1,1
209,201,6,0.2,0.6,0.4,0.9,1.1,0.1,0.9,1,0.4,0.1,0.3,142559.4,1
209,203,8,0.7,0,0.4,1.7,1.1,0,0.9,2.5,0.3,0.3,0.1,189997.6,1
209,215,8,0.4,0.4,0.2,1.5,1.6,0.1,1,0.9,0.8,0.6,0.5,180501.4,1
209,216,4,0.2,0.2,0.1,0.7,0.8,0.1,0.5,0.5,0.4,0.3,0.2,90250.7,1
209,225,2.5,0,0,0.2,0.3,0.4,0,0.5,0.7,0,0.3,0.1,72586.9,1
209,227,2,0,0.2,0.1,0.1,0.5,0.1,0.5,0.3,0.1,0,0.1,49898.5,1
209,229,2,0,0.2,0.1,0.1,0.5,0.1,0.5,0.3,0.1,0,0.1,49898.5,1
209,233,14,0.6,0.5,0.5,1.8,1.8,0.2,1.6,4.3,1.1,1.3,0.3,388321.9,1
209,234,8,0.3,0.3,0.3,1,1,0.1,1,2.4,0.6,0.8,0.2,221898.2,1
209,235,3,0.1,0.1,0.1,0.4,0.4,0,0.4,0.9,0.2,0.3,0.1,83211.8,1
209,236,18,0.8,0.6,0.6,2.3,2.3,0.3,2.1,5.5,1.4,1.7,0.4,499271,1
209,237,44,0,1,1,2,6,0,11,15,2,2,4,1450879.5,0
209,238,19,1,1.9,0.2,2.6,3.5,0.6,1.9,3.2,1.3,1.2,1.6,634094.3,1
209,239,75,1,6,2,6,11,2,13,19,6,3,6,2384672,0
209,240,13,0.6,1.3,0.2,1.8,2.4,0.4,1.3,2.2,0.9,0.8,1.1,433854,1
209,242,124.5,10,14.5,4,20,35,5,6,4,14,4,8,3152347.9,0
209,243,186,10,31.5,8.5,21,57,2,16,6,20,0,14,4863041.7,0
209,244,146,1,28,8,8,50,4,22,5,9,0,11,3928100.9,0
209,245,133.5,6,12,12,18,31,3,19,14,6.5,2,10,3487780.4,0
209,246,16,0.4,1.8,0.4,2.3,3,0.2,3,2.1,1.3,0.2,1.3,489782.5,1
210,1,4,0.2,0.2,0.1,0.9,0.7,0.2,0.5,0.7,0.2,0.2,0.1,80847.4,1
210,3,2,0.1,0.3,0,0.5,0.4,0,0.3,0.2,0.1,0,0.1,31770.7,1
210,8,3,0.2,0.4,0,0.8,0.6,0,0.4,0.2,0.2,0.1,0.1,47656,1
210,29,5,0.3,0.5,0.5,1.5,0.8,0.3,0.2,0.5,0.3,0.1,0,117348.8,1
210,32,2,0,0.2,0,0.6,0.2,0.1,0.5,0.1,0.1,0.2,0,45906.1,1
210,33,3,0.1,0.2,0.1,0.9,0.2,0.2,0.7,0.1,0.2,0.3,0,68859.2,1
210,34,2,0,0.2,0,0.6,0.2,0.1,0.5,0.1,0.1,0.2,0,45906.1,1
210,47,2,0.3,0.1,0.1,0.5,0.2,0.1,0.4,0.1,0.1,0.1,0,35771.5,1
210,52,5,0.3,0.9,0.4,0.6,1.2,0.1,0.6,0.3,0.4,0.1,0.1,102799.7,1
210,62,2,0.2,0.1,0.1,0.6,0.3,0.1,0.1,0.2,0.2,0.1,0,38842.4,1
210,64,33,2,1,3,2,8,1,3,5,5,1,2,680756.8,0
210,65,40,1,2,3,6,6,1,7,11,0,1,2,666496.3,0
210,66,38.5,1,5,2.5,3,10,1,3,9,2,2,0,801761.3,0
210,67,1,0,0.1,0.1,0.2,0.2,0,0.1,0.1,0.1,0.1,0,21330.8,1
210,74,4,0.2,0.3,0.3,0.4,0.8,0,0.7,0.9,0.2,0.1,0.1,73964.8,1
210,75,23,1,1.7,2,2,4.5,0.2,4.2,5.2,1,0.7,0.5,425297.4,1
210,76,52,0,4,3,11,8,1,6,8,2,9,0,887506.6,0
210,77,41.5,1.6,4.8,4,6.9,9.5,2.1,1.6,2.1,2.1,2.6,4.2,701395.1,1
210,84,2,0.2,0.2,0,0.4,0.4,0.1,0.2,0.1,0,0.3,0.1,34474.6,1
210,86,6,0.7,0.6,0.1,1,1.2,0.3,0.8,0.2,0.1,0.8,0.2,103423.7,1
210,99,11,1.3,1.1,0.2,3.5,1.3,0.6,0.6,1.1,1.1,0.2,0,212023.8,1
210,111,6,0.4,0.2,0.4,0.9,1.2,0,0.6,1.7,0.4,0.2,0,117938.1,1
210,112,1,0.1,0.1,0,0.2,0.3,0,0.1,0.1,0,0.1,0,19243.8,1
210,120,4,0.3,0.4,0.2,0.6,1.2,0.2,0.3,0.4,0.1,0.3,0,76975.3,1
210,133,2,0.1,0.2,0,0.2,0.5,0,0.6,0.2,0,0.1,0.1,43345.5,1
210,138,1,0,0.1,0,0.1,0.2,0.1,0,0.3,0.1,0.1,0,21917.4,1
210,149,8,0.2,1.2,0.1,0.7,2.1,0.3,0.7,1.5,0.6,0.1,0.5,189350.6,1
210,150,48,1,4,0,6,11,2,9,6,5,3,1,929845.8,0
210,151,82,6,11,2,13,19,2,13,6,5,3,2,1857165.7,0
210,152,2,0.1,0.1,0,0.4,0.3,0.1,0.2,0.3,0.2,0.2,0.1,37193.4,1
210,153,4,0.1,0.3,0.1,0.8,0.5,0.3,0.4,0.6,0.4,0.3,0.2,74386.9,1
210,172,3,0.1,0.7,0,0.5,0.8,0,0.4,0.2,0.2,0.1,0,64299.8,1
210,173,4,0.1,0.9,0,0.6,1,0.1,0.6,0.3,0.2,0.1,0.1,85733.1,1
210,177,4,0.1,0.9,0,0.6,1,0.1,0.6,0.3,0.2,0.1,0.1,85733.1,1
210,186,2,0.2,0.4,0,0.3,0.5,0,0,0.2,0.2,0.2,0,34485.2,1
210,187,3,0.2,0.4,0.2,0.5,0.8,0,0.4,0.2,0.2,0,0.1,72233.9,1
210,192,10.5,0.5,0.2,0.2,3.2,1,1.2,1.1,1.6,1,0,0.5,256646.1,1
210,197,5,0.2,0.5,0.3,0.7,0.9,0.1,0.8,0.8,0.3,0.1,0.3,118799.5,1
210,200,17.5,0.7,1.6,1.2,2.6,3.1,0.2,2.8,2.8,1.2,0.3,1,415798.1,1
210,201,8,0.3,0.8,0.5,1.2,1.4,0.1,1.3,1.3,0.5,0.1,0.5,190079.1,1
210,202,3,0.2,0,0.2,0.6,0.4,0,0.4,0.9,0.1,0.1,0.1,71249.1,1
210,203,16,1.3,0,0.8,3.5,2.1,0,1.9,5.1,0.5,0.5,0.3,379995.2,1
210,214,15,0.7,0.8,0.4,2.8,3,0.2,2,1.7,1.4,1.1,0.9,338440.2,1
210,215,3,0.1,0.2,0.1,0.6,0.6,0,0.4,0.3,0.3,0.2,0.2,67688,1
210,216,7,0.3,0.4,0.2,1.3,1.4,0.1,0.9,0.8,0.7,0.5,0.4,157938.8,1
210,234,2,0.1,0.1,0.1,0.3,0.3,0,0.2,0.6,0.1,0.2,0,55474.6,1
210,235,2,0.1,0.1,0.1,0.3,0.3,0,0.2,0.6,0.1,0.2,0,55474.6,1
210,236,36,3,6,1,7,5,2,4,2,3,3,0,927723.4,0
210,237,27,2,0,2,3,1,1,10,7,1,0,0,920907.5,0
210,238,60,1,6,2,4,13,1,12,11,5,4,1,2189276.7,0
210,239,64,0,13,2,0,18,2,18,2,4,2,3,2275794.8,0
210,240,18,0.9,1.8,0.2,2.5,3.3,0.6,1.8,3.1,1.2,1.1,1.5,600720.9,1
210,241,4,0.2,0.4,0,0.6,0.7,0.1,0.4,0.7,0.3,0.3,0.3,133493.5,1
210,242,63,0,5.5,4.5,3,17,0,11,10,2,2,8,2189684.2,0
210,243,93,3,9,4,9,25,1,21,6,5,1,9,2920810.4,0
210,244,110.5,5,21.5,11,15,31,1,15,0,6,0,5,2668459.9,0
210,245,80,6,8,3,12,22,3,9,2,8,1,6,2299530.8,0
210,246,4,0.1,0.5,0.1,0.6,0.8,0,0.8,0.5,0.3,0,0.3,122445.6,1
210,247,10,0,0.7,0.7,0.2,2.2,0,2.4,1.8,0.9,0.4,0.7,294681.5,1
210,248,63,3,2.5,2,12,14,2,18,3,5.5,0,1,1455633.8,0
210,253,11,0.4,1.1,0.7,1.1,2.4,0.2,2.8,1.7,0.4,0,0.2,316634.1,1
211,13,1,0.1,0.1,0,0.3,0.2,0,0.1,0.1,0.1,0,0,19556.1,1
211,46,1,0.2,0,0.1,0.3,0.1,0,0.2,0,0,0.1,0,17885.8,1
211,54,3,0.2,0.5,0.3,0.3,0.7,0,0.4,0.2,0.2,0.1,0.1,61679.8,1
211,61,23,1.7,2.2,0.9,4.3,4.8,1.7,2.2,1.7,2.2,0.4,0.9,461805.5,1
211,62,29,2.8,1.1,1.7,8.9,3.9,2.2,1.1,3.4,2.2,1.1,0.6,563214.2,1
211,63,81,0,18,9,2,32,1,3,5,3,1,7,1669762.3,0
211,64,96,7.5,15,3,21,18,6,4,8,10.5,1,2,1398303.5,0
211,65,63,0,7,8,8,20,2,9,7,1,0,1,1358834.2,0
211,66,77,2,6,7,9,14,0,7,24,2,5,1,1529613.6,0
211,67,2,0,0.1,0.2,0.3,0.5,0.1,0.1,0.2,0.1,0.3,0.1,42661.6,1
211,68,9,0.2,0.6,0.7,1.5,2.3,0.3,0.5,1,0.5,1.1,0.3,191977.1,1
211,69,2,0,0.1,0.2,0.3,0.5,0.1,0.1,0.2,0.1,0.3,0.1,42661.6,1
211,73,5,0.2,0.4,0.4,0.4,1,0.1,0.9,1.1,0.2,0.2,0.1,92456,1
211,74,5,0.2,0.4,0.4,0.4,1,0.1,0.9,1.1,0.2,0.2,0.1,92456,1
211,75,66,2,6,3,11,15,2,6,6,11,2,2,1395207.9,0
211,76,15,0.6,1.1,1.3,1.3,2.9,0.2,2.7,3.4,0.7,0.5,0.3,277367.9,1
211,82,5,0.6,0.5,0.1,0.9,1,0.3,0.6,0.1,0.1,0.6,0.2,86186.4,1
211,83,5,0.6,0.5,0.1,0.9,1,0.3,0.6,0.1,0.1,0.6,0.2,86186.4,1
211,87,4,0.5,0.4,0.1,0.7,0.8,0.2,0.5,0.1,0.1,0.5,0.1,68949.1,1
211,98,7,0.8,0.7,0.1,2.2,0.8,0.4,0.4,0.7,0.7,0.2,0,134924.2,1
211,99,6,0.7,0.6,0.1,1.9,0.7,0.3,0.4,0.6,0.6,0.1,0,115649.4,1
211,112,8,0.5,0.7,0.4,1.3,2.4,0.4,0.6,0.9,0.2,0.6,0,153950.6,1
211,119,3,0.2,0.3,0.1,0.5,0.9,0.1,0.2,0.4,0.1,0.2,0,57731.5,1
211,127,11,0.6,0.3,0.3,2.9,0.6,0.3,1.7,2,1.7,0.6,0,308202,1
211,128,5,0.3,0.1,0.1,1.3,0.3,0.1,0.8,0.9,0.8,0.3,0,140091.8,1
211,138,10,0,0.9,0,1.2,2.4,0.9,0.3,2.5,1.2,0.6,0,219173.7,1
211,147,2,0,0.3,0,0.2,0.5,0.1,0.2,0.4,0.2,0,0.1,47337.7,1
211,148,5,0.1,0.7,0.1,0.4,1.3,0.2,0.4,1,0.4,0.1,0.3,118344.2,1
211,150,2,0,0.3,0,0.2,0.5,0.1,0.2,0.4,0.2,0,0.1,47337.7,1
211,151,2,0,0.3,0,0.2,0.5,0.1,0.2,0.4,0.2,0,0.1,47337.7,1
211,171,4,0.1,0.4,0.2,0.5,1,0.1,0.2,1.1,0.1,0.1,0.2,86957.7,1
211,172,2,0.1,0.4,0,0.3,0.5,0,0.3,0.2,0.1,0.1,0,42866.6,1
211,173,1,0,0.2,0,0.2,0.3,0,0.1,0.1,0.1,0,0,21433.3,1
211,178,1,0,0.2,0,0.2,0.3,0,0.1,0.1,0.1,0,0,21433.3,1
211,182,2,0.2,0.4,0,0.3,0.5,0,0,0.2,0.2,0.2,0,34485.2,1
211,187,6,0.4,0.8,0.4,1.1,1.5,0,0.8,0.4,0.4,0,0.2,144467.7,1
211,189,1,0.1,0.1,0.1,0.2,0.2,0,0.1,0.1,0.1,0,0,24078,1
211,190,10,0.7,1.4,0.7,1.7,2.4,0,1.4,0.7,0.7,0,0.3,240779.5,1
211,199,8,0.3,0.8,0.5,1.2,1.4,0.1,1.3,1.3,0.5,0.1,0.5,190079.1,1
211,202,12,1,0,0.6,2.6,1.6,0,1.4,3.8,0.4,0.4,0.2,284996.4,1
211,203,17,1.4,0,0.8,3.7,2.2,0,2,5.4,0.6,0.6,0.3,403744.9,1
211,204,2,0.2,0,0.1,0.4,0.3,0,0.2,0.6,0.1,0.1,0,47499.4,1
211,206,1,0.1,0,0.1,0.2,0.1,0,0.1,0.3,0,0.1,0,23749.7,1
211,214,35,1,3,2,6,11,1,2,6,2,1,0,786772.3,0
211,215,7,0.3,0.4,0.2,1.3,1.4,0.1,0.9,0.8,0.7,0.5,0.4,157938.8,1
211,220,4,0.2,0.2,0.1,0.7,0.8,0.1,0.5,0.5,0.4,0.3,0.2,90250.7,1
211,233,2,0.1,0.1,0.1,0.3,0.3,0,0.2,0.6,0.1,0.2,0,55474.6,1
211,234,3,0.1,0.1,0.1,0.4,0.4,0,0.4,0.9,0.2,0.3,0.1,83211.8,1
211,235,2,0.1,0.1,0.1,0.3,0.3,0,0.2,0.6,0.1,0.2,0,55474.6,1
211,236,33,0,5,1,3,4,0,4,10,1,4,1,1146548.8,0
211,237,54,1,3.5,5,8,9,2,9,14,1.5,1,0,1605680.1,0
211,238,116,0,15,7,4,23,1,22,26,4,7,7,3183384.9,0
211,239,20,1,2,0.3,2.8,3.6,0.6,2,3.4,1.4,1.3,1.6,667467.7,1
211,240,19,1,1.9,0.2,2.6,3.5,0.6,1.9,3.2,1.3,1.2,1.6,634094.3,1
211,241,7,0.3,0.7,0.1,1,1.3,0.2,0.7,1.2,0.5,0.4,0.6,233613.7,1
211,242,31,0.7,3.5,0.7,4.5,5.9,0.4,5.9,4.2,2.4,0.4,2.4,948953.5,1
211,243,379,27.5,34.5,26,101,67,9,44,25,28,6,11,7048954.7,0
211,244,162.5,6,23.5,9,15,49,5,23,7,14,1,10,4189623.4,0
211,245,173.5,1,31,9,8,51,2,14,15,12.5,21,9,4407298.2,0
211,246,4,0.1,0.5,0.1,0.6,0.8,0,0.8,0.5,0.3,0,0.3,122445.6,1
211,247,117,2,5,2,11,8,0,48,28,6,2,5,3589381.6,0
211,248,30,0,2,2,0.7,6.7,0,7.3,5.3,2.7,1.3,2,884044.5,1
211,252,23,0.9,2.3,1.3,2.3,5,0.4,5.9,3.6,0.9,0,0.4,662053.1,1
211,253,37,0,3,1,3,7,0,9,11,2,1,0,1077973.9,0
211,254,2,0.1,0.2,0.1,0.2,0.4,0,0.5,0.3,0.1,0,0.1,57569.8,1
212,5,1,0,0,0,0.2,0.2,0,0.1,0.3,0.1,0.1,0,18035.4,1
212,12,3,0.1,0.3,0.3,0.3,0.7,0,0.4,0.4,0.2,0.2,0.1,58379.4,1
212,30,7,0.6,0.8,0.2,1,1.7,0.2,1.3,1,0.2,0,0,116680.9,1
212,31,14,1.2,1.6,0.4,2.1,3.3,0.4,2.5,2.1,0.4,0,0,233361.8,1
212,42,2,0.1,0.1,0.1,0.3,0.4,0,0.3,0.3,0,0.3,0.1,37824.4,1
212,43,11,0.8,0.3,0.3,1.8,2.3,0,1.8,1.6,0.2,1.6,0.3,208034.1,1
212,44,5,0.4,0.1,0.1,0.8,1.1,0,0.9,0.7,0.1,0.7,0.1,94561,1
212,61,27,1.3,4.4,0.7,8.1,3.4,0.7,2,3.4,2.3,0.7,0,540503.7,1
212,62,75,5,13,1,16,18,0,5,9,6,1,1,1438437.8,0
212,63,116,6,19,8,12,29,4,13,14,8,2,1,2225673.9,0
212,64,57,2,5,3,10,9,3,13,4,3,4,1,1123695.3,0
212,65,40,4,1,0,6,7,0,11,3,0,7,1,850227.1,0
212,66,64,8,3,5,11,12,1,10,4,3,7,0,1225102.5,0
212,67,37,3,4,0,5,9,1,3,1,6,5,0,722016.4,0
212,68,41,0,11,1,4,10,0,2,8,3,1,1,817657.1,0
212,72,1,0.1,0.1,0,0.2,0.2,0,0.1,0.1,0.2,0,0,21249.1,1
212,73,15,1.6,1.1,0.4,3.5,2.4,0.2,1.8,1.4,2,0.4,0.2,318736.9,1
212,74,24,2.6,1.8,0.6,5.6,3.8,0.3,2.9,2.3,3.2,0.6,0.3,509979.1,1
212,75,57,4,4,2,14,9,2,7,6,7,1,1,1289021.5,0
212,76,10,1.1,0.7,0.3,2.3,1.6,0.1,1.2,1,1.3,0.3,0.1,212491.3,1
212,78,5,0.2,0.1,0.2,0.9,1,0.2,1.1,0.7,0.4,0,0.2,118260.3,1
212,79,3,0.1,0.1,0.1,0.6,0.6,0.1,0.7,0.4,0.2,0,0.1,70956.2,1
212,91,6,0.2,1,0.3,1.2,1,0.1,1,0.3,0.2,0.4,0.3,115456.9,1
212,92,14,0.7,1.4,0.5,2.6,3.6,0.7,1.9,0.5,0.9,0.2,1,252351.5,1
212,99,3,0.1,0.3,0.1,0.6,0.8,0.2,0.4,0.1,0.2,0,0.2,54075.3,1
212,113,5,0.1,0.8,0.1,0.7,1.7,0.3,0.6,0.1,0.3,0.2,0.1,109262.2,1
212,114,5,0.1,0.8,0.1,0.7,1.7,0.3,0.6,0.1,0.3,0.2,0.1,109262.2,1
212,123,4,0,0.6,0.2,0.4,1.1,0.2,0.6,0.4,0.2,0.3,0,79790.6,1
212,134,8,0.2,0.9,0.2,1.1,2,0.4,0.2,1.7,0.4,0.4,0.5,190638.3,1
212,147,5,0.4,0.6,0.5,0.8,0.8,0.4,0.9,0.4,0.2,0,0,102721.7,1
212,149,7,0.5,0.9,0.7,1.2,1.2,0.5,1.2,0.5,0.3,0,0,143810.4,1
212,177,6,0.3,0.7,0.7,1,1.4,0,0.6,0.7,0.3,0,0.3,118932.7,1
212,182,2,0.1,0.3,0.1,0.2,0.7,0,0.1,0.1,0.2,0.1,0.1,49770.9,1
212,183,2,0.1,0.3,0.1,0.2,0.7,0,0.1,0.1,0.2,0.1,0.1,49770.9,1
212,184,16,0.8,2.7,1.2,1.9,5.5,0,0.4,0.8,1.5,0.8,0.4,398167.6,1
212,190,6,0.3,1,0.4,0.7,2.1,0,0.1,0.3,0.6,0.3,0.2,149312.8,1
212,192,8,0.7,0.2,0.2,2.1,1.3,0.1,1.7,0.5,0.7,0.4,0.1,204220.9,1
212,193,11,1,0.3,0.3,2.9,1.8,0.1,2.3,0.6,1,0.5,0.2,280803.7,1
212,194,10,0.9,0.3,0.3,2.6,1.6,0.1,2.1,0.6,0.9,0.4,0.2,255276.1,1
212,195,8,0.7,0.2,0.2,2.1,1.3,0.1,1.7,0.5,0.7,0.4,0.1,204220.9,1
212,196,4,0.3,0.1,0.1,1.1,0.6,0.1,0.8,0.2,0.4,0.2,0.1,102110.4,1
212,202,11,0.5,1.1,0.4,1.7,2.4,0.4,1.7,0.9,1.1,0.2,0.6,270616.8,1
212,203,31,1.6,3.2,1.1,4.7,6.8,1,4.7,2.6,3.2,0.5,1.6,762647.4,1
212,208,6,0,0.7,0.2,0.2,1.2,0,1.5,1.7,0.3,0.2,0,122510.5,1
212,214,25,0.8,1.6,1.9,4.7,5.1,0.4,4.3,2.3,0.8,2.7,0.4,650157.9,1
212,215,30,4,2,2,4,7,0,5,3,1,1,1,637745.9,0
212,216,4,0.1,0.2,0.3,0.8,0.8,0.1,0.7,0.4,0.1,0.4,0.1,104025.3,1
212,221,5,0.2,0.2,0.5,0.4,1.5,0,0.7,1.5,0,0,0,150515.3,1
212,222,25,0,3,0,4,4,0,7,7,0,0,0,530347.8,0
212,234,4,0.1,0.5,0.1,0.4,1,0,0.5,0.6,0.3,0.3,0.2,124587.5,1
212,235,12,0.3,1.5,0.5,1.1,3.1,0,1.4,1.8,1,0.8,0.5,373762.6,1
212,236,52,0,1,2,1,7,0,14,21,1,2,3,1749759.8,0
212,237,72,2,5,3,0,15,2,8,32,1,3,1,2092557.2,0
212,238,130,6,11,5,15,28,2,15,26,12,6,4,2973034.1,0
212,239,86,4,6,4,9,13,1,9,26,4,7,3,2188935,0
212,240,35,0,0,1,1,5,0,3,12,0,11,2,1203694.3,0
212,241,8,0.1,0.3,0.5,0.3,1.4,0.2,0.8,2.6,0.6,0.9,0.3,247902.7,1
212,243,131,7.5,16.5,9,29,40,6,6,4,6,0,7,2521059.8,0
212,244,189.5,17,17.5,9,42,34,5,24,14,21,3,3,4126461.6,0
212,245,104,1,11,4,12,23,2,20,11,10,0,10,2995795.3,0
212,246,129.5,3,16.5,5,11,25,2,34,20,3,2,8,3489178,0
212,247,270.5,10,16,18.5,53,46,6,58,40,14,6,3,6902325.5,0
212,248,51,4,3,1,3,10,0,17,6,5,1,1,1569340.1,0
212,249,156.5,8,21,14,24,55,2.5,2,0,24,0,6,3377674.2,0
212,251,9,0.9,1.1,0.9,1,2,0,1.3,0.5,0.8,0.2,0.3,209238.1,1
212,252,4,0.1,0.5,0.1,0.4,1.3,0.1,0.8,0.4,0.2,0,0.1,108758.4,1
212,253,6,0.2,0.7,0.1,0.6,2,0.1,1.3,0.6,0.3,0,0.1,163137.6,1
212,254,9,0.3,1,0.2,0.9,3,0.2,1.9,0.9,0.4,0,0.2,244706.4,1
213,1,2,0.1,0.1,0,0.5,0.4,0.1,0.1,0.4,0.2,0.1,0,35682,1
213,8,8,0.2,1.5,0.4,0.6,2.2,0.2,0.7,0.9,1.1,0.2,0,155276.2,1
213,36,4,0.1,0.3,0.4,0.5,1.1,0.1,1.1,0.3,0,0,0.1,79079.2,1
213,42,5,0.4,0.1,0.1,0.8,1.1,0,0.9,0.7,0.1,0.7,0.1,94561,1
213,43,4,0.3,0.1,0.1,0.6,0.8,0,0.7,0.6,0.1,0.6,0.1,75648.8,1
213,50,1,0.1,0,0,0.2,0.2,0,0.2,0.1,0,0.2,0,18912.2,1
213,55,5,0.1,0.7,0.1,0.6,1.1,0.2,0.5,0.6,0.4,0.5,0.2,80233.4,1
213,62,29,1,4,3,3,11,0,1,3,1,2,0,594614,0
213,63,61,3,6,4,11,15,3,4,6,3,4,2,1073097.5,0
213,64,21,0.2,1.7,0.5,2.6,4.2,1.1,2.8,4.6,2,0.7,0.6,486164.9,1
213,65,25,0,0,0,2,6,0,8,2,0,6,1,493501.9,0
213,66,136.5,6,12,16,24,22,3,18,19,5.5,9,2,2223895.5,0
213,67,151,7,2,16.5,29,20,5,21,28,3.5,19,0,2700638.6,0
213,68,57,1,6,2,8,9,0,4,15,7,5,0,981479.3,0
213,71,2,0,0,0.2,0.1,0.3,0,0.5,0.8,0,0.1,0,48479.7,1
213,73,5,0.5,0.4,0.1,1.1,0.8,0.1,0.6,0.5,0.7,0.1,0.1,106245.6,1
213,75,15,1.6,1.1,0.4,3.5,2.4,0.2,1.8,1.4,2,0.4,0.2,318736.9,1
213,79,4,0.1,0.1,0.1,0.8,0.8,0.1,0.9,0.6,0.3,0,0.2,94608.2,1
213,91,5,0.2,0.8,0.3,1,0.8,0.1,0.8,0.2,0.2,0.4,0.2,96214.1,1
213,93,2,0.1,0.2,0.1,0.4,0.5,0.1,0.3,0.1,0.1,0,0.1,36050.2,1
213,114,1,0,0.2,0,0.2,0.3,0.1,0.1,0,0.1,0,0,21852.4,1
213,118,4,0.1,0.6,0.1,0.6,1.3,0.2,0.5,0.1,0.3,0.1,0.1,87409.8,1
213,139,8,0.9,0.5,0,0.7,1.8,0.2,1.6,1.2,0.9,0.2,0,182345.2,1
213,140,2,0.2,0.1,0,0.2,0.4,0.1,0.4,0.3,0.2,0.1,0,45586.3,1
213,147,10,0.7,1.2,1,1.7,1.7,0.7,1.7,0.8,0.5,0,0,205443.5,1
213,148,2,0.2,0.2,0.2,0.3,0.3,0.2,0.3,0.2,0.1,0,0,41088.7,1
213,154,4,0.3,0.5,0,0.8,0.7,0.1,0.5,0.3,0.6,0.2,0,87771.4,1
213,155,5,0.4,0.6,0,1,0.8,0.1,0.7,0.4,0.8,0.2,0,109714.2,1
213,156,5,0.4,0.6,0,1,0.8,0.1,0.7,0.4,0.8,0.2,0,109714.2,1
213,177,8,0.4,1,0.9,1.3,1.8,0,0.8,1,0.4,0,0.4,158576.9,1
213,184,8,0.4,1.3,0.6,1,2.7,0,0.2,0.4,0.8,0.4,0.2,199083.8,1
213,192,3,0.3,0.1,0.1,0.8,0.5,0,0.6,0.2,0.3,0.1,0,76582.8,1
213,194,11,1,0.3,0.3,2.9,1.8,0.1,2.3,0.6,1,0.5,0.2,280803.7,1
213,195,2,0.2,0.1,0.1,0.5,0.3,0,0.4,0.1,0.2,0.1,0,51055.2,1
213,199,21,0.6,3.1,2,4.9,4.6,1.3,1,2.6,0.2,0.7,0,426607.2,1
213,200,4,0.1,0.6,0.4,0.9,0.9,0.3,0.2,0.5,0,0.1,0,81258.5,1
213,203,10,0.5,1,0.4,1.5,2.2,0.3,1.5,0.9,1,0.2,0.5,246015.3,1
213,204,2,0.1,0.2,0.1,0.3,0.4,0.1,0.3,0.2,0.2,0,0.1,49203.1,1
213,215,19,0.6,1.2,1.5,3.5,3.8,0.3,3.3,1.8,0.6,2.1,0.3,494120,1
213,216,9,0.3,0.6,0.7,1.7,1.8,0.1,1.6,0.8,0.3,1,0.1,234056.8,1
213,221,6,0.2,0.2,0.7,0.4,1.8,0,0.9,1.8,0,0,0,180618.4,1
213,222,19,0.7,2.7,0.5,1.7,4.4,0.2,2.4,2.2,1.5,2,0.7,473926.2,1
213,223,2,0.1,0.3,0,0.2,0.5,0,0.3,0.2,0.1,0.2,0.1,49887,1
213,235,21,0.5,2.7,0.8,1.9,5.4,0,2.4,3.3,1.8,1.4,0.8,654084.5,1
213,236,39,0,4,2,3,6,1,8,5,1,4,5,1350588.4,0
213,237,59,0,6,2,3,14,1,4,14,3,8,4,2088578.9,0
213,238,38,1,1,0,5,4,0,8,15,0,1,3,1327982.8,0
213,239,42,1,5,0,2,7,0,9,11,2,5,0,1373611.1,0
213,240,10,0.2,0.4,0.6,0.4,1.7,0.2,0.9,3.3,0.8,1.1,0.4,309878.4,1
213,241,42,1,6,7,4,13,1,5,1,4,0,0,936597.8,0
213,242,61,6,5,1,20,13,1,1,8,0,1,5,1523179.3,0
213,243,213.5,13,32.5,13.5,48,39,8,21,12,20.5,2,4,4060672.4,0
213,244,146,4,13,6,19,32,4,36,16,9,0,7,3928913.2,0
213,245,190,7.5,30,14,30,41,5.5,22,21,14,3,2,3803127.5,0
213,246,315.5,15.5,20,31,51,63,5.5,51,42,16.5,14,6,5431626.1,0
213,247,27,2.7,3.4,2.7,3,6.1,0,3.8,1.5,2.3,0.7,0.8,627714.3,1
213,248,4,0.4,0.5,0.4,0.5,0.9,0,0.6,0.2,0.3,0.1,0.1,92994.7,1
213,251,13,1.3,1.6,1.3,1.5,2.9,0,1.8,0.7,1.1,0.4,0.4,302232.8,1
213,253,3,0.1,0.3,0.1,0.3,1,0.1,0.6,0.3,0.1,0,0.1,81568.8,1
213,254,1,0.1,0.1,0,0.1,0.3,0,0.2,0.1,0.1,0,0,27189.6,1
214,0,5,0.2,0.3,0,1.1,0.9,0.2,0.4,0.9,0.6,0.4,0,89205.1,1
214,1,2,0.1,0.1,0,0.5,0.4,0.1,0.1,0.4,0.2,0.1,0,35682,1
214,2,1,0,0,0,0.2,0.2,0,0.1,0.3,0.1,0.1,0,18035.4,1
214,3,31.5,1,3,1.5,7,3,0,2,8,5,1,0,510160.5,0
214,4,5,0.2,0.2,0.2,0.8,0.9,0.1,0.4,1.4,0.4,0.4,0,90176.9,1
214,6,3,0.1,0.1,0.1,0.5,0.6,0,0.2,0.9,0.2,0.3,0,54106.1,1
214,7,2,0,0.4,0.1,0.2,0.5,0,0.2,0.2,0.3,0.1,0,38819.1,1
214,11,1,0,0.2,0.1,0.1,0.3,0,0.1,0.1,0.1,0,0,19409.5,1
214,12,2,0,0.2,0.2,0.2,0.4,0,0.3,0.3,0.2,0.1,0.1,38919.6,1
214,37,2,0,0.2,0.2,0.2,0.5,0.1,0.5,0.2,0,0,0.1,39539.6,1
214,49,3,0.2,0.1,0.1,0.5,0.6,0,0.5,0.4,0.1,0.4,0.1,56736.6,1
214,50,2,0.1,0.1,0.1,0.3,0.4,0,0.3,0.3,0,0.3,0.1,37824.4,1
214,58,2,0.1,0.3,0,0.6,0.2,0,0.2,0.3,0.2,0.1,0,40037.3,1
214,63,4,0,0.3,0.1,0.5,0.8,0.2,0.5,0.9,0.4,0.2,0.1,92602.8,1
214,64,5,0,0.4,0.1,0.6,1,0.3,0.7,1.1,0.5,0.2,0.1,115753.5,1
214,65,48,3,2,2,7,7,2,10,10,2,2,1,882533.2,0
214,66,139.5,4.5,17.5,9,24,31,3,13,20,5.5,11,1,2713539,0
214,67,81,2,7,11,15,12,1,11,12,2,6,2,1555044.2,0
214,68,63,1,7,1,3,7,1,4,24,2,12,1,1168707.1,0
214,71,1,0,0,0.1,0.1,0.1,0,0.2,0.4,0,0.1,0,24239.9,1
214,85,7,0.3,1.1,0.4,1.4,1.1,0.1,1.2,0.3,0.3,0.5,0.3,134699.7,1
214,86,5,0.2,0.8,0.3,1,0.8,0.1,0.8,0.2,0.2,0.4,0.2,96214.1,1
214,91,2,0.1,0.3,0.1,0.4,0.3,0,0.3,0.1,0.1,0.2,0.1,38485.6,1
214,97,2,0.1,0.2,0.1,0.4,0.5,0.1,0.3,0.1,0.1,0,0.1,36050.2,1
214,108,10,0.5,0.7,0.5,2,1.7,0.5,1.2,1.2,1,0.5,0.2,197548.2,1
214,112,4,0.1,0.6,0.1,0.6,1.3,0.2,0.5,0.1,0.3,0.1,0.1,87409.8,1
214,132,5,0.1,0.6,0.1,0.7,1.3,0.2,0.1,1.1,0.2,0.2,0.4,119148.9,1
214,133,2,0,0.2,0.1,0.3,0.5,0.1,0.1,0.4,0.1,0.1,0.1,47659.6,1
214,140,4,0.5,0.2,0,0.3,0.9,0.1,0.8,0.6,0.5,0.1,0,91172.6,1
214,146,10,0.2,1.7,0.3,1.2,2.9,0.5,1,1.5,0.7,0,0,229488.2,1
214,155,22,0,1,1,5,5,0,7,3,0,0,0,540958.5,0
214,156,8,0.6,0.9,0,1.7,1.4,0.2,1.1,0.6,1.2,0.3,0,175542.8,1
214,178,5,0.2,0.6,0.6,0.9,1.1,0,0.5,0.6,0.3,0,0.2,99110.6,1
214,179,1,0,0.1,0.1,0.2,0.2,0,0.1,0.1,0.1,0,0.1,19822.1,1
214,181,8,0.4,1,0.9,1.3,1.8,0,0.8,1,0.4,0,0.4,158576.9,1
214,187,2,0.1,0.3,0.1,0.2,0.7,0,0.1,0.1,0.2,0.1,0.1,49770.9,1
214,194,5,0.4,0.2,0.2,1.3,0.8,0.1,1,0.3,0.4,0.2,0.1,127638,1
214,199,25,0.8,3.7,2.3,5.8,5.5,1.6,1.2,3.1,0.2,0.8,0,507865.7,1
214,215,4,0.1,0.2,0.3,0.8,0.8,0.1,0.7,0.4,0.1,0.4,0.1,104025.3,1
214,216,1,0,0.1,0.1,0.2,0.2,0,0.2,0.1,0,0.1,0,26006.3,1
214,221,2,0.1,0.1,0.2,0.1,0.6,0,0.3,0.6,0,0,0,60206.1,1
214,222,15,0.6,2.1,0.4,1.3,3.5,0.2,1.9,1.7,1.2,1.5,0.6,374152.2,1
214,224,10,0.4,1.4,0.3,0.9,2.3,0.1,1.3,1.1,0.8,1,0.4,249434.8,1
214,226,2,0.1,0.3,0,0.2,0.5,0,0.3,0.2,0.1,0.2,0.1,49887,1
214,227,2,0,0.3,0.1,0.3,0.6,0,0.1,0.3,0,0.1,0.2,60499.8,1
214,236,6,0.2,0.8,0.2,0.5,1.6,0,0.7,0.9,0.5,0.4,0.2,186881.3,1
214,237,18,0.3,0.7,1,0.7,3.1,0.4,1.7,5.9,1.4,2.1,0.7,557781.2,1
214,238,11,0.2,0.4,0.6,0.4,1.9,0.2,1.1,3.6,0.9,1.3,0.4,340866.3,1
214,239,2,0,0.1,0.1,0.1,0.3,0,0.2,0.7,0.2,0.2,0.1,61975.7,1
214,241,92,4,14,0,14,16,3,23,9,7,1,1,2203638.5,0
214,242,109,3,13,3,12,16,1,32,13,7,3,6,2916551.4,0
214,243,84,1,4,5,8,18,0,17,18,7,2,4,2222636.2,0
214,244,117,1,12,6,9,20,0,19,34,7,4,5,3400827.1,0
214,245,57,1,10,1,3,15,1,8,9,2,0,7,1621609.1,0
214,246,173.5,4,16.5,7,27,31,5,33,29,5,12,4,3610667.2,0
214,247,83.5,3,6.5,3.5,9,19,0.5,18,7,8,5,4,2197548.1,0
214,248,130.5,10.5,6,24,49,17,3,6,6,6,2,1,2153043.6,0
214,250,56,2,0,7,10,12,0,9,10,0,6,0,1190826.6,0
214,251,213.5,17.5,8,19.5,68,34,8,21,18,8.5,2,9,3747144.5,0
214,252,4,0.1,0.5,0.1,0.4,1.3,0.1,0.8,0.4,0.2,0,0.1,108758.4,1
215,2,32,5,1,0,9,5,2,1,5,4,0,0,622786.6,0
215,3,20,0.7,0.7,0.7,3,3.7,0.3,1.7,5.8,1.7,1.7,0,360707.5,1
215,4,12,0.4,0.4,0.4,1.8,2.3,0.2,1,3.5,1,1,0,216424.5,1
215,5,2,0,0,0.1,0.3,0.4,0,0.2,0.6,0.2,0.2,0,36070.8,1
215,8,8,0.2,1.5,0.4,0.6,2.2,0.2,0.7,0.9,1.1,0.2,0,155276.2,1
215,11,3,0.1,0.6,0.2,0.2,0.8,0.1,0.2,0.3,0.4,0.1,0,58228.6,1
215,27,2,0.2,0.2,0.1,0.3,0.5,0,0.3,0.3,0.1,0,0,33337.4,1
215,35,1,0,0.1,0.1,0.1,0.3,0,0.3,0.1,0,0,0,19769.8,1
215,37,5,0.1,0.4,0.5,0.6,1.4,0.1,1.4,0.4,0,0,0.1,98848.9,1
215,54,10,0.2,1.4,0.2,1.2,2.1,0.5,1,1.2,0.7,1,0.5,160466.8,1
215,61,6,0.3,1,0.1,1.8,0.7,0.1,0.5,0.8,0.5,0.2,0,120111.9,1
215,62,18,0.2,1.4,0.5,2.2,3.6,0.9,2.4,4,1.7,0.6,0.5,416712.8,1
215,63,9,0.1,0.7,0.2,1.1,1.8,0.5,1.2,2,0.9,0.3,0.2,208356.4,1
215,64,42,0,2,4,5,7,0,7,10,1,3,3,988352.8,0
215,65,25,0,3,1,1,12,0,3,0,2,2,1,550809.1,0
215,66,63,1,2,0,6,6,1,12,19,3,10,3,1340628.2,0
215,67,51,5,3,2,8,9,1,5,2,3,12,1,818436.7,0
215,68,7,0,0,0.7,0.5,0.9,0,1.6,2.8,0,0.5,0,169679.1,1
215,75,6,0.7,0.4,0.1,1.4,1,0.1,0.7,0.6,0.8,0.1,0.1,127494.8,1
215,76,4,0.4,0.3,0.1,0.9,0.6,0.1,0.5,0.4,0.5,0.1,0.1,84996.5,1
215,86,3,0.1,0.5,0.2,0.6,0.5,0.1,0.5,0.1,0.1,0.2,0.1,57728.4,1
215,96,3,0.1,0.3,0.1,0.6,0.8,0.2,0.4,0.1,0.2,0,0.2,54075.3,1
215,97,3,0.1,0.3,0.1,0.6,0.8,0.2,0.4,0.1,0.2,0,0.2,54075.3,1
215,102,8,0.4,0.6,0.4,1.5,1.3,0.4,1,1,0.8,0.4,0.2,158038.6,1
215,104,2,0.1,0.2,0.1,0.4,0.3,0.1,0.2,0.2,0.2,0.1,0.1,39509.6,1
215,112,1,0,0.2,0,0.2,0.3,0.1,0.1,0,0.1,0,0,21852.4,1
215,113,4,0.1,0.6,0.1,0.6,1.3,0.2,0.5,0.1,0.3,0.1,0.1,87409.8,1
215,132,7,0.1,0.8,0.2,1,1.8,0.3,0.2,1.5,0.3,0.3,0.5,166808.5,1
215,133,17,0.4,2,0.4,2.4,4.3,0.8,0.4,3.5,0.8,0.8,1.2,405106.4,1
215,134,2,0,0.2,0.1,0.3,0.5,0.1,0.1,0.4,0.1,0.1,0.1,47659.6,1
215,145,4,0.1,0.7,0.1,0.5,1.1,0.2,0.4,0.6,0.3,0,0,91795.3,1
215,146,23,0.6,3.9,0.6,2.8,6.7,1.1,2.2,3.4,1.7,0,0,527823,1
215,147,11,0.8,1.3,1.1,1.9,1.9,0.8,1.9,0.8,0.5,0,0,225987.8,1
215,155,17,1.3,2,0,3.6,2.9,0.3,2.3,1.3,2.6,0.7,0,373028.4,1
215,156,5,0.4,0.6,0,1,0.8,0.1,0.7,0.4,0.8,0.2,0,109714.2,1
215,157,2,0.1,0.1,0,0.4,0.3,0.1,0.5,0.3,0.2,0,0,53964.5,1
215,168,5,0.3,0.3,0.5,0.9,1.4,0,0.9,0.3,0.1,0.1,0.2,125945.2,1
215,171,7,0.4,0.4,0.7,1.3,1.9,0,1.3,0.4,0.2,0.2,0.2,176323.3,1
215,172,2,0,0.1,0.2,0.2,0.5,0,0.2,0.6,0.1,0,0.1,51377.3,1
215,177,9,0.4,1.1,1,1.5,2.1,0,0.9,1.1,0.5,0,0.4,178399,1
215,178,5,0.2,0.6,0.6,0.9,1.1,0,0.5,0.6,0.3,0,0.2,99110.6,1
215,179,6,0.3,0.7,0.7,1,1.4,0,0.6,0.7,0.3,0,0.3,118932.7,1
215,181,2,0.1,0.2,0.2,0.3,0.5,0,0.2,0.3,0.1,0,0.1,39644.2,1
215,182,4,0.2,0.7,0.3,0.5,1.3,0,0.1,0.2,0.4,0.2,0.1,99541.9,1
215,187,1,0,0.2,0.1,0.1,0.3,0,0,0.1,0.1,0.1,0,24885.5,1
215,194,6,0.5,0.2,0.2,1.6,1,0.1,1.2,0.3,0.5,0.3,0.1,153165.7,1
215,221,6,0.2,0.2,0.7,0.4,1.8,0,0.9,1.8,0,0,0,180618.4,1
215,222,4,0.1,0.6,0.1,0.4,0.9,0,0.5,0.5,0.3,0.4,0.2,99773.9,1
215,224,2,0.1,0.3,0,0.2,0.5,0,0.3,0.2,0.1,0.2,0.1,49887,1
215,225,10,0.4,1.4,0.3,0.9,2.3,0.1,1.3,1.1,0.8,1,0.4,249434.8,1
215,226,8,0.3,1.2,0.2,0.7,1.9,0.1,1,0.9,0.6,0.8,0.3,199547.9,1
215,229,8,0.2,1.2,0.4,1,2.3,0.2,0.2,1.3,0.2,0.2,0.8,241999.3,1
215,231,5,0.1,0.8,0.3,0.7,1.4,0.1,0.1,0.8,0.1,0.1,0.5,151249.6,1
215,240,3,0.1,0.1,0.2,0.1,0.5,0.1,0.3,1,0.2,0.3,0.1,92963.5,1
215,244,19,0,2.5,0,1.8,3.1,0.6,4.9,3.7,0,1.8,0.6,446990,1
215,245,67.5,2.5,5,1,9,11,3,8,20,3,2,3,2078636.3,0
215,246,209.5,11,6.5,19,42,31,10,32,38,7,9,4,4063825.8,0
215,247,540,40.5,50.5,51.5,148,87,25.5,52,25,43,5,12,8655942.6,0
215,250,18,1.8,2.3,1.8,2,4.1,0,2.5,1,1.5,0.5,0.5,418476.2,1
215,251,555,41,85,34,119,93,22,45,46,60,7,3,7108754.8,0
215,252,80.5,3,5.5,2,17,15,1,16,12,5,2,2,1710648.2,0
215,253,453.5,27,39,23,83,79,16,80,53,41.5,9,3,6971762.7,0
215,254,5,0.2,0.6,0.1,0.5,1.6,0.1,1.1,0.5,0.2,0,0.1,135948,1
215,255,2,0.1,0.2,0,0.2,0.7,0,0.4,0.2,0.1,0,0.1,54379.2,1
216,2,4,0.1,0.1,0.1,0.6,0.8,0.1,0.3,1.2,0.3,0.4,0,72141.5,1
216,3,9,0.3,0.3,0.3,1.4,1.7,0.1,0.8,2.6,0.7,0.8,0,162318.4,1
216,5,2,0,0,0.1,0.3,0.4,0,0.2,0.6,0.2,0.2,0,36070.8,1
216,8,8,0.2,1.5,0.4,0.6,2.2,0.2,0.7,0.9,1.1,0.2,0,155276.2,1
216,27,5,0.4,0.6,0.2,0.7,1.2,0.1,0.9,0.7,0.2,0,0,83343.5,1
216,31,6,0.5,0.7,0.2,0.9,1.4,0.2,1,0.9,0.2,0,0,100012.2,1
216,37,8,0.2,0.6,0.9,0.9,2.2,0.2,2.2,0.6,0,0,0.2,158158.3,1
216,38,4,0.1,0.3,0.4,0.5,1.1,0.1,1.1,0.3,0,0,0.1,79079.2,1
216,51,4,0.3,0.1,0.1,0.6,0.8,0,0.7,0.6,0.1,0.6,0.1,75648.8,1
216,54,4,0.1,0.5,0.1,0.5,0.8,0.2,0.4,0.5,0.3,0.4,0.2,64186.7,1
216,58,5,0.3,0.8,0.1,1.5,0.6,0.1,0.4,0.6,0.5,0.1,0,100093.3,1
216,62,2,0,0.2,0,0.2,0.4,0.1,0.3,0.4,0.2,0.1,0.1,46301.4,1
216,63,20,0.2,1.6,0.5,2.5,4,1.1,2.6,4.4,1.9,0.7,0.5,463014.2,1
216,64,51,1,6,0,4,14,2,12,5,3,2,2,1414467,0
216,65,35,0.3,2.8,0.9,4.3,7.1,1.8,4.6,7.7,3.4,1.2,0.9,810274.8,1
216,66,65,1,0,0,6,1,1,5,34,1,16,0,1296126.9,0
216,67,89.5,3.5,6,8,9,10,3,17,16,5,12,0,1561096.2,0
216,68,24,1,2,1,4,2,0,5,6,0,3,0,534842.3,0
216,69,20,0,0,2,1.3,2.7,0,4.7,8,0,1.3,0,484797.4,1
216,72,2,0.2,0.1,0.1,0.5,0.3,0,0.2,0.2,0.3,0.1,0,42498.3,1
216,86,2,0.1,0.3,0.1,0.4,0.3,0,0.3,0.1,0.1,0.2,0.1,38485.6,1
216,91,3,0.1,0.5,0.2,0.6,0.5,0.1,0.5,0.1,0.1,0.2,0.1,57728.4,1
216,99,2,0.1,0.2,0.1,0.4,0.5,0.1,0.3,0.1,0.1,0,0.1,36050.2,1
216,111,2,0.1,0.2,0.1,0.4,0.3,0.1,0.2,0.2,0.2,0.1,0.1,39509.6,1
216,112,5,0.1,0.8,0.1,0.7,1.7,0.3,0.6,0.1,0.3,0.2,0.1,109262.2,1
216,113,2,0,0.3,0,0.3,0.7,0.1,0.3,0,0.1,0.1,0.1,43704.9,1
216,127,3,0,0.5,0.2,0.3,0.8,0.1,0.4,0.3,0.2,0.2,0,59843,1
216,135,2,0,0.2,0.1,0.3,0.5,0.1,0.1,0.4,0.1,0.1,0.1,47659.6,1
216,144,4,0.1,0.7,0.1,0.5,1.1,0.2,0.4,0.6,0.3,0,0,91795.3,1
216,155,2,0.2,0.2,0,0.4,0.3,0,0.3,0.2,0.3,0.1,0,43885.7,1
216,156,6,0.5,0.7,0,1.3,1,0.1,0.8,0.5,0.9,0.2,0,131657.1,1
216,157,2,0.1,0.1,0,0.4,0.3,0.1,0.5,0.3,0.2,0,0,53964.5,1
216,167,7,0.4,0.4,0.7,1.3,1.9,0,1.3,0.4,0.2,0.2,0.2,176323.3,1
216,168,2,0.1,0.1,0.2,0.4,0.5,0,0.4,0.1,0,0.1,0.1,50378.1,1
216,172,3,0.1,0.1,0.2,0.2,0.8,0,0.4,0.9,0.1,0,0.2,77065.9,1
216,177,25,1.1,3.1,2.8,4.2,5.6,0,2.6,3.1,1.4,0,1.1,495552.8,1
216,178,4,0.2,0.5,0.4,0.7,0.9,0,0.4,0.5,0.2,0,0.2,79288.4,1
216,179,4,0.2,0.5,0.4,0.7,0.9,0,0.4,0.5,0.2,0,0.2,79288.4,1
216,181,6,0.3,0.7,0.7,1,1.4,0,0.6,0.7,0.3,0,0.3,118932.7,1
216,198,7,0.2,1,0.7,1.7,1.5,0.4,0.3,0.9,0.1,0.2,0,142202.4,1
216,201,7,0.2,1,0.7,1.7,1.5,0.4,0.3,0.9,0.1,0.2,0,142202.4,1
216,204,5,0.2,0.5,0.2,0.8,1.1,0.2,0.8,0.4,0.5,0.1,0.2,123007.7,1
216,215,2,0.1,0.1,0.2,0.4,0.4,0,0.3,0.2,0.1,0.2,0,52012.6,1
216,220,4,0.1,0.2,0.4,0.3,1.2,0,0.6,1.2,0,0,0,120412.2,1
216,221,4,0.1,0.2,0.4,0.3,1.2,0,0.6,1.2,0,0,0,120412.2,1
216,222,6,0.2,0.8,0.2,0.5,1.4,0.1,0.8,0.7,0.5,0.6,0.2,149660.9,1
216,227,3,0.1,0.4,0.1,0.4,0.8,0.1,0.1,0.5,0.1,0.1,0.3,90749.7,1
216,229,7,0.2,1.1,0.3,0.9,1.9,0.2,0.2,1.1,0.2,0.2,0.7,211749.4,1
216,230,5,0.1,0.8,0.3,0.7,1.4,0.1,0.1,0.8,0.1,0.1,0.5,151249.6,1
216,231,9,0.2,1.4,0.5,1.2,2.6,0.2,0.2,1.4,0.2,0.2,0.9,272249.2,1
216,232,3,0.1,0.4,0.1,0.3,0.8,0,0.3,0.5,0.2,0.2,0.1,93440.6,1
216,236,3,0.1,0.4,0.1,0.3,0.8,0,0.3,0.5,0.2,0.2,0.1,93440.6,1
216,245,1,0,0.1,0,0.1,0.2,0,0.3,0.2,0,0.1,0,23525.8,1
216,246,8,0,1,0,0.8,1.3,0.2,2.1,1.5,0,0.8,0.3,188206.3,1
216,247,74,4,5,4,21,15,3,9,6,6,0,1,1338838.6,0
216,249,557,30,44,41,104,98,20,87,67,33,29,4,9173700.2,0
216,250,340.5,10.5,20,28.5,69,75,3,42,46,12.5,25,9,5988304.4,0
216,251,73,2,5,2,8,9,2,15,13,4,12,1,1881849.1,0
216,252,38,3,5,4,6,6,0,5,2,4,1,2,621011.2,0
216,253,423,26.5,23,38,105,85,12,42,41,14.5,33,3,6739194.5,0
216,254,259.5,16,20,25,68,44,7,26,22,17.5,13,1,3780925.5,0
217,2,4,0.4,0.2,0,1,0.7,0.3,0.5,0.5,0.3,0.1,0,78617,1
217,3,3,0.3,0.2,0,0.7,0.5,0.3,0.3,0.3,0.3,0.1,0,58962.7,1
217,28,8,0.6,0.6,0.2,1.3,1.5,0.8,0.8,0.4,1.2,0.4,0.2,129847.5,1
217,36,2,0,0.2,0.2,0.2,0.5,0.1,0.5,0.2,0,0,0.1,39539.6,1
217,37,19,2.2,0,0,4.3,1.6,0.6,2.7,3.3,2.7,1.6,0,361688.1,1
217,38,10,1.1,0,0,2.3,0.9,0.3,1.4,1.7,1.4,0.9,0,190362.2,1
217,44,3,0,0.4,0.1,0.4,0.3,0.2,0.4,0.7,0.3,0.2,0,54552.2,1
217,45,4,0,0.6,0.1,0.6,0.5,0.2,0.5,0.9,0.4,0.2,0,72736.3,1
217,46,10,0,1.4,0.3,1.5,1.2,0.6,1.2,2.3,0.9,0.6,0,181840.7,1
217,51,5,0.4,0.1,0.1,0.8,1.1,0,0.9,0.7,0.1,0.7,0.1,94561,1
217,52,4,0,0.4,0.3,0,1.2,0.1,0.4,1.2,0.3,0.1,0,72731.1,1
217,54,7,0,0.7,0.5,0,2.1,0.2,0.7,2.1,0.5,0.2,0,127279.4,1
217,60,5,0.1,0.7,0.1,0.6,1.1,0.2,0.5,0.6,0.4,0.5,0.2,80233.4,1
217,61,2,0.1,0.3,0.1,0.2,0.4,0.1,0.2,0.2,0.1,0.2,0.1,32093.4,1
217,63,14,1.5,0.4,0.4,2.6,2.9,0.3,1.1,2.6,1.5,0.7,0,298156,1
217,64,77.5,6,8,0,15,14,4,5,15,9.5,0,1,1434623.6,0
217,65,49,1,6,1,7,10,1,7,7,5,1,3,1039569.2,0
217,66,35,0,1,0,3,5,1,3,17,2,3,0,652451.5,0
217,67,94,1,5,4,6,11,0,37,20,6,4,0,1757393.2,0
217,68,6,0.1,0.1,0.6,0.1,1.1,0,1.8,1.6,0.1,0.1,0.4,123479.6,1
217,69,15,0.2,0.2,1.5,0.2,2.7,0,4.6,4.1,0.2,0.3,1,308699.1,1
217,70,10,0.1,0.2,1,0.2,1.8,0,3.1,2.7,0.1,0.2,0.6,205799.4,1
217,71,4,0,0.1,0.4,0.1,0.7,0,1.2,1.1,0.1,0.1,0.2,82319.8,1
217,85,2,0.1,0.3,0.1,0.4,0.3,0,0.3,0.1,0.1,0.2,0.1,38485.6,1
217,91,4,0.2,0.6,0.2,0.8,0.6,0,0.7,0.2,0.2,0.3,0.2,76971.2,1
217,92,1,0,0.1,0,0.2,0.3,0.1,0.1,0,0.1,0,0.1,18025.1,1
217,93,1,0,0.1,0,0.2,0.3,0.1,0.1,0,0.1,0,0.1,18025.1,1
217,127,1,0,0.1,0.1,0.1,0.3,0,0.1,0.1,0.1,0.1,0,19947.7,1
217,139,5,0.6,0.3,0,0.4,1.1,0.1,1,0.7,0.6,0.2,0,113965.7,1
217,143,12,1.5,1.2,0,2.3,1.7,0.3,1.7,0.6,0.9,1.2,0.6,251638.7,1
217,145,6,0.7,0.6,0,1.2,0.9,0.1,0.9,0.3,0.4,0.6,0.3,125819.3,1
217,146,2,0.2,0.2,0,0.4,0.3,0.1,0.3,0.1,0.1,0.2,0.1,41939.8,1
217,182,2,0.1,0.2,0.1,0.3,0.6,0.1,0.1,0.3,0,0.1,0.1,45748.7,1
217,186,12,0.5,1.5,0.7,2,3.3,0.4,0.7,1.8,0.2,0.4,0.5,274492,1
217,188,4.5,0.3,0.4,0.5,0.7,1,0,0.6,0.2,0.5,0.2,0.1,101165.7,1
217,194,7,0.4,0.4,0.4,1.2,1.4,0.2,0.5,1.8,0.2,0.4,0.1,163668.2,1
217,195,3,0.1,0.2,0.2,0.5,0.6,0.1,0.2,0.8,0.1,0.2,0,70143.5,1
217,200,22,1.2,2.9,1.4,2.6,6.2,0.3,2.9,2.4,1.3,0.2,0.6,535405,1
217,203,15,0.7,0.5,0.7,3.8,2.4,0.9,1.7,1.7,1.1,1.1,0.4,352277.1,1
217,204,16,0.7,0.6,0.7,4.1,2.6,0.9,1.9,1.9,1.1,1.1,0.4,375762.3,1
217,209,22,0,2.5,0.6,0.6,4.4,0,5.7,6.3,1.3,0.6,0,449205.3,1
217,213,4,0.1,0.2,0.3,0.5,1.2,0.1,0.6,0.4,0.2,0.1,0.3,86034.6,1
217,215,26.5,0.8,1.4,2,3.5,8.2,0.4,3.9,2.3,1.2,0.8,2,569979,1
217,219,10,0.2,1.1,0.2,0.6,1.3,0,2.1,2.8,0.4,0.6,0.7,309163,1
217,220,86.5,9,9,1.5,24,14,3,10,6,5,1,4,2202729.4,0
217,222,11,0.1,0.5,0.8,1.1,2.4,0.6,1.9,2.2,0.6,0.5,0.3,313476.1,1
217,227,11,0.3,1,0.6,1.1,2,0.3,0.9,2.4,1.1,0.8,0.5,255278.2,1
217,228,6,0.2,0.5,0.3,0.6,1.1,0.2,0.5,1.3,0.6,0.4,0.3,139242.7,1
217,230,6,0.2,0.5,0.3,0.6,1.1,0.2,0.5,1.3,0.6,0.4,0.3,139242.7,1
217,231,3,0.1,0.3,0.2,0.3,0.5,0.1,0.3,0.6,0.3,0.2,0.1,69621.3,1
217,232,13,0.4,0.9,0.2,2.1,1.8,0.5,2.6,1.7,0.7,1,1.1,332206.4,1
217,235,5,0.1,0.3,0.1,0.8,0.7,0.2,1,0.7,0.3,0.4,0.4,127771.7,1
217,237,4,0.1,0.5,0.1,0.4,1,0,0.5,0.6,0.3,0.3,0.2,124587.5,1
217,246,3,0,0.4,0,0.3,0.5,0.1,0.7,0.6,0,0.3,0.1,70577.4,1
217,247,29,3,2,4,6,4,1,1,2,0,3,3,579344.5,0
217,248,1,0,0.1,0.1,0.2,0.1,0,0.1,0.1,0.1,0.2,0,23629.7,1
217,249,90.5,4.5,11,8,13,22,3,7,3,11,5,3,1697702.9,0
217,250,543.5,42,65.5,33.5,113,94,20,54,30,57.5,19,15,7976879.6,0
217,251,303.5,12.5,18,36.5,60,72,6,28,32,14.5,20,4,5569679.8,0
217,252,236,11,9,13,36,36,9,44,38,8,26,6,5466410.4,0
217,253,150.5,7,5.5,7,35,29,4,24,18,9,8,4,2878305.8,0
217,254,169.5,13,23,14,35,25,10,11,13,16.5,1,8,2095580.3,0
218,2,5,0.6,0.2,0,1.2,0.9,0.4,0.6,0.6,0.4,0.1,0,98271.2,1
218,3,8,0.9,0.4,0,1.9,1.4,0.6,0.9,0.9,0.7,0.3,0,157233.9,1
218,6,10,1.1,0.5,0,2.4,1.8,0.8,1.1,1.2,0.8,0.3,0,196542.4,1
218,7,2,0,0.4,0.1,0.2,0.5,0,0.2,0.2,0.3,0.1,0,38819.1,1
218,11,5,0.1,1,0.3,0.4,1.4,0.1,0.4,0.5,0.7,0.1,0,97047.6,1
218,21,4,0.1,0.4,0.3,0.4,0.9,0,0.6,0.6,0.3,0.3,0.1,77839.2,1
218,27,3,0.2,0.2,0.1,0.5,0.5,0.3,0.3,0.1,0.5,0.2,0.1,48692.8,1
218,28,17,1.3,1.3,0.4,2.6,3.1,1.7,1.8,0.9,2.6,0.9,0.4,275926,1
218,29,1,0.1,0.1,0,0.2,0.2,0.1,0.1,0,0.2,0,0,16230.9,1
218,35,3,0.1,0.2,0.3,0.3,0.8,0.1,0.8,0.3,0,0,0.1,59309.4,1
218,36,4,0.1,0.3,0.4,0.5,1.1,0.1,1.1,0.3,0,0,0.1,79079.2,1
218,38,2,0.2,0,0,0.4,0.2,0.1,0.3,0.3,0.3,0.2,0,38072.4,1
218,61,2,0.1,0.3,0.1,0.2,0.4,0.1,0.2,0.2,0.1,0.2,0.1,32093.4,1
218,62,2,0.2,0,0.1,0.4,0.4,0,0.2,0.4,0.2,0.1,0,42593.7,1
218,64,6,0.6,0.2,0.2,1.1,1.3,0.1,0.5,1.1,0.6,0.3,0,127781.1,1
218,65,6,0.6,0.2,0.2,1.1,1.3,0.1,0.5,1.1,0.6,0.3,0,127781.1,1
218,69,16,0.2,0.3,1.5,0.3,2.8,0,4.9,4.4,0.3,0.3,1,329279,1
218,70,4,0,0.1,0.4,0.1,0.7,0,1.2,1.1,0.1,0.1,0.2,82319.8,1
218,72,3,0.1,0.1,0.1,0.6,0.6,0.1,0.7,0.4,0.2,0,0.1,70956.2,1
218,78,2,0.1,0,0.1,0.4,0.4,0.1,0.4,0.3,0.1,0,0.1,47304.1,1
218,84,3,0.1,0.5,0.2,0.6,0.5,0.1,0.5,0.1,0.1,0.2,0.1,57728.4,1
218,91,20.5,0.8,3.3,1.1,4.2,3.4,0.3,3.4,0.9,0.8,1.4,0.9,394477.6,1
218,95,4,0.2,0.4,0.1,0.8,1,0.2,0.5,0.1,0.3,0.1,0.3,72100.4,1
218,99,1,0,0.1,0,0.2,0.3,0.1,0.1,0,0.1,0,0.1,18025.1,1
218,108,2,0.1,0.2,0.1,0.4,0.3,0.1,0.2,0.2,0.2,0.1,0.1,39509.6,1
218,114,2,0,0.3,0,0.3,0.7,0.1,0.3,0,0.1,0.1,0.1,43704.9,1
218,127,3,0,0.5,0.2,0.3,0.8,0.1,0.4,0.3,0.2,0.2,0,59843,1
218,137,6,0.7,0.3,0,0.5,1.4,0.2,1.2,0.8,0.7,0.2,0,136758.9,1
218,138,2,0.2,0.1,0,0.2,0.4,0.1,0.4,0.3,0.2,0.1,0,45586.3,1
218,140,2,0.2,0.1,0,0.2,0.4,0.1,0.4,0.3,0.2,0.1,0,45586.3,1
218,143,8,1,0.8,0,1.5,1.1,0.2,1.2,0.4,0.6,0.8,0.4,167759.1,1
218,146,6,0.7,0.6,0,1.2,0.9,0.1,0.9,0.3,0.4,0.6,0.3,125819.3,1
218,154,2,0.1,0.1,0,0.4,0.3,0.1,0.5,0.3,0.2,0,0,53964.5,1
218,159,1,0,0.1,0,0.2,0.2,0.1,0.2,0.1,0.1,0,0,26982.3,1
218,175,5,0.1,0.2,0.4,0.4,1.3,0,0.6,1.5,0.2,0,0.3,128443.2,1
218,176,2,0,0.1,0.2,0.2,0.5,0,0.2,0.6,0.1,0,0.1,51377.3,1
218,177,2,0,0.1,0.2,0.2,0.5,0,0.2,0.6,0.1,0,0.1,51377.3,1
218,186,49,5,3,4,11,6,2,5,4,6,3,0,1016811.5,0
218,187,24,1.6,2.3,2.8,3.9,5.4,0,3.1,1.3,2.5,0.8,0.3,539550.5,1
218,188,8,0.5,0.8,1,1.3,1.8,0,1,0.4,0.8,0.3,0.1,179850.2,1
218,194,11,0.6,0.6,0.6,1.9,2.1,0.4,0.7,2.9,0.4,0.6,0.2,257192.9,1
218,199,4,0.2,0.5,0.3,0.5,1.1,0.1,0.5,0.4,0.2,0.1,0.1,97346.4,1
218,200,27,1.4,3.6,1.7,3.2,7.6,0.4,3.5,3,1.6,0.3,0.7,657088,1
218,201,27,1.4,3.6,1.7,3.2,7.6,0.4,3.5,3,1.6,0.3,0.7,657088,1
218,202,3,0.1,0.1,0.1,0.8,0.5,0.2,0.3,0.4,0.2,0.2,0.1,70455.4,1
218,204,9,0.4,0.3,0.4,2.3,1.5,0.5,1.1,1.1,0.6,0.6,0.2,211366.3,1
218,209,2,0,0.2,0,0.1,0.4,0,0.5,0.6,0.1,0.1,0,40836.8,1
218,215,11,0.3,0.6,0.8,1.5,3.4,0.2,1.6,1,0.5,0.3,0.8,236595,1
218,219,68,0,6.5,5,5,16,1,8,17,5.5,3,1,2249414.3,0
218,220,84.5,2,14.5,8,8,28,2,6,3,6,0,7,2236035.6,0
218,221,11,0.2,1.2,0.2,0.7,1.4,0,2.3,3.1,0.5,0.7,0.7,340079.2,1
218,223,5,0.1,0.2,0.3,0.5,1.1,0.3,0.9,1,0.3,0.2,0.1,142489.1,1
218,224,9,0.1,0.4,0.7,0.9,1.9,0.5,1.5,1.8,0.5,0.4,0.3,256480.4,1
218,225,1,0,0,0.1,0.1,0.2,0.1,0.2,0.2,0.1,0,0,28497.8,1
218,226,5,0.1,0.2,0.3,0.5,1.1,0.3,0.9,1,0.3,0.2,0.1,142489.1,1
218,227,2,0.1,0.2,0.1,0.2,0.4,0,0.2,0.4,0.2,0.1,0.1,46414.2,1
218,228,10,0.3,0.9,0.5,1,1.8,0.2,0.9,2.2,1,0.7,0.5,232071.1,1
218,229,8,0.3,0.7,0.4,0.8,1.4,0.2,0.7,1.7,0.8,0.6,0.4,185656.9,1
218,231,2,0.1,0.2,0.1,0.2,0.4,0,0.2,0.4,0.2,0.1,0.1,46414.2,1
218,232,13,0.4,0.9,0.2,2.1,1.8,0.5,2.6,1.7,0.7,1,1.1,332206.4,1
218,233,13,0.4,0.9,0.2,2.1,1.8,0.5,2.6,1.7,0.7,1,1.1,332206.4,1
218,236,23,0.7,1.5,0.4,3.7,3.2,0.8,4.6,3,1.3,1.8,2,587749.8,1
218,237,13,0.3,1.7,0.5,1.2,3.4,0,1.5,2,1.1,0.8,0.5,404909.5,1
218,247,1,0,0.1,0.1,0.2,0.1,0,0.1,0.1,0.1,0.2,0,23629.7,1
218,248,6,0,0.6,0.3,1.1,0.6,0,0.8,0.9,0.3,1.4,0,141778,1
218,249,54,2,8,2,5,11,3,3,0,10,6,4,819943,0
218,250,284,18,19,20,84,38,7,43,34,5,11,5,6295221.3,0
218,251,188.5,5,15.5,16,20,32,2,25,22,9,40,2,3992677.2,0
218,252,199,7,23,6,32,34,7,25,20,15,27,3,4851730.8,0
218,253,220.5,19.5,18,26,53,31,8,17,24,16,5,3,3309729.6,0
218,254,93.5,3,6,3,24,13,7.5,9,16,9,3,0,1187524.2,0
219,2,11,1.2,0.5,0,2.7,2,0.9,1.2,1.2,0.9,0.4,0,216196.7,1
219,3,4,0.4,0.2,0,1,0.7,0.3,0.5,0.5,0.3,0.1,0,78617,1
219,15,1,0,0.1,0.1,0.1,0.2,0,0.1,0.2,0.1,0.1,0,19459.8,1
219,19,6,0.1,0.6,0.5,0.6,1.3,0,0.9,0.9,0.5,0.4,0.2,116758.8,1
219,20,1,0,0.1,0.1,0.1,0.2,0,0.1,0.2,0.1,0.1,0,19459.8,1
219,23,3,0.2,0.2,0.1,0.5,0.5,0.3,0.3,0.1,0.5,0.2,0.1,48692.8,1
219,28,3,0.2,0.2,0.1,0.5,0.5,0.3,0.3,0.1,0.5,0.2,0.1,48692.8,1
219,34,2,0,0.2,0.2,0.2,0.5,0.1,0.5,0.2,0,0,0.1,39539.6,1
219,65,2,0.2,0,0.1,0.4,0.4,0,0.2,0.4,0.2,0.1,0,42593.7,1
219,69,5,0.1,0.1,0.5,0.1,0.9,0,1.5,1.3,0.1,0.1,0.3,102899.7,1
219,71,2,0,0,0.2,0,0.4,0,0.6,0.6,0,0.1,0.1,41159.9,1
219,73,2,0.1,0,0.1,0.4,0.4,0.1,0.4,0.3,0.1,0,0.1,47304.1,1
219,76,2,0.1,0,0.1,0.4,0.4,0.1,0.4,0.3,0.1,0,0.1,47304.1,1
219,78,2,0.1,0,0.1,0.4,0.4,0.1,0.4,0.3,0.1,0,0.1,47304.1,1
219,79,5,0.2,0.1,0.2,0.9,1,0.2,1.1,0.7,0.4,0,0.2,118260.3,1
219,89,4,0.2,0.6,0.2,0.8,0.6,0,0.7,0.2,0.2,0.3,0.2,76971.2,1
219,111,9,0.4,0.7,0.4,1.8,1.5,0.4,1.1,1.1,0.9,0.5,0.2,177793.4,1
219,122,1,0,0.1,0.1,0.1,0.3,0,0.1,0.1,0.1,0.1,0,19947.7,1
219,142,3,0.4,0.3,0,0.6,0.4,0.1,0.4,0.1,0.2,0.3,0.2,62909.7,1
219,143,2,0.2,0.2,0,0.4,0.3,0.1,0.3,0.1,0.1,0.2,0.1,41939.8,1
219,154,3,0.1,0.2,0,0.6,0.5,0.2,0.7,0.4,0.3,0,0,80946.8,1
219,156,11,0.3,0.7,0,2.4,1.7,0.7,2.8,1.4,1,0,0,296805,1
219,167,2,0.1,0.1,0.2,0.4,0.5,0,0.4,0.1,0,0.1,0.1,50378.1,1
219,168,1,0,0.1,0.1,0.2,0.3,0,0.2,0.1,0,0,0,25189,1
219,180,3,0.1,0.1,0.2,0.2,0.8,0,0.4,0.9,0.1,0,0.2,77065.9,1
219,181,4,0.1,0.2,0.3,0.3,1,0,0.5,1.2,0.2,0,0.2,102754.5,1
219,186,47.5,4,3.5,2,12,3,3,8,10,2,0,0,1311912.7,0
219,187,36,3,4,0,5,6,1,3,9,5,0,0,977355.2,0
219,194,3,0.1,0.2,0.2,0.5,0.6,0.1,0.2,0.8,0.1,0.2,0,70143.5,1
219,200,3,0.2,0.4,0.2,0.4,0.8,0,0.4,0.3,0.2,0,0.1,73009.8,1
219,201,2,0.1,0.3,0.1,0.2,0.6,0,0.3,0.2,0.1,0,0.1,48673.2,1
219,210,1,0,0.1,0,0,0.2,0,0.3,0.3,0.1,0,0,20418.4,1
219,219,49,1,4,3,5,11,1,12,3,1,4,4,1398882.3,0
219,220,72,1,13,5,6,20,1,7,5,4,3,7,1802628.6,0
219,221,3,0.1,0.3,0.1,0.2,0.4,0,0.6,0.8,0.1,0.2,0.2,92748.9,1
219,225,9,0.1,0.4,0.7,0.9,1.9,0.5,1.5,1.8,0.5,0.4,0.3,256480.4,1
219,226,13,0.2,0.6,0.9,1.3,2.8,0.7,2.2,2.6,0.7,0.6,0.4,370471.7,1
219,227,13,0.4,1.2,0.7,1.3,2.3,0.3,1.1,2.9,1.3,0.9,0.6,301692.4,1
219,228,7,0.2,0.6,0.4,0.7,1.3,0.2,0.6,1.5,0.7,0.5,0.3,162449.8,1
219,229,7,0.2,0.6,0.4,0.7,1.3,0.2,0.6,1.5,0.7,0.5,0.3,162449.8,1
219,230,13,0.4,1.2,0.7,1.3,2.3,0.3,1.1,2.9,1.3,0.9,0.6,301692.4,1
219,231,5,0.2,0.4,0.3,0.5,0.9,0.1,0.4,1.1,0.5,0.4,0.2,116035.5,1
219,232,7,0.2,0.5,0.1,1.1,1,0.3,1.4,0.9,0.4,0.5,0.6,178880.4,1
219,233,1,0,0.1,0,0.2,0.1,0,0.2,0.1,0.1,0.1,0.1,25554.3,1
219,234,5,0.1,0.3,0.1,0.8,0.7,0.2,1,0.7,0.3,0.4,0.4,127771.7,1
219,235,15,0.5,1,0.2,2.4,2.1,0.5,3,2,0.8,1.2,1.3,383315.1,1
219,237,3.5,0.1,0.5,0.1,0.3,0.9,0,0.4,0.6,0.3,0.2,0.1,109014.1,1
219,248,10,0,0.9,0.5,1.9,1,0,1.4,1.4,0.5,2.4,0,236296.6,1
219,249,91,0,2,13,31,14,2,8,9,2,8,2,2085214.6,0
219,250,308,17,39,26,78,65,15,25,15,20,7,1,4945279.5,0
219,251,107,3,5,5,10,21,1,26,27,2,5,2,2559054.8,0
219,252,42,0,5,5,2,10,0,7,1,3,9,0,955693.6,0
219,253,371.5,45,23.5,39,93,67,10.5,50,16,22.5,5,0,4594936.3,0
219,254,11,0.2,1,0.4,1.7,0.7,0.2,2.4,2.2,1,0.7,0.5,302074.6,1
220,1,39,2,2,4,13,6,2,1,1,6,2,0,746510.4,0
220,2,15,1.7,0.7,0,3.6,2.7,1.2,1.7,1.7,1.2,0.5,0,294813.6,1
220,3,2,0.2,0.1,0,0.5,0.3,0.2,0.2,0.2,0.2,0.1,0,39308.5,1
220,14,1,0,0.1,0.1,0.1,0.2,0,0.1,0.2,0.1,0.1,0,19459.8,1
220,16,2,0,0.2,0.2,0.2,0.4,0,0.3,0.3,0.2,0.1,0.1,38919.6,1
220,17,2,0,0.2,0.2,0.2,0.4,0,0.3,0.3,0.2,0.1,0.1,38919.6,1
220,19,5,0.1,0.5,0.4,0.5,1.2,0,0.7,0.7,0.4,0.3,0.2,97299,1
220,34,2,0,0.2,0.2,0.2,0.5,0.1,0.5,0.2,0,0,0.1,39539.6,1
220,39,3,0.3,0,0,0.7,0.3,0.1,0.4,0.5,0.4,0.3,0,57108.7,1
220,42,2,0,0.3,0.1,0.3,0.2,0.1,0.2,0.5,0.2,0.1,0,36368.1,1
220,43,4,0,0.6,0.1,0.6,0.5,0.2,0.5,0.9,0.4,0.2,0,72736.3,1
220,45,2,0,0.3,0.1,0.3,0.2,0.1,0.2,0.5,0.2,0.1,0,36368.1,1
220,53,2,0,0.2,0.1,0,0.6,0.1,0.2,0.6,0.1,0.1,0,36365.6,1
220,54,3,0,0.3,0.2,0,0.9,0.1,0.3,0.9,0.2,0.1,0,54548.3,1
220,61,10,0.2,1.4,0.2,1.2,2.1,0.5,1,1.2,0.7,1,0.5,160466.8,1
220,63,5,0.5,0.1,0.2,0.9,1.1,0.1,0.4,0.9,0.5,0.3,0,106484.3,1
220,73,2,0.1,0,0.1,0.4,0.4,0.1,0.4,0.3,0.1,0,0.1,47304.1,1
220,78,24,0.8,0.6,0.9,4.6,4.8,0.9,5.4,3.4,1.7,0,0.9,567649.4,1
220,79,2,0.1,0,0.1,0.4,0.4,0.1,0.4,0.3,0.1,0,0.1,47304.1,1
220,82,3,0.1,0.5,0.2,0.6,0.5,0.1,0.5,0.1,0.1,0.2,0.1,57728.4,1
220,95,7,0.4,0.7,0.2,1.3,1.8,0.4,0.9,0.2,0.5,0.1,0.5,126175.7,1
220,105,5,0.2,0.4,0.2,1,0.9,0.2,0.6,0.6,0.5,0.3,0.1,98774.1,1
220,113,4,0.1,0.6,0.1,0.6,1.3,0.2,0.5,0.1,0.3,0.1,0.1,87409.8,1
220,119,6,0.1,1,0.1,0.9,2,0.4,0.7,0.1,0.4,0.2,0.1,131114.7,1
220,124,7,0,1.1,0.4,0.7,1.9,0.3,1,0.6,0.4,0.5,0.1,139633.6,1
220,125,4.5,0,0.7,0.3,0.5,1.2,0.2,0.6,0.4,0.2,0.3,0.1,89764.5,1
220,126,24,0,3.6,1.4,2.5,6.5,1.1,3.4,2.2,1.3,1.7,0.3,478743.8,1
220,127,11,0,1.7,0.6,1.2,3,0.5,1.5,1,0.6,0.8,0.1,219424.3,1
220,137,2,0.2,0.1,0,0.2,0.4,0.1,0.4,0.3,0.2,0.1,0,45586.3,1
220,142,2,0.2,0.2,0,0.4,0.3,0.1,0.3,0.1,0.1,0.2,0.1,41939.8,1
220,154,2,0.1,0.1,0,0.4,0.3,0.1,0.5,0.3,0.2,0,0,53964.5,1
220,156,7,0.2,0.4,0,1.5,1.1,0.4,1.8,0.9,0.7,0,0,188875.9,1
220,173,2,0,0.1,0.2,0.2,0.5,0,0.2,0.6,0.1,0,0.1,51377.3,1
220,174,2,0,0.1,0.2,0.2,0.5,0,0.2,0.6,0.1,0,0.1,51377.3,1
220,180,5,0.1,0.2,0.4,0.4,1.3,0,0.6,1.5,0.2,0,0.3,128443.2,1
220,181,6,0.1,0.3,0.4,0.5,1.5,0,0.8,1.8,0.3,0,0.3,154131.8,1
220,186,44,2,5.3,2.7,7.3,12,1.3,2.7,6.7,0.7,1.3,2,1006470.7,1
220,193,3,0.1,0.2,0.2,0.5,0.6,0.1,0.2,0.8,0.1,0.2,0,70143.5,1
220,195,2,0.1,0.1,0.1,0.4,0.4,0.1,0.1,0.5,0.1,0.1,0,46762.3,1
220,197,15,0.8,2,0.9,1.8,4.2,0.2,2,1.6,0.9,0.2,0.4,365048.9,1
220,198,24,1.3,3.2,1.5,2.9,6.8,0.4,3.1,2.6,1.4,0.2,0.6,584078.2,1
220,199,4,0.2,0.5,0.3,0.5,1.1,0.1,0.5,0.4,0.2,0.1,0.1,97346.4,1
220,201,2,0.1,0.3,0.1,0.2,0.6,0,0.3,0.2,0.1,0,0.1,48673.2,1
220,210,4,0,0.5,0.1,0.1,0.8,0,1,1.2,0.2,0.1,0,81673.7,1
220,215,1,0,0.1,0.1,0.1,0.3,0,0.2,0.1,0,0,0.1,21508.6,1
220,219,18,0.4,1.9,0.4,1.1,2.3,0,3.8,5,0.8,1.1,1.2,556493.3,1
220,220,83,2,11,3,3,19,0,18,16,5,2,4,2041804.7,0
220,221,5,0.1,0.5,0.1,0.3,0.7,0,1.1,1.4,0.2,0.3,0.3,154581.5,1
220,224,2,0,0.1,0.1,0.2,0.4,0.1,0.4,0.4,0.1,0.1,0.1,56995.7,1
220,225,4,0.1,0.2,0.3,0.4,0.8,0.2,0.7,0.8,0.2,0.2,0.1,113991.3,1
220,226,2,0,0.1,0.1,0.2,0.4,0.1,0.4,0.4,0.1,0.1,0.1,56995.7,1
220,227,4,0.1,0.4,0.2,0.4,0.7,0.1,0.3,0.9,0.4,0.3,0.2,92828.4,1
220,228,6,0.2,0.5,0.3,0.6,1.1,0.2,0.5,1.3,0.6,0.4,0.3,139242.7,1
220,230,5,0.2,0.4,0.3,0.5,0.9,0.1,0.4,1.1,0.5,0.4,0.2,116035.5,1
220,231,8,0.3,0.7,0.4,0.8,1.4,0.2,0.7,1.7,0.8,0.6,0.4,185656.9,1
220,233,35,1,1,2,7,6,2,4,6,2,4,0,783454.1,0
220,234,33,3,2,1,6,4,1,7,1,0,5,3,631254.1,0
220,235,3,0.1,0.2,0,0.5,0.4,0.1,0.6,0.4,0.2,0.2,0.3,76663,1
220,236,7,0.2,0.5,0.1,1.1,1,0.3,1.4,0.9,0.4,0.5,0.6,178880.4,1
220,237,8,0.2,1,0.3,0.7,2.1,0,0.9,1.3,0.7,0.5,0.3,249175,1
220,248,3,0,0.3,0.2,0.6,0.3,0,0.4,0.4,0.1,0.7,0,70889,1
220,249,156,7,17,17,26,26,2,21,21,6,7,6,3286978.2,0
220,250,404.5,19,24.5,55,120,57,12,46,27,24,13,7,7215069.9,0
220,251,159,8,21,15.5,30,32,5,18,11,14.5,3,1,2589508,0
220,252,202,12,21,12,36,41,4,25,23,18,9,1,2912333.9,0
220,253,154.5,18,15.5,15,35,17,5,16,12,15,5,1,2023636.3,0
221,0,11,0.5,0,1.5,1,2.5,0,2,1.5,0.5,1.5,0,245608.2,1
221,1,11,0.5,0,1.5,1,2.5,0,2,1.5,0.5,1.5,0,245608.2,1
221,19,2,0,0.2,0.2,0.2,0.4,0,0.3,0.3,0.2,0.1,0.1,38919.6,1
221,31,4,0.3,0.3,0.1,0.6,0.8,0.4,0.4,0.2,0.6,0.2,0.1,64923.8,1
221,37,1,0.1,0,0,0.2,0.1,0,0.2,0.2,0.1,0.1,0,19036.2,1
221,44,5,0,0.7,0.2,0.7,0.6,0.3,0.6,1.2,0.4,0.3,0,90920.4,1
221,45,4,0,0.6,0.1,0.6,0.5,0.2,0.5,0.9,0.4,0.2,0,72736.3,1
221,52,4,0,0.4,0.3,0,1.2,0.1,0.4,1.2,0.3,0.1,0,72731.1,1
221,54,3,0,0.3,0.2,0,0.9,0.1,0.3,0.9,0.2,0.1,0,54548.3,1
221,55,7,0,0.7,0.5,0,2.1,0.2,0.7,2.1,0.5,0.2,0,127279.4,1
221,60,4,0.1,0.5,0.1,0.5,0.8,0.2,0.4,0.5,0.3,0.4,0.2,64186.7,1
221,66,3,0.3,0.1,0.1,0.5,0.6,0.1,0.2,0.6,0.3,0.2,0,63890.6,1
221,75,5,0.2,0.1,0.2,0.9,1,0.2,1.1,0.7,0.4,0,0.2,118260.3,1
221,78,17,0.6,0.4,0.6,3.2,3.5,0.6,3.9,2.4,1.2,0,0.6,402085,1
221,79,6,0.2,0.2,0.2,1.1,1.2,0.2,1.4,0.9,0.4,0,0.2,141912.3,1
221,89,3,0.1,0.5,0.2,0.6,0.5,0.1,0.5,0.1,0.1,0.2,0.1,57728.4,1
221,92,3,0.1,0.3,0.1,0.6,0.8,0.2,0.4,0.1,0.2,0,0.2,54075.3,1
221,93,8,0.4,0.8,0.3,1.5,2,0.4,1.1,0.3,0.5,0.1,0.6,144200.8,1
221,94,5,0.2,0.5,0.2,0.9,1.3,0.3,0.7,0.2,0.3,0.1,0.3,90125.5,1
221,105,3,0.1,0.2,0.1,0.6,0.5,0.1,0.4,0.4,0.3,0.2,0.1,59264.5,1
221,119,17,0.3,2.8,0.3,2.5,5.7,1.1,2,0.3,1.1,0.6,0.3,371491.5,1
221,123,5,0,0.8,0.3,0.5,1.3,0.2,0.7,0.5,0.3,0.3,0.1,99738.3,1
221,124,5,0,0.8,0.3,0.5,1.3,0.2,0.7,0.5,0.3,0.3,0.1,99738.3,1
221,125,4,0,0.6,0.2,0.4,1.1,0.2,0.6,0.4,0.2,0.3,0,79790.6,1
221,126,10,0,1.5,0.6,1.1,2.7,0.5,1.4,0.9,0.5,0.7,0.1,199476.6,1
221,129,3,0,0.5,0.2,0.3,0.8,0.1,0.4,0.3,0.2,0.2,0,59843,1
221,135,2,0.2,0.1,0,0.2,0.4,0.1,0.4,0.3,0.2,0.1,0,45586.3,1
221,136,2,0.2,0.1,0,0.2,0.4,0.1,0.4,0.3,0.2,0.1,0,45586.3,1
221,147,6,0.4,0.7,0.6,1,1,0.5,1,0.5,0.3,0,0,123266.1,1
221,158,2,0.1,0.1,0,0.4,0.3,0.1,0.5,0.3,0.2,0,0,53964.5,1
221,168,6,0.3,0.4,0.5,1.1,1.6,0,1.1,0.4,0.2,0.2,0.2,151134.2,1
221,180,2,0,0.1,0.2,0.2,0.5,0,0.2,0.6,0.1,0,0.1,51377.3,1
221,181,2,0,0.1,0.2,0.2,0.5,0,0.2,0.6,0.1,0,0.1,51377.3,1
221,182,3,0.1,0.4,0.2,0.5,0.8,0.1,0.2,0.5,0,0.1,0.1,68623,1
221,183,5,0.2,0.6,0.3,0.8,1.4,0.1,0.3,0.8,0.1,0.2,0.2,114371.7,1
221,186,114,12,9,1,40,16,10,2,7,15,0,2,2783551.3,0
221,187,6,0.4,0.6,0.7,1,1.3,0,0.8,0.3,0.6,0.2,0.1,134887.6,1
221,188,8,0.5,0.8,1,1.3,1.8,0,1,0.4,0.8,0.3,0.1,179850.2,1
221,189,12,0.8,1.2,1.4,1.9,2.7,0,1.6,0.7,1.2,0.4,0.1,269775.3,1
221,190,5,0.3,0.5,0.6,0.8,1.1,0,0.6,0.3,0.5,0.2,0.1,112406.4,1
221,191,25,1.6,2.4,3,4.1,5.7,0,3.2,1.3,2.6,0.8,0.3,562031.8,1
221,192,6,0.3,0.3,0.3,1.1,1.2,0.2,0.4,1.6,0.2,0.3,0.1,140287,1
221,193,18,0.9,0.9,1,3.2,3.5,0.6,1.3,4.7,0.6,1,0.3,420861.1,1
221,194,4,0.2,0.2,0.2,0.7,0.8,0.1,0.3,1.1,0.1,0.2,0.1,93524.7,1
221,197,5,0.3,0.7,0.3,0.6,1.4,0.1,0.7,0.5,0.3,0,0.1,121683,1
221,198,27,1.4,3.6,1.7,3.2,7.6,0.4,3.5,3,1.6,0.3,0.7,657088,1
221,199,2,0.1,0.3,0.1,0.2,0.6,0,0.3,0.2,0.1,0,0.1,48673.2,1
221,200,22,1.2,2.9,1.4,2.6,6.2,0.3,2.9,2.4,1.3,0.2,0.6,535405,1
221,201,5.5,0.3,0.7,0.3,0.7,1.6,0.1,0.7,0.6,0.3,0.1,0.1,133851.3,1
221,212,7,0.2,0.4,0.5,0.9,2.2,0.1,1.1,0.6,0.3,0.2,0.5,150560.5,1
221,214,6,0.2,0.3,0.4,0.8,1.9,0.1,0.9,0.5,0.3,0.2,0.4,129051.8,1
221,215,12,0.3,0.6,0.9,1.6,3.7,0.2,1.8,1.1,0.5,0.4,0.9,258103.7,1
221,220,38,4,1,3,10,4,2,4,3,3,3,1,935836.3,0
221,221,28,1,0,3,7,5,2,2,3,2,3,0,710044.7,0
221,224,2,0,0.1,0.1,0.2,0.4,0.1,0.4,0.4,0.1,0.1,0.1,56995.7,1
221,225,2,0,0.1,0.1,0.2,0.4,0.1,0.4,0.4,0.1,0.1,0.1,56995.7,1
221,226,5,0.1,0.2,0.3,0.5,1.1,0.3,0.9,1,0.3,0.2,0.1,142489.1,1
221,228,9.5,0.3,0.8,0.5,1,1.7,0.2,0.8,2.1,1,0.7,0.4,220467.5,1
221,231,3,0.1,0.3,0.2,0.3,0.5,0.1,0.3,0.6,0.3,0.2,0.1,69621.3,1
221,232,5,0.1,0.3,0.1,0.8,0.7,0.2,1,0.7,0.3,0.4,0.4,127771.7,1
221,233,39,2,2,2,1,14,2,6,3,0,1,6,1128016,0
221,234,41.5,1,5.5,2,5,8,0,8,6,0,6,0,1016160.5,0
221,235,3,0.1,0.2,0,0.5,0.4,0.1,0.6,0.4,0.2,0.2,0.3,76663,1
221,236,16,0.5,1.1,0.2,2.6,2.2,0.6,3.2,2.1,0.9,1.2,1.4,408869.4,1
221,249,120,2,5,25,44,14,0,8,11,4,6,1,2550019.3,0
221,250,202,7,9,26,68,33,4,28,13,8,5,1,3499502.3,0
221,251,25,0,2,2,6,4,0,6,2,0,3,0,410905.4,0
221,252,157,14,14,9,34,34,7,15,12,14,4,0,2007016.7,0
221,253,18,0,1,2,2,5,0,4,1,1,2,0,222195.9,0
221,254,14,0.3,1.2,0.5,2.2,0.9,0.3,3.1,2.8,1.2,0.9,0.6,384458.6,1
221,255,167.5,3,8,2,15,19,0,18,65,3.5,34,0,5042347.9,0
222,0,1,0.1,0.1,0,0.2,0.1,0,0.1,0.2,0.1,0.1,0,21167.2,1
222,1,5,0.3,0.7,0.1,1,0.5,0.1,0.5,1,0.4,0.4,0,105836,1
222,20,3,0.1,0.3,0.3,0.3,0.7,0,0.4,0.4,0.2,0.2,0.1,58379.4,1
222,23,5,0,0.9,0.4,0.5,1.1,0.2,0.6,0.5,0.2,0.5,0.1,85585.3,1
222,30,2,0,0.4,0.1,0.2,0.4,0.1,0.2,0.2,0.1,0.2,0.1,34234.1,1
222,39,2,0,0.1,0.2,0.3,0.6,0,0.1,0.2,0.1,0.2,0.2,46489.9,1
222,40,4,0.1,0.2,0.3,0.6,1.3,0,0.1,0.5,0.1,0.4,0.4,92979.8,1
222,41,1,0,0.1,0.1,0.2,0.3,0,0,0.1,0,0.1,0.1,23244.9,1
222,50,3,0.3,0.2,0.1,0.8,0.5,0,0.5,0.2,0.3,0.1,0,64128.7,1
222,61,1,0,0.1,0.1,0.2,0.2,0,0.1,0.1,0.1,0.1,0,20385.5,1
222,64,2,0.1,0.1,0.1,0.3,0.5,0,0.2,0.2,0.2,0.2,0.1,40770.9,1
222,70,2,0.1,0.1,0.1,0.3,0.5,0,0.2,0.2,0.2,0.2,0.1,40770.9,1
222,78,20,0,2.4,1,1.7,4.4,0.3,6.1,1.4,1,1,0.7,394656.7,1
222,79,4,0,0.5,0.2,0.3,0.9,0.1,1.2,0.3,0.2,0.2,0.1,78931.3,1
222,81,1,0,0.1,0.1,0.1,0.2,0,0.3,0.1,0,0.1,0,19732.8,1
222,88,1,0,0.1,0.1,0.1,0.1,0,0.4,0.2,0,0,0,24138.6,1
222,94,6,0.2,0.4,0.4,0.9,2,0.2,1.5,0.4,0,0,0,115569.6,1
222,95,6,0.2,0.4,0.4,0.9,2,0.2,1.5,0.4,0,0,0,115569.6,1
222,108,2,0.1,0.2,0.1,0.3,0.3,0.1,0.2,0.5,0.1,0.1,0,44602,1
222,128,3,0.2,0.1,0.2,0.6,0.4,0.1,0.2,0.6,0.1,0.5,0,60681.5,1
222,132,2,0,0.3,0.1,0.2,0.5,0,0.4,0.2,0.1,0.1,0.1,49911.6,1
222,133,4,0,0.6,0.1,0.4,1.1,0.1,0.9,0.3,0.2,0.1,0.2,99823.2,1
222,152,6,0.3,0.4,0.3,1.7,0.6,0.3,0.6,0.6,0.3,0.6,0.3,130082.5,1
222,153,5,0.2,0.4,0.2,1.5,0.5,0.3,0.5,0.5,0.2,0.5,0.2,108402,1
222,158,1,0,0.3,0.1,0.1,0.3,0,0,0.1,0.1,0,0,20007,1
222,159,14,0,3.6,1.1,1.8,4.7,0,0.3,1.1,1.4,0,0,280097.8,1
222,182,56.5,3,4,1,8,7,1.5,21,6,3,2,0,1377952.5,0
222,183,72.5,4,6.5,2,10,12,3,14,13,5,0,3,1620824.8,0
222,184,34,0,0,0,0,0,0,4,6,0,24,0,623708.1,0
222,185,43,1,7,1,5,9,0,7,5,6,1,1,973760.7,0
222,186,97,2,14,3,15,20,3,17,6,7,5,5,2074306.5,0
222,187,151.5,10,16.5,7.5,31,29,6,26,9,8.5,3,5,3023224.8,0
222,188,35,4,2,0,8,3,1,0,14,2,1,0,713501.8,0
222,190,19,1.1,1.4,1.6,3.2,4.3,0.7,1.4,3.2,0.2,1.4,0.5,422880.2,1
222,191,11,0.7,0.8,0.9,1.8,2.5,0.4,0.8,1.9,0.1,0.8,0.3,244825.4,1
222,192,5,0.4,0.3,0.3,1.1,0.7,0.2,0.8,0.3,0.7,0,0.2,113495.2,1
222,194,5,0.4,0.3,0.3,1.1,0.7,0.2,0.8,0.3,0.7,0,0.2,113495.2,1
222,199,25,1.2,2.6,0.8,4.1,3.9,1.3,2.9,4.1,2.6,1,0.5,590398.3,1
222,200,32,3,2.5,3,8,10,1,3,0,1.5,0,0,841179.8,0
222,210,1,0.1,0.1,0,0.2,0.2,0,0.2,0.2,0,0,0,19187.4,1
222,211,2,0.1,0.3,0,0.3,0.5,0,0.3,0.4,0,0.1,0,38374.9,1
222,212,12,0,0.5,0.4,1.3,2.3,0.2,2.1,3.6,0.2,0.6,0.8,285747.8,1
222,213,5,0,0.2,0.2,0.6,0.9,0.1,0.9,1.5,0.1,0.2,0.3,119061.6,1
222,214,18,0,0.7,0.6,2,3.4,0.3,3.2,5.5,0.3,0.9,1.1,428621.8,1
222,215,25.5,1,4.5,1,4,10,0,1,3,0,1,0,625952.6,0
222,220,33,1,4,0,1,9,0,6,7,2,2,1,858285,0
222,221,74,2,6,7,4,21,0,21,5,1,1,6,2013420.9,0
222,222,18,0.4,1.2,1.3,2.6,4.1,0.3,2.1,3.1,1.2,0.4,1.3,458820.1,1
222,223,1,0,0.1,0.1,0.1,0.2,0,0.1,0.2,0.1,0,0.1,25490,1
222,224,8,0.2,0.5,0.6,1.2,1.8,0.1,0.9,1.4,0.5,0.2,0.6,203920.1,1
222,225,5,0.1,0.3,0.4,0.7,1.1,0.1,0.6,0.9,0.3,0.1,0.4,127450,1
222,226,7,0.1,0.5,0.5,1,1.6,0.1,0.8,1.2,0.5,0.2,0.5,178430.1,1
222,228,10,0.6,1,0.6,1.3,1.6,0.2,1.8,1.1,0.9,0.4,0.5,291054.8,1
222,229,9,0.5,1,0.5,1.1,1.5,0.1,1.6,1,0.8,0.4,0.5,261949.3,1
222,230,16,1,1.7,1,2,2.6,0.2,2.8,1.8,1.4,0.7,0.8,465687.7,1
222,231,51,1,11,1,1,16,1,10,3,5,0,2,1288900.7,0
222,232,34.5,2.2,3.4,1.9,3.7,6.7,0.7,0.8,9.8,2.2,2.3,0.8,812098.4,1
222,233,83,5,3,2,11,5,1,17,32,0,5,2,2287038.8,0
222,234,110,3,10,6,9,11,3,15,31,5,16,1,2312486.6,0
222,235,115,5,17,4,12,21,5,13,18,8,12,0,2172300,0
222,238,17,1.1,1.5,1.1,3,3.2,0.4,2.4,1.1,1.7,0.9,0.6,414069.5,1
222,239,4,0.2,0.4,0.2,0.7,0.8,0.1,0.6,0.3,0.4,0.2,0.1,97428.1,1
222,249,494.5,25,14,56,152,71,6.5,55,45,16,47,7,9922435.7,0
222,250,127,4,13,26,22,25,4,15,9,3,4,2,2714487.2,0
222,253,54,0,2,6,2,14,0,11,8,2,5,4,1715322.7,0
222,254,128.5,2,10,8,11,25,2,30,23,4.5,11,2,2708324.6,0
222,255,116.5,5,11.5,7,12,34,3,15,7,8,6,8,2943683.7,0
223,7,2,0,0.1,0.1,0.2,0.4,0.1,0.4,0.4,0.2,0.1,0,45637.1,1
223,8,2,0,0.1,0.1,0.2,0.4,0.1,0.4,0.4,0.2,0.1,0,45637.1,1
223,18,2,0,0.2,0.2,0.2,0.4,0,0.3,0.3,0.2,0.1,0.1,38919.6,1
223,26,3,0,0.6,0.2,0.3,0.6,0.1,0.4,0.3,0.1,0.3,0.1,51351.2,1
223,40,8,0.2,0.5,0.7,1.2,2.6,0,0.2,1,0.2,0.7,0.7,185959.6,1
223,51,4,0.4,0.3,0.1,1.1,0.6,0.1,0.7,0.2,0.4,0.1,0,85504.9,1
223,61,2,0.1,0.1,0.1,0.3,0.5,0,0.2,0.2,0.2,0.2,0.1,40770.9,1
223,67,4,0.2,0.2,0.2,0.7,0.9,0.1,0.4,0.4,0.4,0.4,0.1,81541.9,1
223,68,5,0.3,0.3,0.3,0.8,1.1,0.1,0.4,0.5,0.5,0.5,0.2,101927.4,1
223,78,38,3,4,2,14,5,3,4,1,2,0,0,809245.7,0
223,79,6,0,0.7,0.3,0.5,1.3,0.1,1.9,0.4,0.3,0.3,0.2,118397,1
223,82,5,0.1,0.6,0.3,0.8,0.9,0.2,0.8,0.7,0.3,0.2,0.1,110485.8,1
223,94,2,0.1,0.1,0.1,0.3,0.7,0.1,0.5,0.1,0,0,0,38523.2,1
223,95,4,0.1,0.2,0.3,0.6,1.4,0.1,1,0.3,0,0,0,77046.4,1
223,104,13,0.9,1.4,0.6,2,2,0.3,1.4,3.2,0.9,0.3,0,289913.1,1
223,105,2,0.1,0.2,0.1,0.3,0.3,0.1,0.2,0.5,0.1,0.1,0,44602,1
223,106,2,0.1,0.2,0.1,0.3,0.3,0.1,0.2,0.5,0.1,0.1,0,44602,1
223,118,4,0.2,0,0,0.9,0.5,0.2,0.3,1.1,0.7,0.1,0,77326.1,1
223,121,50,2,7,5,3,14,1,2,9,2,1,4,1107370.7,0
223,122,5,0.3,0.2,0.4,1,0.6,0.2,0.2,1,0.2,0.8,0.1,101135.8,1
223,126,12,0.7,0.5,0.9,2.3,1.5,0.4,0.6,2.5,0.5,1.9,0.2,242725.9,1
223,148,3,0.2,0.1,0.1,0.6,0.4,0.1,0.5,0.8,0.1,0.1,0,60916.3,1
223,150,15,0.9,0.2,0.7,3,2.1,0.7,2.5,3.7,0.5,0.7,0,304581.5,1
223,151,42,0,5,6,5,17,0,2,3,4,0,0,1139440.8,0
223,152,58.5,2,7,3,17,7,2,7,4,9.5,0,0,1390100.6,0
223,153,23.5,1.1,1.7,1.1,6.8,2.3,1.4,2.3,2.3,1.1,2.3,1.1,509489.6,1
223,156,5,0.2,0.4,0.2,1.5,0.5,0.3,0.5,0.5,0.2,0.5,0.2,108402,1
223,170,1,0,0.1,0.1,0.2,0.3,0,0.2,0.1,0,0,0,25189,1
223,171,1,0,0.1,0.1,0.2,0.3,0,0.2,0.1,0,0,0,25189,1
223,173,1,0.2,0.1,0,0.2,0.2,0,0.1,0.2,0,0,0,22239.4,1
223,175,8,1.3,0.7,0,1.6,1.8,0.2,0.5,1.3,0.4,0.2,0,177915.4,1
223,182,29,0,0,3,2,7,1,4,9,0,2,1,675974.8,0
223,183,86,4,9,5.5,9,27,3.5,9,10,3,1,5,2247392.9,0
223,184,115.5,8,8,10.5,33,19,6,9,6,6,8,2,2554390.8,0
223,185,62.5,4,7.5,2,13,20,2,4,3,3,3,1,1477915.2,0
223,186,40,3,1,3,6,11,0,9,5,1,1,0,843251.4,0
223,187,13,0.8,0.9,1.1,2.2,3,0.5,0.9,2.2,0.2,0.9,0.3,289339.1,1
223,188,9,0.5,0.6,0.8,1.5,2.1,0.3,0.7,1.5,0.1,0.7,0.2,200311.7,1
223,190,2,0.1,0.1,0.2,0.3,0.5,0.1,0.1,0.3,0,0.2,0.1,44513.7,1
223,191,6,0.4,0.4,0.5,1,1.4,0.2,0.4,1,0.1,0.4,0.2,133541.1,1
223,193,1,0.1,0.1,0.1,0.2,0.1,0,0.2,0.1,0.1,0,0,22699,1
223,198,5.5,0.3,0.6,0.2,0.9,0.8,0.3,0.6,0.9,0.6,0.2,0.1,129887.6,1
223,199,3,0.1,0.3,0.1,0.5,0.5,0.2,0.3,0.5,0.3,0.1,0.1,70847.8,1
223,200,6,0.3,0.6,0.2,1,0.9,0.3,0.7,1,0.6,0.3,0.1,141695.6,1
223,209,3,0.1,0.4,0,0.4,0.7,0.1,0.5,0.6,0.1,0.1,0,57562.3,1
223,210,12,0.6,1.7,0,1.7,2.8,0.3,2,2.3,0.3,0.3,0,230249.4,1
223,212,2,0,0.1,0.1,0.2,0.4,0,0.4,0.6,0,0.1,0.1,47624.6,1
223,214,5.5,0,0.2,0.2,0.6,1,0.1,1,1.7,0.1,0.3,0.3,130967.8,1
223,215,10,0,0.4,0.3,1.1,1.9,0.2,1.8,3,0.2,0.5,0.6,238123.2,1
223,220,45.5,1,8.5,1,5,16,0,8,2,2,0,2,883161.6,0
223,221,88,3,6,7,7,28,2,23,6,4,0,2,2241028.5,0
223,222,52,1,4,8,2,15,0,12,4,2,0,4,1051464.6,0
223,223,5,0.1,0.3,0.4,0.7,1.1,0.1,0.6,0.9,0.3,0.1,0.4,127450,1
223,224,9,0.2,0.6,0.7,1.3,2,0.1,1,1.6,0.6,0.2,0.7,229410.1,1
223,230,3,0.2,0.3,0.2,0.4,0.5,0,0.5,0.3,0.3,0.1,0.2,87316.4,1
223,231,9,0.5,1,0.5,1.1,1.5,0.1,1.6,1,0.8,0.4,0.5,261949.3,1
223,232,11.5,0.7,1.1,0.6,1.2,2.3,0.2,0.3,3.3,0.7,0.8,0.3,270699.5,1
223,233,107,1,4,3,9,16,2,7,36,3,21,5,2928856.7,0
223,234,66.5,4,2,2.5,8,9,1,11,22,3,4,0,1731718.2,0
223,235,90.5,5,3.5,3,12,8,4,5,26,6,16,2,2265605,0
223,236,127.5,2,11.5,3,16,18,2,23,29,4,17,2,3397265.2,0
223,237,26,0,1,0,1,4,0,8,8,0,4,0,776926.7,0
223,239,8,0.5,0.7,0.5,1.4,1.6,0.2,1.1,0.5,0.8,0.4,0.3,194856.2,1
223,249,33,0,3,3,8,5,1,4,4,2,1,2,664835,0
223,250,23,0,0,4,6,3,0,2,3,0,2,3,512016.7,0
223,251,72,4,3,2,13,12,1.5,11,17,1.5,7,0,1127145.9,0
223,252,12,0.4,0.4,0.8,1.2,3.3,0,1.3,0.8,1.7,2.1,0,300798.1,1
223,253,213,7,17,12,44,37,3,33,32,14,10,4,4657696.1,0
223,254,135.5,6,11.5,11,19,38,2,17,15,9,0,7,3364832.1,0
223,255,170,5,16,11,29,33,5,38,9,14,5,5,4355315,0
224,27,8,0,1.5,0.6,0.7,1.7,0.4,0.9,0.8,0.4,0.8,0.2,136936.6,1
224,51,4,0.4,0.3,0.1,1.1,0.6,0.1,0.7,0.2,0.4,0.1,0,85504.9,1
224,52,6,0.3,0.4,0.3,1,1.4,0.2,0.5,0.6,0.6,0.5,0.2,122312.8,1
224,62,6,0.3,0.4,0.3,1,1.4,0.2,0.5,0.6,0.6,0.5,0.2,122312.8,1
224,63,3,0.1,0.2,0.1,0.5,0.7,0.1,0.3,0.3,0.3,0.3,0.1,61156.4,1
224,70,8,0.4,0.5,0.4,1.3,1.9,0.2,0.7,0.8,0.8,0.7,0.3,163083.8,1
224,77,1,0,0.1,0.1,0.1,0.2,0,0.3,0.1,0,0.1,0,19732.8,1
224,78,11,0,1.3,0.6,0.9,2.4,0.2,3.3,0.7,0.6,0.6,0.4,217061.2,1
224,79,1,0,0.1,0.1,0.1,0.2,0,0.3,0.1,0,0.1,0,19732.8,1
224,90,3,0,0.4,0.2,0.4,0.3,0,1.2,0.4,0.1,0,0,72415.7,1
224,96,5,0.2,0.3,0.3,0.8,1.7,0.2,1.2,0.3,0,0,0,96308,1
224,97,2,0.1,0.1,0.1,0.3,0.7,0.1,0.5,0.1,0,0,0,38523.2,1
224,104,2,0.1,0.2,0.1,0.3,0.3,0.1,0.2,0.5,0.1,0.1,0,44602,1
224,108,3,0.2,0.3,0.1,0.5,0.5,0.1,0.3,0.7,0.2,0.1,0,66903,1
224,117,12,0.6,0,0,2.6,1.5,0.7,0.7,3.4,2.1,0.4,0,231978.3,1
224,118,11,0.5,0,0,2.4,1.4,0.7,0.7,3.1,1.9,0.3,0,212646.8,1
224,119,1,0,0,0,0.2,0.1,0.1,0.1,0.3,0.2,0,0,19331.5,1
224,121,4,0.2,0,0,0.9,0.5,0.2,0.3,1.1,0.7,0.1,0,77326.1,1
224,125,9,0.5,0.4,0.7,1.8,1.1,0.3,0.4,1.9,0.4,1.4,0.1,182044.4,1
224,126,19,1.2,0.8,1.4,3.7,2.3,0.7,0.9,4,0.8,3,0.2,384316,1
224,136,4,0,0.6,0.1,0.4,1.1,0.1,0.9,0.3,0.2,0.1,0.2,99823.2,1
224,137,5,0,0.7,0.1,0.5,1.4,0.1,1.1,0.4,0.3,0.1,0.3,124779,1
224,142,4,0.1,0.3,0.4,0.4,1.1,0.1,0.5,0.5,0.3,0.2,0.1,82026,1
224,143,1,0,0.1,0.1,0.1,0.3,0,0.1,0.1,0.1,0.1,0,20506.5,1
224,144,2,0.1,0.2,0.2,0.2,0.5,0.1,0.2,0.2,0.1,0.1,0.1,41013,1
224,146,1,0,0.1,0.1,0.1,0.3,0,0.1,0.1,0.1,0.1,0,20506.5,1
224,147,3,0.2,0.1,0.1,0.6,0.4,0.1,0.5,0.8,0.1,0.1,0,60916.3,1
224,149,10,0.6,0.1,0.5,2,1.4,0.4,1.7,2.5,0.3,0.5,0,203054.3,1
224,150,5,0.3,0.1,0.2,1,0.7,0.2,0.9,1.2,0.2,0.2,0,101527.2,1
224,151,45,2,4,0,4,9,2,10,3,6,4,1,935956.9,0
224,152,48,7,5,0,16,8,2,5,0,4,0,1,1182255,0
224,158,4,0,1,0.3,0.5,1.4,0,0.1,0.3,0.4,0,0,80028,1
224,173,17,2.7,1.5,0,3.5,3.9,0.4,1.1,2.7,0.8,0.4,0,378070.3,1
224,174,8,1.3,0.7,0,1.6,1.8,0.2,0.5,1.3,0.4,0.2,0,177915.4,1
224,180,3,0.4,0.1,0.1,0.8,0.4,0,0.2,0.7,0.2,0.1,0,63380.2,1
224,183,22,0.9,2.2,1.8,2.7,5.4,0.4,2.7,1.3,0.5,0.5,3.6,501302.7,1
224,184,25,1,2.6,2,3.1,6.1,0.5,3.1,1.5,0.5,0.5,4.1,569662.2,1
224,192,4.5,0.4,0.3,0.3,1,0.6,0.1,0.7,0.3,0.6,0,0.2,102145.7,1
224,198,4,0.2,0.4,0.1,0.7,0.6,0.2,0.4,0.7,0.4,0.2,0.1,94463.7,1
224,205,6,0.3,0,0.4,1.3,1,0.5,1.3,0.2,0.8,0.2,0,128803.4,1
224,209,1,0.1,0.1,0,0.2,0.2,0,0.2,0.2,0,0,0,19187.4,1
224,210,11,0.5,1.6,0,1.6,2.6,0.2,1.8,2.1,0.3,0.3,0,211061.9,1
224,215,10,0,0.4,0.3,1.1,1.9,0.2,1.8,3,0.2,0.5,0.6,238123.2,1
224,221,10,0.3,1.3,0.7,0.7,2.4,0.1,1.5,1.5,0.5,0.5,0.5,323766.1,1
224,222,36.5,7,0,3,13,7,0,2,3,1.5,0,0,775035.1,0
224,223,9,0.2,0.6,0.7,1.3,2,0.1,1,1.6,0.6,0.2,0.7,229410.1,1
224,224,6,0.1,0.4,0.4,0.9,1.4,0.1,0.7,1.1,0.4,0.1,0.4,152940,1
224,227,7,0.4,0.7,0.4,0.9,1.1,0.1,1.3,0.8,0.6,0.3,0.4,203738.3,1
224,229,25,1.5,2.6,1.5,3.1,4.1,0.4,4.4,2.8,2.2,1.1,1.3,727637,1
224,230,5,0.3,0.5,0.3,0.6,0.8,0.1,0.9,0.6,0.4,0.2,0.3,145527.4,1
224,231,11,0.6,1.1,0.6,1.4,1.8,0.2,2,1.2,1,0.5,0.6,320160.3,1
224,232,60,3,1,1,4,1,0,1,32,1,14,2,1617394,0
224,233,113,3.5,5,4,7,15,0.5,13,42,5,16,2,3078420.5,0
224,234,521,36,46.5,43,102,99,21,53,49,47.5,20,4,7271108.3,0
224,235,448.5,35,59,21,93,68,23,40,36,50.5,13,10,6334197.9,0
224,236,82,1,5,1,3,9,0.5,10,25,1.5,23,3,2115374.7,0
224,237,26,1.6,2.3,1.7,4.6,4.9,0.7,3.6,1.7,2.6,1.3,1,633282.8,1
224,238,13,0.8,1.2,0.8,2.3,2.5,0.3,1.8,0.8,1.3,0.7,0.5,316641.4,1
224,239,3,0.2,0.3,0.2,0.5,0.6,0.1,0.4,0.2,0.3,0.1,0.1,73071.1,1
224,240,5,0.3,0.4,0.3,0.9,1,0.1,0.7,0.3,0.5,0.3,0.2,121785.1,1
224,249,90,3,2,7,21,17,1,12,11,4,7,5,2048746.3,0
224,250,48.5,2,1,3,11,9,1,6,3,2.5,10,0,881242.4,0
224,251,179.5,15.5,16,10,44,25,10,24,13,20,1,1,2024659.1,0
224,252,117,10,18,6,30,11,5,16,8,11,2,0,1317009.7,0
224,253,216.5,14,21.5,14,35,43,7,30,24,10,11,7,4192883.4,0
224,254,78,5,6,6,26,11,1,7,9,2,5,0,1673157.5,0
224,255,143,7,9.5,10,22,29,5,13,18,11.5,14,4,2652355.3,0
225,2,2,0,0.1,0.1,0.2,0.4,0.1,0.4,0.4,0.2,0.1,0,45637.1,1
225,9,5,0.1,0.3,0.3,0.6,0.9,0.3,0.9,0.9,0.5,0.2,0,114092.8,1
225,10,2,0,0.1,0.1,0.2,0.4,0.1,0.4,0.4,0.2,0.1,0,45637.1,1
225,13,5,0.1,0.5,0.4,0.5,1.2,0,0.7,0.7,0.4,0.3,0.2,97299,1
225,30,2,0,0.4,0.1,0.2,0.4,0.1,0.2,0.2,0.1,0.2,0.1,34234.1,1
225,51,1,0.1,0.1,0,0.3,0.2,0,0.2,0,0.1,0,0,21376.2,1
225,73,3,0,0.4,0.1,0.3,0.7,0,0.9,0.2,0.1,0.2,0.1,59198.5,1
225,75,2,0,0.2,0.1,0.2,0.5,0,0.6,0.1,0.1,0.1,0.1,39465.7,1
225,76,4,0,0.5,0.2,0.3,0.9,0.1,1.2,0.3,0.2,0.2,0.1,78931.3,1
225,81,4,0,0.5,0.2,0.3,0.9,0.1,1.2,0.3,0.2,0.2,0.1,78931.3,1
225,82,4,0,0.5,0.3,0.6,0.7,0.1,0.7,0.6,0.2,0.2,0.1,88388.6,1
225,86,13,0.2,1.5,0.8,2,2.4,0.4,2.2,1.8,0.8,0.7,0.2,287263,1
225,87,10,0,1.2,0.6,1.3,0.9,0,4.1,1.6,0.3,0,0,241385.7,1
225,88,8,0,1,0.5,1,0.7,0,3.3,1.3,0.2,0,0,193108.5,1
225,89,2,0,0.2,0.1,0.3,0.2,0,0.8,0.3,0.1,0,0,48277.1,1
225,101,2,0.1,0.1,0.1,0.3,0.7,0.1,0.5,0.1,0,0,0,38523.2,1
225,106,1,0.1,0.1,0,0.2,0.2,0,0.1,0.2,0.1,0,0,22301,1
225,122,1,0.1,0,0.1,0.2,0.1,0,0.1,0.2,0,0.2,0,20227.2,1
225,126,2,0.1,0.1,0.2,0.4,0.2,0.1,0.1,0.4,0.1,0.3,0,40454.3,1
225,135,4,0,0.6,0.1,0.4,1.1,0.1,0.9,0.3,0.2,0.1,0.2,99823.2,1
225,138,2,0,0.3,0.1,0.2,0.5,0,0.4,0.2,0.1,0.1,0.1,49911.6,1
225,142,7,0.2,0.6,0.7,0.7,1.9,0.2,0.8,0.9,0.5,0.3,0.2,143545.5,1
225,148,4,0.2,0.1,0.2,0.8,0.5,0.2,0.7,1,0.1,0.2,0,81221.7,1
225,149,6,0.3,0.1,0.3,1.2,0.8,0.3,1,1.5,0.2,0.3,0,121832.6,1
225,150,22,0,2,1,1,4,0,5,7,0,0,2,473152.9,0
225,151,35,2,4,3,4,10,1,7,2,2,0,0,616453.3,0
225,152,2,0.1,0.1,0.1,0.6,0.2,0.1,0.2,0.2,0.1,0.2,0.1,43360.8,1
225,172,8,1.3,0.7,0,1.6,1.8,0.2,0.5,1.3,0.4,0.2,0,177915.4,1
225,178,5,0.8,0.1,0.1,1.3,0.8,0,0.3,1.2,0.3,0.1,0,105633.7,1
225,180,2,0.3,0,0.1,0.5,0.3,0,0.1,0.5,0.1,0.1,0,42253.5,1
225,181,7,1.1,0.1,0.1,1.8,1.1,0.1,0.5,1.7,0.4,0.1,0,147887.2,1
225,183,2,0.1,0.2,0.2,0.3,0.5,0,0.3,0.1,0,0,0.3,45573,1
225,189,2,0.1,0.1,0.2,0.3,0.5,0.1,0.1,0.3,0,0.2,0.1,44513.7,1
225,190,7,0.4,0.5,0.6,1.2,1.6,0.2,0.5,1.2,0.1,0.5,0.2,155798,1
225,198,24,1.1,2.5,0.8,4,3.7,1.2,2.7,4,2.5,1,0.5,566782.3,1
225,199,35,0,1,1,2,11,1,5,12,1,0,1,964675.1,0
225,204,21,1.1,0,1.5,4.3,3.6,1.8,4.4,0.7,2.9,0.7,0,450811.9,1
225,205,118,5,4,12,24,32,3,12,15,3,2,6,2417174.8,0
225,206,2,0.1,0,0.1,0.4,0.3,0.2,0.4,0.1,0.3,0.1,0,42934.5,1
225,210,3,0.1,0.4,0,0.4,0.7,0.1,0.5,0.6,0.1,0.1,0,57562.3,1
225,211,1,0.1,0.1,0,0.2,0.2,0,0.2,0.2,0,0,0,19187.4,1
225,219,17,0.4,2.3,1.2,1.3,4.2,0.2,2.5,2.5,0.8,0.8,0.8,550402.3,1
225,220,141.5,6.5,12,5,27,39,2.5,21,13,13.5,2,0,2595687.3,0
225,221,125,1,6,9,16,35,2,18,25,6,3,4,2574703,0
225,222,21,0.5,1.4,1.5,3.1,4.7,0.3,2.4,3.7,1.4,0.5,1.5,535290.2,1
225,223,18.5,0.4,1.2,1.3,2.7,4.2,0.3,2.2,3.2,1.3,0.4,1.3,471565.1,1
225,224,2,0,0.1,0.2,0.3,0.5,0,0.2,0.4,0.1,0,0.2,50980,1
225,225,3,0.1,0.2,0.2,0.4,0.7,0,0.4,0.5,0.2,0.1,0.2,76470,1
225,226,5,0.1,0.3,0.4,0.7,1.1,0.1,0.6,0.9,0.3,0.1,0.4,127450,1
225,228,19,0,0,0,0,0,0,5,7,0,7,0,472284,0
225,229,22,1.3,2.3,1.3,2.8,3.6,0.3,3.9,2.4,2,1,1.1,640320.5,1
225,230,5,0.3,0.5,0.3,0.6,0.8,0.1,0.9,0.6,0.4,0.2,0.3,145527.4,1
225,231,103,3,9,2,11,17,2,13,32,4,8,2,2402661.3,0
225,232,77,2,7,2,6,13,0,1,25,5,13,3,1800402,0
225,233,95,4,6,7,31,12,4,4,18,2,6,1,1807425.5,0
225,234,581.5,50,72,45,112,95,27,60,42,59.5,12,7,7775434.7,0
225,235,718.5,55,80.5,40,117,113,34,58,50,68,98,5,1.01288588E7,0
225,236,891,74,113.5,82,164,144,36,74,59,100.5,33,11,11775798,0
225,237,256.5,14.5,22.5,28.5,54,59,6,25,15,26,2,4,4126170,0
225,238,160.5,7,17.5,7,25,38,3,14,22,6,14,7,3901443.2,0
225,239,169.5,6,17.5,11,26,36,6,25,16,13,7,6,4168475.2,0
225,241,3,0.2,0.3,0.2,0.5,0.6,0.1,0.4,0.2,0.3,0.1,0.1,73071.1,1
225,242,8,0.3,0.5,0.6,2.9,0.9,0.1,1.1,1.3,0.1,0,0.2,225692.7,1
225,247,107,2,2,2,18,11,0.5,14,37,2.5,17,1,3056883.4,0
225,248,18,0,2,1,1,3,0,3,2,2,4,0,402751.4,0
225,249,306.5,17.5,23,30,75,58,7,27,22,21,19,7,5445091.6,0
225,250,168,6.5,19.5,11,38,38,3,20,15,10,6,1,3198504.9,0
225,251,83,4,2,9,23,22,2,10,5,2,1,3,1624072.3,0
225,252,17,0.6,0.6,1.2,1.7,4.7,0,1.8,1.2,2.3,2.9,0,426130.7,1
225,253,142,7,4,12,38,14,1,12,31,6,16,1,3053504.7,0
225,254,206,12,8,26,47,28,3,34,22,3,23,0,3712576.5,0
225,255,266.5,7,27,11,28,59,12,40,36,16.5,20,10,6083818.7,0
226,9,2,0,0.1,0.1,0.2,0.4,0.1,0.4,0.4,0.2,0.1,0,45637.1,1
226,10,5,0.1,0.3,0.3,0.6,0.9,0.3,0.9,0.9,0.5,0.2,0,114092.8,1
226,12,2,0,0.2,0.2,0.2,0.4,0,0.3,0.3,0.2,0.1,0.1,38919.6,1
226,29,2,0,0.4,0.1,0.2,0.4,0.1,0.2,0.2,0.1,0.2,0.1,34234.1,1
226,38,2,0,0.1,0.2,0.3,0.6,0,0.1,0.2,0.1,0.2,0.2,46489.9,1
226,57,2,0.1,0.1,0.1,0.3,0.5,0,0.2,0.2,0.2,0.2,0.1,40770.9,1
226,60,4,0.2,0.2,0.2,0.7,0.9,0.1,0.4,0.4,0.4,0.4,0.1,81541.9,1
226,65,8,0.4,0.5,0.4,1.3,1.9,0.2,0.7,0.8,0.8,0.7,0.3,163083.8,1
226,82,1,0,0.1,0.1,0.2,0.2,0,0.2,0.1,0.1,0,0,22097.2,1
226,83,9,0.1,1.1,0.6,1.4,1.6,0.3,1.5,1.3,0.5,0.5,0.1,198874.4,1
226,84,2,0,0.2,0.1,0.3,0.4,0.1,0.4,0.3,0.1,0.1,0,44194.3,1
226,85,15,0.2,1.8,1,2.3,2.7,0.5,2.5,2.1,0.9,0.8,0.2,331457.3,1
226,86,45,2,3,3,6,11,0,8,9,3,0,0,932311.7,0
226,87,71,3,10,7,8,25,2,4,1,6,2,3,1347360.8,0
226,88,4,0,0.5,0.3,0.5,0.4,0,1.6,0.6,0.1,0,0,96554.3,1
226,89,4,0,0.5,0.3,0.5,0.4,0,1.6,0.6,0.1,0,0,96554.3,1
226,100,1,0,0.1,0.1,0.2,0.3,0,0.2,0.1,0,0,0,19261.6,1
226,104,10,0.7,1.1,0.4,1.6,1.6,0.2,1.1,2.4,0.7,0.2,0,223010,1
226,110,3,0.2,0.3,0.1,0.5,0.5,0.1,0.3,0.7,0.2,0.1,0,66903,1
226,123,14,0.9,0.6,1,2.7,1.7,0.5,0.7,2.9,0.6,2.2,0.2,283180.2,1
226,130,3,0.2,0.1,0.2,0.6,0.4,0.1,0.2,0.6,0.1,0.5,0,60681.5,1
226,136,1,0,0.1,0,0.1,0.3,0,0.2,0.1,0.1,0,0.1,24955.8,1
226,137,15,0,2,0.4,1.6,4.1,0.4,3.3,1.2,0.8,0.4,0.8,374337.1,1
226,144,8,0.2,0.7,0.8,0.8,2.2,0.2,0.9,1,0.6,0.3,0.3,164052,1
226,149,5,0.3,0.1,0.2,1,0.7,0.2,0.9,1.2,0.2,0.2,0,101527.2,1
226,150,14,0.9,0.2,0.6,2.8,1.9,0.6,2.4,3.5,0.4,0.7,0,284276.1,1
226,151,23,0,2,3,5,5,0,4,3,1,0,0,445933.9,0
226,174,2,0.3,0.2,0,0.4,0.5,0,0.1,0.3,0.1,0.1,0,44478.9,1
226,178,4,0.6,0.1,0.1,1,0.6,0,0.3,1,0.2,0.1,0,84507,1
226,181,4,0.6,0.1,0.1,1,0.6,0,0.3,1,0.2,0.1,0,84507,1
226,189,9,0.5,0.6,0.8,1.5,2.1,0.3,0.7,1.5,0.1,0.7,0.2,200311.7,1
226,190,5,0.3,0.4,0.4,0.8,1.1,0.2,0.4,0.8,0.1,0.4,0.1,111284.3,1
226,199,27,1.2,2.8,0.8,4.5,4.2,1.4,3.1,4.5,2.8,1.1,0.6,637630.1,1
226,200,2,0.1,0.2,0.1,0.3,0.3,0.1,0.2,0.3,0.2,0.1,0.1,47231.9,1
226,205,83,5,4,9,25,13,2,9,9,1,5,1,1931120.7,0
226,206,35,1,3,2,3,9,0,7,4,0,5,1,533393.4,0
226,207,5,0.3,0.7,0,0.7,1.2,0.1,0.8,1,0.1,0.1,0,95937.2,1
226,208,1,0.1,0.1,0,0.2,0.2,0,0.2,0.2,0,0,0,19187.4,1
226,210,2,0.1,0.3,0,0.3,0.5,0,0.3,0.4,0,0.1,0,38374.9,1
226,219,14,0.3,1.9,1,1,3.4,0.2,2,2.1,0.7,0.7,0.7,453272.5,1
226,220,150.5,7,13,10,32,37,1,15,19,4.5,7,5,3430503,0
226,221,251.5,12,19,17,47,60,4,27,25,3.5,27,10,5062848.6,0
226,222,103,1,8,1,9,11,2,9,21,4,36,1,2498798.2,0
226,223,69.5,3,3.5,2,8,17,0.5,15,16,1.5,1,2,1572918.3,0
226,224,20,0.4,1.3,1.5,2.9,4.5,0.3,2.3,3.5,1.4,0.4,1.5,509800.1,1
226,227,2,0.1,0.2,0.1,0.3,0.3,0,0.4,0.2,0.2,0.1,0.1,58211,1
226,228,11,0.6,1.1,0.6,1.4,1.8,0.2,2,1.2,1,0.5,0.6,320160.3,1
226,230,61,1,1,0,8,6,0,25,17,1,0,2,1625124.7,0
226,231,175,4,8,5,19,20,2,31,57,12,14,3,4280358.1,0
226,232,478,17,8.5,35,125,76,6,78,81,7.5,37,7,8504296,0
226,234,456,31,58.5,31,77,76,17,51,43,49.5,18,4,5815919,0
226,235,596,58,65.5,39,107,93,31,62,57,61.5,19,3,7424554.7,0
226,236,897,90,120,52,171,154,57,72,48,106,16,11,1.12049903E7,0
226,237,73,3,2,3,14,11,3,12,11,2,8,4,1772842.1,0
226,238,183,8,14,9,23,51,5,32,20,4,5,12,4807616.9,0
226,239,205,6,20,15,32,43,4,15,36,10,15,9,5483665,0
226,240,36,2,6,2,7,7,1,3,3,0,4,1,1135568.7,0
226,241,36,4,1,1,14,3,3,0,4,5,0,1,1057955.7,0
226,243,81,3.1,4.7,6.3,29.1,9.4,0.8,11,13.4,1.6,0,1.6,2285138.7,1
226,244,14,0.6,0.8,1.1,5,1.6,0.1,1.9,2.3,0.3,0,0.3,394962.2,1
226,247,449,20,15.5,39,167,53,4,53,53,9.5,28,7,1.00133252E7,0
226,248,343,18,25.5,21.5,76,58,7.5,27,61,19.5,24,5,6531194.7,0
226,249,350.5,18,34.5,40,102,56,9,26,24,26,10,5,6656993.2,0
226,250,127,10,7,17,33,12,2,13,13,6,9,5,2937967.7,0
226,251,102,4,8,3,29,17,1,10,16,3,8,3,2758244.2,0
226,252,217,14,13,10,40,50,3,22,39,5,15,6,5002823.3,0
226,253,130,10,5,15,48,16,1,14,12,2,5,2,2661119.5,0
226,254,99.5,3,15.5,8,23,18,1,11,5,6,7,2,2309109.7,0
226,255,277.5,17,23,21,61,53,6,34,24,22.5,11,5,6018661.9,0
227,24,1,0,0.2,0.1,0.1,0.2,0,0.1,0.1,0.1,0.1,0,17117.1,1
227,25,4,0,0.7,0.3,0.4,0.8,0.2,0.5,0.4,0.2,0.4,0.1,68468.3,1
227,32,7,0.2,0.4,0.6,1.1,2.3,0,0.2,0.8,0.2,0.6,0.6,162714.6,1
227,33,2,0,0.1,0.2,0.3,0.6,0,0.1,0.2,0.1,0.2,0.2,46489.9,1
227,34,2,0,0.1,0.2,0.3,0.6,0,0.1,0.2,0.1,0.2,0.2,46489.9,1
227,37,1,0,0.1,0.1,0.2,0.3,0,0,0.1,0,0.1,0.1,23244.9,1
227,57,3,0.1,0.2,0.1,0.5,0.7,0.1,0.3,0.3,0.3,0.3,0.1,61156.4,1
227,59,1,0,0.1,0.1,0.2,0.2,0,0.1,0.1,0.1,0.1,0,20385.5,1
227,82,35,5,1,2,16,2,2,4,0,3,0,0,760824.1,0
227,83,27,2.7,1.3,0.5,9.2,2.2,1.1,1.9,3.8,3.5,0.8,0,608188.5,1
227,84,17,1.7,0.8,0.3,5.8,1.4,0.7,1.2,2.4,2.2,0.5,0,382933.5,1
227,85,91,7,10,4,13,14,3,16,15,5,3,1,1528074.6,0
227,86,28,1,5,1,2,6,1,6,3,0,3,0,551028.5,0
227,87,7,0.1,0.8,0.4,1.1,1.3,0.2,1.2,1,0.4,0.4,0.1,154680.1,1
227,103,2,0.1,0.2,0.1,0.3,0.3,0.1,0.2,0.5,0.1,0.1,0,44602,1
227,114,6,0.2,1.6,0.2,1.4,1.5,0,0.2,0.2,0.7,0,0,151888.1,1
227,123,14,0.9,0.6,1,2.7,1.7,0.5,0.7,2.9,0.6,2.2,0.2,283180.2,1
227,128,6,0.2,0.9,0.3,0.7,1.6,0.3,0.5,0.4,0.4,0.4,0.3,141461.1,1
227,136,7,0.6,0.3,0.5,1.4,1.3,0.1,0.5,1,0.5,0.7,0.1,166285.4,1
227,137,29,0.7,4,1,5.4,8.8,0.7,0.7,2,3.7,2,0,612898.4,1
227,141,3,0.1,0.4,0.1,0.5,0.9,0.1,0.1,0.2,0.4,0.2,0,63403.3,1
227,143,2,0.1,0.2,0.2,0.2,0.5,0.1,0.2,0.2,0.1,0.1,0.1,41013,1
227,144,2,0.1,0.2,0.2,0.2,0.5,0.1,0.2,0.2,0.1,0.1,0.1,41013,1
227,148,2,0.1,0.2,0.1,0.4,0.4,0,0.3,0.2,0.1,0.1,0.1,44938.6,1
227,149,16,1.1,1.4,1.1,2.8,3.3,0.2,2.4,1.7,0.8,0.9,0.3,359508.6,1
227,150,4,0.3,0.4,0.3,0.7,0.8,0,0.6,0.4,0.2,0.2,0.1,89877.2,1
227,151,5,0.3,0.4,0.4,0.9,1,0.1,0.7,0.5,0.3,0.3,0.1,112346.4,1
227,156,1,0,0.3,0.1,0.1,0.3,0,0,0.1,0.1,0,0,20007,1
227,168,1,0,0.1,0.1,0.2,0.3,0,0.2,0.1,0,0,0,25189,1
227,172,8,0.5,0.7,0.1,1.2,1.6,0.1,2,1,0.3,0.3,0.2,209010.1,1
227,173,11,0.7,0.9,0.1,1.7,2.2,0.1,2.8,1.4,0.4,0.4,0.3,287389,1
227,181,4,0.6,0.1,0.1,1,0.6,0,0.3,1,0.2,0.1,0,84507,1
227,182,3,0,0.5,0.1,0.4,0.9,0.1,0.5,0.2,0.2,0,0.1,65203.7,1
227,183,2,0,0.3,0.1,0.3,0.6,0.1,0.3,0.1,0.1,0,0.1,43469.1,1
227,186,4,0,0.6,0.2,0.6,1.1,0.1,0.6,0.3,0.3,0,0.2,86938.3,1
227,199,12,0.7,0.9,0.7,2.3,2.5,0.7,1.8,0.6,1.1,0.3,0.4,295549.4,1
227,205,26,0,1.2,3.1,3.1,3.1,0.6,9.3,1.9,2.5,0.6,0.6,755588.3,1
227,206,83,5,11,0,17,10,1,18,9,9,2,1,1948191.9,0
227,207,33,0,4,2,2,4,0,9,10,0,1,1,888608.1,0
227,208,14,0.2,1.6,0.4,1.9,3.1,0.2,2.1,2.7,1.2,0.6,0,317519.7,1
227,209,1,0,0.1,0,0.1,0.2,0,0.2,0.2,0.1,0.1,0,22680,1
227,210,5,0.1,0.6,0.1,0.7,1.1,0.1,0.7,1,0.4,0.2,0,113399.9,1
227,220,70,2,11,2,2,24,0.5,9,9,5.5,3,2,1770109.9,0
227,221,121,4,15,1,14,32,1,12,22,8,9,3,2905913.2,0
227,222,88.5,1,4.5,3,9,16,1,11,23,3,17,0,2131950.5,0
227,223,26,2,2,1,6,4,0,4,1,1,5,0,571359.6,0
227,224,22,0,2,0,4,3,0,9,2,0,0,2,450720.4,0
227,225,3,0,0.3,0.1,0,0.5,0,0.6,1,0,0.4,0.1,76973.7,1
227,226,19,0,1.7,0.5,0.4,3.2,0,3.6,6.4,0,2.4,0.8,487500.1,1
227,227,4,0.1,0.3,0.2,0.5,0.8,0.1,0.6,0.7,0.2,0.4,0.1,95528.4,1
227,230,36,2,5,1,4,6,1,11,5,0,0,1,1085591.3,0
227,231,109,2,5,3,6,15,1,12,50,4,8,3,2911192.8,0
227,232,28,0,2,3,1,5,0,0,13,0,4,0,705631.1,0
227,233,589,16.5,16,45.5,126,98,4,105,116,9,49,4,1.11004928E7,0
227,234,601.5,40.5,33.5,30,151,112,10,83,77,33.5,20,11,1.08559899E7,0
227,235,588,32,41.5,51,129,109,13,87,71,26.5,19,9,9767125.1,0
227,236,195,11,21,12,42,37,4,21,27,11,7,2,3342146.7,0
227,237,208,6.5,13.5,10,34,53,8,18,24,20,15,6,4953994.1,0
227,238,118,6,20,2,14,25,2,15,13,9,6,6,3225783.7,0
227,239,170.5,2,6.5,18,53,34,2,21,21,8,5,0,3835458.3,0
227,240,293,13,16,24,84,68,7,15,30,20,8,8,6496008.3,0
227,241,390,21,27,38,93,73,2,46,46,16,13,15,1.00062334E7,0
227,242,83.5,3,3.5,15,32,10,0,5,9,1,3,2,2203896.4,0
227,243,24,2.1,1.1,0,4.8,3.2,1.6,3.2,3.2,1.6,1.1,2.1,650200.4,1
227,244,278.5,25,25,19.5,42,50,4.5,44,26,22.5,12,8,5216382.9,0
227,245,118.5,3,3.5,8,29,23,2,13,19,6,8,4,2612128.2,0
227,246,21,1.9,0.9,0,4.2,2.8,1.4,2.8,2.8,1.4,0.9,1.9,568925.4,1
227,248,217.5,9,8,13,57,39,3,25,35,8.5,18,2,4547658.9,0
227,249,484,13,25.5,27,84,88,8.5,58,92,23,58,7,8874775.6,0
227,250,429,17,35.5,30.5,88,69,6,40,75,18,42,8,9172013.5,0
227,251,325.5,5,5.5,30,114,43,2,36,43,8,28,11,7455381.7,0
227,252,216,7,14.5,30,75,33,2,13,22,4.5,10,5,4630785.3,0
227,253,408,21.5,35,43.5,112,77,10,26,41,21,12,9,7823506.9,0
227,254,212,8,13.5,11,35,47,10,23,28,8.5,22,6,4911260.6,0
227,255,205,10,14.5,13,35,44,3.5,32,26,14,9,4,5032568.1,0
228,3,3,0.1,0.2,0.2,0.4,0.5,0.2,0.5,0.5,0.3,0.1,0,68455.7,1
228,6,3,0.1,0.2,0.2,0.4,0.5,0.2,0.5,0.5,0.3,0.1,0,68455.7,1
228,12,12,0.2,1.2,1,1.2,2.7,0,1.7,1.8,1,0.8,0.4,233517.7,1
228,19,5,0.1,0.5,0.4,0.5,1.2,0,0.7,0.7,0.4,0.3,0.2,97299,1
228,25,1,0,0.2,0.1,0.1,0.2,0,0.1,0.1,0.1,0.1,0,17117.1,1
228,35,5,0.2,0.3,0.4,0.7,1.6,0,0.2,0.6,0.2,0.4,0.4,116224.7,1
228,50,5,0.4,0.4,0.1,1.4,0.8,0.1,0.8,0.3,0.5,0.2,0,106881.2,1
228,82,4,0.4,0.2,0.1,1.4,0.3,0.1,0.3,0.6,0.5,0.1,0,90102,1
228,83,30,3,1.5,0.6,10.2,2.4,1.2,2.1,4.2,3.9,0.9,0,675765,1
228,84,92,6,11,11,25,16,4,5,2,11,0,1,1779544.4,0
228,85,41,0,6,3,2,9,0,7,4,0,9,1,659315.5,0
228,86,65,4,4,4,14,13,2,8,1,8,5,2,1280860.2,0
228,87,2,0,0.2,0.1,0.3,0.4,0.1,0.4,0.3,0.1,0.1,0,44194.3,1
228,96,2,0.1,0.2,0,0.4,0.3,0.1,0.2,0.2,0.2,0.3,0,31267.7,1
228,131,4,0.1,0.6,0.2,0.5,1,0.2,0.3,0.3,0.3,0.3,0.2,94307.4,1
228,135,12,1,0.6,0.8,2.4,2.2,0.2,0.8,1.8,0.8,1.2,0.2,285060.7,1
228,136,15,1.2,0.7,1,3,2.8,0.2,1,2.3,1,1.5,0.3,356325.9,1
228,137,4,0.1,0.6,0.1,0.7,1.2,0.1,0.1,0.3,0.5,0.3,0,84537.7,1
228,140,2,0,0.3,0.1,0.4,0.6,0,0.1,0.1,0.3,0.1,0,42268.9,1
228,144,7,0.2,0.6,0.7,0.7,1.9,0.2,0.8,0.9,0.5,0.3,0.2,143545.5,1
228,145,4,0.1,0.3,0.4,0.4,1.1,0.1,0.5,0.5,0.3,0.2,0.1,82026,1
228,147,11,0.8,1,0.8,1.9,2.3,0.1,1.6,1.2,0.5,0.6,0.2,247162.2,1
228,148,17,1.2,1.5,1.2,3,3.5,0.2,2.5,1.8,0.8,1,0.3,381977.9,1
228,149,20,0,4,1,1,7,0,3,4,0,0,0,335737.7,0
228,156,4,0,1,0.3,0.5,1.4,0,0.1,0.3,0.4,0,0,80028,1
228,157,1,0,0.3,0.1,0.1,0.3,0,0,0.1,0.1,0,0,20007,1
228,172,4,0.2,0.3,0.1,0.6,0.8,0.1,1,0.5,0.1,0.2,0.1,104505.1,1
228,173,34,0,5,0,3,9,0,7,4,5,0,1,900297.2,0
228,178,4,0.6,0.1,0.1,1,0.6,0,0.3,1,0.2,0.1,0,84507,1
228,182,7,0.1,1,0.3,1,1.9,0.2,1.1,0.5,0.5,0.1,0.3,152142,1
228,183,2,0,0.3,0.1,0.3,0.6,0.1,0.3,0.1,0.1,0,0.1,43469.1,1
228,185,3,0,0.5,0.1,0.4,0.9,0.1,0.5,0.2,0.2,0,0.1,65203.7,1
228,186,5,0,0.7,0.2,0.7,1.4,0.2,0.8,0.4,0.4,0,0.2,108672.9,1
228,187,2,0,0.3,0.1,0.3,0.6,0.1,0.3,0.1,0.1,0,0.1,43469.1,1
228,192,3,0.2,0.2,0.2,0.7,0.4,0.1,0.5,0.2,0.4,0,0.1,68097.1,1
228,200,15,0.8,1.1,0.9,2.8,3.1,0.9,2.3,0.7,1.4,0.4,0.6,369436.8,1
228,201,7,0.4,0.5,0.4,1.3,1.4,0.4,1.1,0.3,0.7,0.2,0.3,172403.8,1
228,204,3,0,0.1,0.3,0.3,0.4,0.1,1.1,0.2,0.3,0.1,0.1,87183.3,1
228,205,105.5,11,6.5,11.5,28,23,3,3,6,8.5,3,2,2510994.8,0
228,206,58,7,1,1,13,10,1,4,10,5,4,2,1451132.8,0
228,207,86,6,7,4,13,17,2,15,13,4,3,2,1992548.3,0
228,208,13,0.2,1.5,0.4,1.7,2.9,0.2,1.9,2.5,1.1,0.6,0,294839.7,1
228,209,11,0.2,1.3,0.3,1.4,2.4,0.2,1.6,2.1,1,0.5,0,249479.7,1
228,220,5,0.2,0.4,0.4,0.4,1,0,0.5,1.3,0.3,0.2,0.3,116545.5,1
228,221,72.5,3.2,6.1,5.7,5.7,15.4,0,7.3,18.6,4,2.4,4.1,1689909.7,1
228,222,98,1,1,2,10,8,0,12,40,2,19,3,2533517.5,0
228,223,14,0,1.2,0.4,0.3,2.4,0,2.6,4.7,0,1.8,0.6,359210.6,1
228,224,5,0,0.5,0.1,0.1,0.8,0,1,1.7,0,0.6,0.2,128289.5,1
228,225,46,0,9,2,2,10,0,8,7,1,3,4,1090300.2,0
228,226,8,0,0.7,0.2,0.2,1.4,0,1.5,2.7,0,1,0.3,205263.2,1
228,227,7,0.1,0.6,0.4,0.9,1.3,0.2,1,1.2,0.4,0.7,0.2,167174.7,1
228,232,826,84.5,123,52,177,124,42,69,52,88,8,6.5,10185480,0
228,233,567.5,33.5,45,34.5,91,91,27.5,82,77,55,29,2,8733931.9,0
228,234,369,14,22,9,65,64,10,48,70,31,34,2,7389128.7,0
228,235,420,12,8,66,116,63,5.5,65,46,6.5,29,3,7642340.7,0
228,236,55,1,2,1,5,6,1,10,17,2,10,0,1373350,0
228,237,385,22,28.5,21.5,66,72,14,56,60,19,17,9,7768904,0
228,238,23,1,1,1,2,6,0,7,2,2,1,0,724776.2,0
228,239,75,3,6,5,19,16,1,6,9,5,1,4,1906381.2,0
228,240,178,5.5,16,16,56,25,2,18,14,11.5,7,7,4632971.8,0
228,241,391.5,19,31,14,92,91,7,39,44,25.5,11,18,1.02734239E7,0
228,242,359.5,15.5,23.5,22,77,69,5,35,49,19.5,28,16,8792990.9,0
228,244,448,12,21.5,29,133,80,7.5,39,64,15,39,8,1.04795847E7,0
228,245,262,7,14,27,76,39,6.5,23,26,8.5,28,7,6343327.6,0
228,246,270.5,5,26.5,17,56,47,5,35,42,9,22,6,6949631.8,0
228,248,172,3,5,6,48,25,1.5,18,33,2.5,28,2,4912931,0
228,249,336,3,5,16,47,31,1,34,91,4,103,1,8414074.9,0
228,250,318,9,9.5,59,119,39,5,28,22,6.5,17,4,6887875,0
228,251,154.5,3,6.5,29,45,26,2,12,8,2,8,13,3261273.4,0
228,252,260.5,8.5,18,25.5,66,47,6,31,16,15.5,17,10,5867320.6,0
228,253,216.5,8,18.5,13,41,48,3,29,22,15,10,9,4948702.4,0
228,254,221,6.5,13,22,65,31,4,21,26,9.5,19,4,4840500,0
228,255,187,6,3,29,68,24,4,21,14,4,13,1,3796255,0
229,2,1,0,0.1,0.1,0.1,0.2,0,0.2,0.2,0.1,0,0,22818.6,1
229,25,4,0,0.7,0.3,0.4,0.8,0.2,0.5,0.4,0.2,0.4,0.1,68468.3,1
229,42,13,1.2,1,0.2,3.6,2.2,0.2,2.2,0.7,1.2,0.5,0,277891,1
229,43,10,0.9,0.7,0.2,2.8,1.7,0.2,1.7,0.5,0.9,0.4,0,213762.3,1
229,55,3,0.1,0.2,0.1,0.5,0.7,0.1,0.3,0.3,0.3,0.3,0.1,61156.4,1
229,56,2,0.1,0.1,0.1,0.3,0.5,0,0.2,0.2,0.2,0.2,0.1,40770.9,1
229,63,4,0.2,0.2,0.2,0.7,0.9,0.1,0.4,0.4,0.4,0.4,0.1,81541.9,1
229,68,4,0.2,0.2,0.2,0.7,0.9,0.1,0.4,0.4,0.4,0.4,0.1,81541.9,1
229,74,2,0,0.2,0.1,0.2,0.5,0,0.6,0.1,0.1,0.1,0.1,39465.7,1
229,84,22,2.2,1.1,0.4,7.5,1.8,0.9,1.5,3.1,2.8,0.7,0,495561,1
229,85,51,0,6,3,7,9,1,4,6,4,9,2,899055.7,0
229,87,9,0.1,1.1,0.6,1.4,1.6,0.3,1.5,1.3,0.5,0.5,0.1,198874.4,1
229,88,3,0,0.4,0.2,0.5,0.5,0.1,0.5,0.4,0.2,0.2,0,66291.5,1
229,89,7,0.1,0.8,0.4,1.1,1.3,0.2,1.2,1,0.4,0.4,0.1,154680.1,1
229,98,2,0.1,0.1,0.1,0.3,0.7,0.1,0.5,0.1,0,0,0,38523.2,1
229,121,5,0.2,1.3,0.2,1.2,1.2,0,0.2,0.2,0.5,0,0,126573.4,1
229,130,10,0.3,1.6,0.4,1.1,2.6,0.6,0.9,0.7,0.7,0.7,0.4,235768.5,1
229,135,10,0.8,0.5,0.7,2,1.8,0.2,0.7,1.5,0.6,1,0.2,237550.6,1
229,143,8,0.2,0.7,0.8,0.8,2.2,0.2,0.9,1,0.6,0.3,0.3,164052,1
229,144,2,0.1,0.2,0.2,0.2,0.5,0.1,0.2,0.2,0.1,0.1,0.1,41013,1
229,145,7,0.2,0.6,0.7,0.7,1.9,0.2,0.8,0.9,0.5,0.3,0.2,143545.5,1
229,146,34,1,2.8,3.5,3.5,9.4,1,3.8,4.2,2.4,1.4,1,697221.2,1
229,147,21,1.4,1.9,1.5,3.7,4.3,0.2,3.1,2.3,1,1.2,0.4,471855.1,1
229,148,37,2,1,4,11,6,1,2,5,2,3,0,720101.8,0
229,149,25,0,1,2,0,3,1,8,9,1,0,0,448951.9,0
229,150,3,0.2,0.3,0.2,0.5,0.6,0,0.4,0.3,0.2,0.2,0.1,67407.9,1
229,175,7,0.4,0.6,0.1,1.1,1.4,0.1,1.7,0.9,0.2,0.3,0.2,182883.9,1
229,176,2,0.1,0.2,0,0.3,0.4,0,0.5,0.3,0.1,0.1,0,52252.5,1
229,185,10,0.1,1.5,0.4,1.4,2.8,0.3,1.6,0.7,0.7,0.1,0.4,217345.7,1
229,187,4,0,0.6,0.2,0.6,1.1,0.1,0.6,0.3,0.3,0,0.2,86938.3,1
229,191,2,0,0.3,0.1,0.3,0.6,0.1,0.3,0.1,0.1,0,0.1,43469.1,1
229,205,38,2,2,0,5,5,1,11,8,0,3,1,1184554.6,0
229,206,76.5,1.5,2,4,5,8,2,9,28,1,15,1,1821580.4,0
229,207,83.5,3,8.5,5,10,15,2,11,13,6,9,1,1834382.7,0
229,208,10,0.1,1.2,0.3,1.3,2.2,0.2,1.5,1.9,0.9,0.4,0,226799.8,1
229,221,5,0.2,0.4,0.4,0.4,1,0,0.5,1.3,0.3,0.2,0.3,116545.5,1
229,222,98,3,2,3,6,12,2,11,40,5,12,2,2573888.1,0
229,223,22,0,2,0.6,0.4,3.7,0,4.2,7.4,0,2.8,0.9,564473.8,1
229,224,47,0,2,0,2,5,0,24,7,1,4,2,1374344.9,0
229,225,49.5,3,1,0,7,3,0,26,7,0.5,0,2,1533658.2,0
229,228,5,0.1,0.4,0.3,0.6,1,0.1,0.7,0.9,0.3,0.5,0.1,119410.5,1
229,229,15,0.3,1.3,0.9,1.9,2.8,0.3,2.2,2.5,0.9,1.6,0.3,358231.5,1
229,230,7,0.1,0.6,0.4,0.9,1.3,0.2,1,1.2,0.4,0.7,0.2,167174.7,1
229,232,106,1,13,4,8,27,1,20,20,4,1,7,2368121.4,0
229,233,156,2,3,8,18,25,2,32,39,3,21,3,3662309.6,0
229,234,208,12.5,21.5,12,46,35,6.5,26,15,15.5,17,1,3467608.4,0
229,235,117,1,4,19,33,14,0.5,19,15,2.5,5,4,2592842.3,0
229,236,9,0.2,0.7,0.2,1,1.9,0,1.2,2.6,0.5,0.5,0.2,240697.1,1
229,237,378.5,10,23.5,26,52,43,4,56,95,4,60,5,7859948.5,0
229,238,364,7,14,11,44,46,2,50,94,11,82,3,8324188.6,0
229,239,129.5,3,20,12,18,26,6,19,7,9.5,6,3,2472187.9,0
229,240,527.5,34.5,50,34.5,152,87,13.5,33,45,39,24,15,1.05975899E7,0
229,241,341.5,26,16.5,32,121,52,8,23,24,21,12,6,6898238.7,0
229,242,282,14,12,18,85,52,2.5,26,23,9.5,35,5,7218478.5,0
229,243,139,4,7,12,44,34,4,12,10,4,6,2,3377192.2,0
229,244,293.5,10.5,24,24,68,58,3,29,31,19,18,9,7503894.9,0
229,245,317.5,19,8.5,17,108,42,5,35,40,10,28,5,7429014.4,0
229,246,80,1,1,9,27,8,6,4,10,5,9,0,2086855.7,0
229,247,14,0.3,1,1.6,3.9,2.5,0,1.4,1.4,1.1,0.8,0,337874.5,1
229,248,132.5,1,9.5,15,45,21,1,11,15,2,6,6,3114445.8,0
229,249,305.5,12,11,44,110,47,4,22,33,8.5,9,5,6826834.6,0
229,250,187,6,12.5,24,40,34,4,18,28,2.5,9,9,4446189.7,0
229,251,251.5,11,17.5,21,59,42,4,34,21,20,12,10,6295956.2,0
229,252,182,9,17.5,20,48,32,1,15,17,5.5,13,4,4597545.6,0
229,253,129,12,12,5,31,17,3,18,14,3,13,1,3145135.6,0
229,254,48.5,1,4.5,2,5,9,0.5,11,3,3.5,4,5,1330173.4,0
229,255,226.5,16,13,30,55,42,10,17,19,13.5,3,8,3939294.5,0
230,19,3,0.1,0.3,0.3,0.3,0.7,0,0.4,0.4,0.2,0.2,0.1,58379.4,1
230,47,12,1.1,0.9,0.2,3.3,2,0.2,2,0.7,1.1,0.5,0,256514.8,1
230,48,1,0.1,0.1,0,0.3,0.2,0,0.2,0,0.1,0,0,21376.2,1
230,68,6,0.3,0.4,0.3,1,1.4,0.2,0.5,0.6,0.6,0.5,0.2,122312.8,1
230,71,3,0.1,0.2,0.1,0.5,0.7,0.1,0.3,0.3,0.3,0.3,0.1,61156.4,1
230,95,4,0.2,0.5,0,0.8,0.6,0.1,0.5,0.5,0.3,0.5,0,62535.3,1
230,96,2,0.1,0.2,0,0.4,0.3,0.1,0.2,0.2,0.2,0.3,0,31267.7,1
230,97,2,0.1,0.1,0.1,0.3,0.7,0.1,0.5,0.1,0,0,0,38523.2,1
230,103,5,0.3,0.6,0.2,0.8,0.8,0.1,0.6,1.2,0.3,0.1,0,111505,1
230,116,4,0.1,1.1,0.1,0.9,1,0,0.2,0.2,0.4,0,0,101258.7,1
230,130,5,0.1,0.8,0.2,0.6,1.3,0.3,0.4,0.4,0.3,0.4,0.2,117884.2,1
230,131,45,1.3,7.1,1.9,5.1,11.6,2.6,3.9,3.2,3.2,3.2,1.9,1060958.2,1
230,135,10,0.8,0.5,0.7,2,1.8,0.2,0.7,1.5,0.6,1,0.2,237550.6,1
230,141,5,0.1,0.7,0.2,0.9,1.5,0.1,0.1,0.4,0.6,0.4,0,105672.1,1
230,145,7,0.2,0.6,0.7,0.7,1.9,0.2,0.8,0.9,0.5,0.3,0.2,143545.5,1
230,146,24.5,0,2,0,4,3,0.5,4,7,1,2,1,500865.3,0
230,147,83,7,7,4,24,18,2,10,5,5,1,0,1749427.1,0
230,148,30,1,4,1,6,8,2,3,4,0,1,0,530970,0
230,151,10,0.7,0.9,0.7,1.7,2,0.1,1.5,1.1,0.5,0.6,0.2,224692.9,1
230,152,9,0,2.3,0.7,1.2,3,0,0.2,0.7,0.9,0,0,180062.9,1
230,174,11,0.7,0.9,0.1,1.7,2.2,0.1,2.8,1.4,0.4,0.4,0.3,287389,1
230,175,28,4,0,0,1,6,0,9,4,0,0,4,760136.2,0
230,179,3,0.4,0.1,0.1,0.8,0.4,0,0.2,0.7,0.2,0.1,0,63380.2,1
230,188,1.5,0,0.2,0.1,0.2,0.4,0.1,0.2,0.1,0.1,0,0.1,32601.9,1
230,192,7,0.6,0.5,0.5,1.6,0.9,0.2,1.1,0.5,0.9,0,0.2,158893.3,1
230,199,11,0.6,0.8,0.6,2.1,2.3,0.6,1.7,0.5,1.1,0.3,0.4,270920.3,1
230,200,23,1.3,1.7,1.3,4.3,4.8,1.3,3.5,1.1,2.2,0.6,0.9,566469.7,1
230,201,15,0.8,1.1,0.9,2.8,3.1,0.9,2.3,0.7,1.4,0.4,0.6,369436.8,1
230,204,9,0,0.4,1.1,1.1,1.1,0.2,3.2,0.6,0.9,0.2,0.2,261549.8,1
230,205,52.5,3,0,0.5,10,1,0,8,15,7,6,2,1391528.1,0
230,206,119.5,4,9.5,4.5,18,16,2,21,35,4.5,4,1,2909900.6,0
230,207,105,7,10,2,20,12,3,16,18,9,4,4,2377781.3,0
230,208,3,0,0.4,0.1,0.4,0.7,0,0.4,0.6,0.3,0.1,0,68039.9,1
230,209,2,0,0.2,0.1,0.3,0.4,0,0.3,0.4,0.2,0.1,0,45360,1
230,216,11,0.5,0,1,1,1.5,0,5.1,1.6,0.3,0,0,235107,1
230,222,5,0,0.5,0.1,0.1,0.8,0,1,1.7,0,0.6,0.2,128289.5,1
230,223,5,0,0.5,0.1,0.1,0.8,0,1,1.7,0,0.6,0.2,128289.5,1
230,224,4,0,0.3,0.1,0.1,0.7,0,0.8,1.3,0,0.5,0.2,102631.6,1
230,225,2,0,0.2,0.1,0,0.3,0,0.4,0.7,0,0.2,0.1,51315.8,1
230,229,3,0,0.2,0.2,0.4,0.6,0.1,0.4,0.5,0.2,0.3,0.1,71646.3,1
230,232,29,0.8,2.3,0.8,3,6.1,0,3.8,8.4,1.5,1.5,0.8,775579.6,1
230,233,120,2,13,10,11,17,1,17,39,5,5,0,2960234.9,0
230,234,165,7,10,3,24,28,2,31,34,9,8,9,3810652.2,0
230,235,73,2,8,6,7,8,2,16,15,3,6,0,2083522.5,0
230,236,123.5,5,13.5,8,23,22,4,12,18,7,6,5,3065014.5,0
230,237,67,2,8,13,15,14,1,3,5,2,2,2,1264410.7,0
230,238,219.5,7,18.5,13,40,42,4,24,28,11,28,4,4996048.3,0
230,239,238,10,25,8,43,45,5,36,25,6,16,19,5915997.9,0
230,240,482.5,21,41.5,31.5,119,94,10,51,48,31.5,13,22,1.24815676E7,0
230,241,487,23.5,23,42,140,66,12,50,63,18.5,43,6,1.10438183E7,0
230,242,220,4,9.5,15,39,27,2,24,53,3.5,40,3,5993550.2,0
230,243,112,3,4,12,35,16,1,11,16,7,6,1,3153746.6,0
230,244,347,19,22.5,34,90,58,3,29,36,12.5,31,12,7831974.6,0
230,245,268,8,21.5,22,65,50,4.5,23,25,9,26,14,6664922.7,0
230,246,198,4,8,25,53,29,2,24,29,2,18,4,4709056,0
230,247,231.5,8,14,13,62,41,1.5,25,38,9,15,5,5745166.7,0
230,248,35,0,0,4,17,7,0,7,0,0,0,0,506704,0
230,249,55.5,1,2,1,14,7,0.5,8,17,2,3,0,1397817.7,0
230,250,58,2,3,4,18,14,1,3,5,2,4,2,1280397.9,0
230,251,83,3,3,10,26,13,2,8,5,3,9,1,1872253.1,0
230,252,9,0.6,1.5,0.4,1.1,2,0.3,1.6,0.8,0.3,0.4,0,196343.7,1
230,254,4,0.2,0.7,0.2,0.5,0.9,0.1,0.7,0.4,0.1,0.2,0,87263.9,1
230,255,22,1.4,3.8,1,2.7,4.8,0.7,3.8,2.1,0.7,1,0,479951.3,1
231,6,4,0.1,0.3,0.3,0.5,0.7,0.2,0.7,0.7,0.4,0.1,0,91274.2,1
231,8,2,0,0.1,0.1,0.2,0.4,0.1,0.4,0.4,0.2,0.1,0,45637.1,1
231,22,5,0,0.9,0.4,0.5,1.1,0.2,0.6,0.5,0.2,0.5,0.1,85585.3,1
231,30,3,0,0.6,0.2,0.3,0.6,0.1,0.4,0.3,0.1,0.3,0.1,51351.2,1
231,31,2,0,0.4,0.1,0.2,0.4,0.1,0.2,0.2,0.1,0.2,0.1,34234.1,1
231,46,1,0.1,0.1,0,0.3,0.2,0,0.2,0,0.1,0,0,21376.2,1
231,94,10,0.6,1.2,0,2,1.6,0.2,1.2,1.2,0.8,1.2,0,156338.3,1
231,95,7,0.4,0.8,0,1.4,1.1,0.1,0.8,0.9,0.6,0.9,0,109436.8,1
231,114,18,0.6,4.8,0.6,4.2,4.5,0,0.7,0.7,1.9,0,0,455664.3,1
231,115,3,0.1,0.8,0.1,0.7,0.8,0,0.1,0.1,0.3,0,0,75944.1,1
231,116,39,4,3,1,8,11,2,1,2,5,0,2,786595.6,0
231,117,13,0.4,3.5,0.5,3,3.2,0,0.5,0.5,1.4,0,0,329090.9,1
231,119,4,0.1,1.1,0.1,0.9,1,0,0.2,0.2,0.4,0,0,101258.7,1
231,120,3,0.1,0.8,0.1,0.7,0.8,0,0.1,0.1,0.3,0,0,75944.1,1
231,130,93.5,0,19.5,8,18,24,3,6,4,9,1,1,1750971.8,0
231,131,93,3,20,8,9,25,2,8,3,11,2,2,1633419.1,0
231,132,38,4,3,1,11,6,0,3,5,5,0,0,647001.3,0
231,136,6,0.5,0.3,0.4,1.2,1.1,0.1,0.4,0.9,0.4,0.6,0.1,142530.4,1
231,146,2,0.1,0.2,0.2,0.2,0.5,0.1,0.2,0.2,0.1,0.1,0.1,41013,1
231,147,40.5,2,7.5,0,8,8,4,2,3,3,3,0,811946.9,0
231,148,46,2,9,1,6,13,0,5,7,3,0,0,944357.7,0
231,149,66,4,7,2,18,11,3,6,2,10,2,1,1224627,0
231,150,8,0.5,0.7,0.5,1.4,1.6,0.1,1.2,0.9,0.4,0.5,0.2,179754.3,1
231,151,5,0.3,0.4,0.4,0.9,1,0.1,0.7,0.5,0.3,0.3,0.1,112346.4,1
231,154,5,0,1.3,0.4,0.6,1.7,0,0.1,0.4,0.5,0,0,100034.9,1
231,174,24,1.4,2,0.3,3.7,4.8,0.3,6,3.1,0.9,0.9,0.6,627030.4,1
231,175,15,0.9,1.2,0.2,2.3,3,0.2,3.8,2,0.5,0.5,0.4,391894,1
231,176,2,0.1,0.2,0,0.3,0.4,0,0.5,0.3,0.1,0.1,0,52252.5,1
231,180,8,1.2,0.2,0.2,2.1,1.2,0.1,0.5,1.9,0.4,0.2,0,169014,1
231,181,2,0.3,0,0.1,0.5,0.3,0,0.1,0.5,0.1,0.1,0,42253.5,1
231,182,11,0.1,1.6,0.4,1.6,3.1,0.3,1.8,0.8,0.8,0.1,0.4,239080.3,1
231,183,6,0.1,0.9,0.2,0.8,1.7,0.2,1,0.4,0.4,0.1,0.2,130407.4,1
231,186,16,0.2,2.3,0.6,2.3,4.5,0.5,2.6,1.1,1.1,0.2,0.6,347753.2,1
231,187,21,0.2,3.1,0.8,3,5.9,0.6,3.4,1.5,1.5,0.2,0.8,456426.1,1
231,195,5,0.4,0.3,0.3,1.1,0.7,0.2,0.8,0.3,0.7,0,0.2,113495.2,1
231,199,19,0,0,0,0,2,0,5,10,0,2,0,484654.1,0
231,200,78,5,3,5,13,20,3,11,8,6,3,1,1954219.2,0
231,201,23,1.3,1.7,1.3,4.3,4.8,1.3,3.5,1.1,2.2,0.6,0.9,566469.7,1
231,202,4,0,0.2,0.4,0.5,0.5,0.1,1.4,0.3,0.4,0.1,0.1,116244.4,1
231,204,36,3,1,1,6,5,1,9,5,2,0,3,923042.3,0
231,205,62,0,8,2,1,12,0,14,16,2,2,5,1664558.3,0
231,206,64.5,2,3.5,2,9,9,1,12,19,1,5,1,1775027.3,0
231,207,81,0,5,1,8,10,0,21,20,7,8,1,2117950.1,0
231,208,9,0.1,1.1,0.3,1.2,2,0.1,1.3,1.7,0.8,0.4,0,204119.8,1
231,216,10.5,0.5,0,1,1,1.4,0,4.9,1.5,0.2,0,0,224420.4,1
231,217,7,0.3,0.6,0.5,0.6,1.5,0,0.7,1.8,0.4,0.2,0.4,163163.7,1
231,224,6,0,0.5,0.2,0.1,1,0,1.1,2,0,0.8,0.3,153947.4,1
231,225,2,0,0.2,0.1,0,0.3,0,0.4,0.7,0,0.2,0.1,51315.8,1
231,228,1,0,0.1,0.1,0.1,0.2,0,0.1,0.2,0.1,0.1,0,23882.1,1
231,230,6,0.1,0.5,0.4,0.8,1.1,0.1,0.9,1,0.4,0.6,0.1,143292.6,1
231,234,113,2,12,1,11,21,3,15,26,5,10,7,2827655.3,0
231,235,108.5,2.5,8.5,9,7,21,0,12,17,7.5,22,2,2795269.5,0
231,236,340.5,28,47,20,68.5,49,14,31,31,23,26,3,5401518.6,0
231,237,372.5,21,28.5,27,72,75,8,46,47,24,15,9,5968106.9,0
231,238,311.5,20,22,19.5,64,62,4.5,29,42,11.5,20,17,7520041.4,0
231,239,297.5,8,24,16.5,49,57,6,43,36,14,32,12,8273491,0
231,240,256,14,19,8,39,70,8.5,17,35,22.5,6,17,7669408.2,0
231,241,542.5,23.5,29.5,40,128,88,5.5,68,60,21,63,16,1.33166082E7,0
231,242,236.5,6,3,13.5,46,25,2,19,49,5,63,5,6513901.6,0
231,243,231.5,9,16.5,30,62,45,1.5,17,18,14.5,12,6,5701634,0
231,244,293.5,11,12.5,20,67,44,2,23,59,5,46,4,7593971.5,0
231,245,155,11,7,21,49,35,4,7,9,7,1,4,3909397.4,0
231,246,343.5,10,19.5,45,108,62,7,30,31,11,10,10,8458087.2,0
231,247,269,6,16.5,26,93,47,3,25,19,10.5,19,4,6068014.3,0
231,248,467.5,17,23,77.5,138,69,7,42,40,14,26,14,8933900.2,0
231,249,169,8,3.5,12,87,20,0,5,20,7.5,6,0,4181657.2,0
231,251,36.5,0.7,2.5,4.4,10.1,6.5,0,3.6,3.6,2.9,2.2,0,880887,1
232,7,9,0.2,1.3,0.3,1.3,2.6,0.3,0.5,1.4,0.6,0.5,0,182714.8,1
232,8,6,0.1,0.9,0.2,0.9,1.7,0.2,0.3,1,0.4,0.3,0,121809.9,1
232,9,2,0,0.3,0.1,0.3,0.6,0.1,0.1,0.3,0.1,0.1,0,40603.3,1
232,33,3,0,0.3,0.2,0.6,0.6,0,0.4,0.5,0,0.3,0.1,50434.4,1
232,39,9,0,1,0.5,1.8,1.8,0,1.3,1.5,0,0.8,0.3,151303.2,1
232,47,1,0,0.1,0,0.1,0.2,0,0.1,0.2,0.1,0.2,0,15740.9,1
232,54,1,0,0,0,0.2,0.2,0,0.3,0.1,0.2,0,0,23449.7,1
232,67,8,0.2,1.1,0.4,1.1,2.2,0.6,0.7,0.9,0.2,0.4,0.2,169362.1,1
232,69,4,0.1,0.6,0.2,0.6,1.1,0.3,0.3,0.4,0.1,0.2,0.1,84681,1
232,81,4,0.4,0.4,0.2,0.9,0.8,0.2,0.5,0.3,0.3,0,0,73617.4,1
232,82,2,0,0.4,0.1,0.2,0.6,0,0.3,0.1,0.2,0.1,0,39803.2,1
232,102,4,0.1,0.6,0.4,0.8,1.1,0,0.5,0.3,0,0.1,0.1,77850.3,1
232,112,19,1.2,3.2,0.8,2.3,4.7,0.9,1.5,1.8,1.7,0.6,0.3,453767.3,1
232,113,28,1.8,4.7,1.1,3.4,6.9,1.3,2.2,2.7,2.5,0.9,0.5,668709.7,1
232,114,16,1,2.7,0.6,1.9,4,0.8,1.3,1.5,1.4,0.5,0.3,382119.8,1
232,115,24,1.5,4,1,2.9,5.9,1.2,1.9,2.3,2.1,0.8,0.4,573179.7,1
232,116,25,0,2,1,5,4,2,6,1,1,1,2,467069.6,0
232,117,35.5,1,3.5,1,8,7,0,5,3,7,0,0,730128,0
232,118,10,0.4,0.6,1,2.5,1.7,0.2,0.6,1.8,0.4,0.8,0,222149.1,1
232,127,7,0.4,0.7,0.3,1.6,0.9,0.1,0.9,0.9,0.7,0.4,0.1,148201.2,1
232,129,57,6,3,1,22,5,5,0,0,15,0,0,1141790,0
232,130,103,9,19.5,1,27,22,5,6,4,9.5,0,0,2096342.1,0
232,131,55.5,1,7,5,9,14,1,7,4,4.5,1,2,1289868.7,0
232,132,20,0.2,2.4,1.4,2.1,4.1,0.3,4.5,2.8,1.2,0.7,0.3,406766.3,1
232,143,5,0.4,0.3,0.3,0.9,0.9,0.1,0.8,0.8,0.2,0.2,0.1,116170.8,1
232,148,21,2.8,2.1,1.1,4,3.2,0.3,3.2,0.8,1.6,1.6,0.3,439863,1
232,149,27.5,3.7,2.8,1.4,5.3,4.2,0.3,4.2,1.1,2.1,2.1,0.3,576011,1
232,150,2,0.3,0.2,0.1,0.4,0.3,0,0.3,0.1,0.1,0.2,0,41891.7,1
232,154,7,0.1,0.4,0.4,1.2,1.9,0.4,0.7,0.8,1.1,0,0,163867.4,1
232,155,1,0,0.1,0.1,0.2,0.3,0,0.1,0.1,0.1,0,0,23409.6,1
232,173,10,0.5,0.8,0.8,0.6,1.7,0,2.4,1.9,0.6,0.5,0.2,240468.3,1
232,174,27,1.3,2.2,2.2,1.7,4.7,0,6.4,5.1,1.7,1.3,0.4,649264.4,1
232,178,6,0.1,0.3,0.4,0.6,1.6,0.2,1.1,1.1,0,0,0.6,148258.7,1
232,180,2,0,0.1,0.1,0.2,0.5,0.1,0.4,0.4,0,0,0.2,49419.6,1
232,181,39,0.4,2.2,2.9,3.6,10.2,1.5,7.3,7.3,0,0,3.6,963681.6,1
232,182,19,0.3,1.1,1.1,1.3,3.4,0,4.5,5,0.5,0.5,1.3,465987,1
232,186,13,0.2,0.7,0.7,0.9,2.3,0,3.1,3.4,0.4,0.4,0.9,318833.2,1
232,187,28,0,2,2,0,4,0,9,9,0,2,0,812411.4,0
232,188,21,1.2,2,1.5,2.1,5.2,0.3,3.9,2.7,0.6,0.3,1.2,496546.1,1
232,189,15.5,0.9,1.5,1.1,1.6,3.8,0.2,2.9,2,0.4,0.2,0.9,366498.3,1
232,193,2,0.1,0.1,0.2,0.3,0.4,0.1,0.3,0.4,0,0.1,0,54684,1
232,196,1,0,0.1,0.1,0.1,0.2,0.1,0.2,0.2,0,0,0,27342,1
232,199,2,0.2,0.1,0.1,0.3,0.3,0.1,0.2,0.4,0.1,0.2,0,49389.2,1
232,200,21,1.8,1.2,0.7,3.2,3.5,0.5,2.3,4.4,1.1,2.3,0,518586.7,1
232,201,10,0.9,0.6,0.3,1.5,1.6,0.2,1.1,2.1,0.6,1.1,0,246946,1
232,202,2,0,0.2,0.3,0.1,0.4,0,0.2,0.5,0,0.3,0,45737.2,1
232,203,13,0,1.4,1.8,0.3,2.8,0,1.1,3.5,0,2.1,0,297291.8,1
232,204,52.5,0,5.5,8,4,15,0,9,4,1,3,3,1111181.8,0
232,205,96,4,16,8,13,26,2,12,3,6,2,4,2188991.3,0
232,206,26,0,0,1,3,10,0,11,0,0,1,0,538044.5,0
232,207,61,6,1,2,14,8,1,8,16,3,1,1,1464334.6,0
232,208,32,0.7,4,0,3.3,6.6,0,6.7,7.3,2,0.7,0.7,861696.3,1
232,212,6,0.3,0.3,0.2,0.7,1.2,0,0.9,1.6,0.4,0.3,0.1,146315.9,1
232,216,2,0.1,0.1,0.1,0.3,0.4,0,0.3,0.5,0.1,0.1,0,48772,1
232,217,19,1,1.5,1,2.1,3.1,0,2.1,5.1,0.5,2.1,0.5,567970.3,1
232,219,1,0,0.1,0.1,0.1,0.2,0,0.1,0.3,0,0.1,0,29893.2,1
232,228,12,0.1,1.2,0.8,0.6,2.7,0,2,3.2,0.3,0.1,1,366225,1
232,230,4,0,0.4,0.3,0.2,0.9,0,0.7,1.1,0.1,0,0.3,122075,1
232,231,3,0,0.3,0.2,0.1,0.7,0,0.5,0.8,0.1,0,0.3,91556.3,1
232,233,429,18,22,19,75,71,12,70,86,27,20,9,7631786.9,0
232,234,70,0,3,1,0,5,0,10,33,2,15,1,1845034.9,0
232,235,308.5,13,11,23,80,54,7,35,45,9.5,27,4,6544773.4,0
232,236,206.5,11,12,13,59,31,7,29,21,10.5,13,0,3725245.7,0
232,237,109.5,2,10,12,9,21,0,16,30,3.5,5,1,2748271.1,0
232,238,249.5,8,18,7,36,49,4,41,41,14.5,22,9,6909167.9,0
232,239,249.5,9,26,12,33,55,13,31,36,19.5,5,10,7801434.5,0
232,240,214,8,17,18,63,33,4,27,18,9,5,12,6025974.2,0
232,241,229.5,6,24,20,28,40,2,28,39,14.5,11,17,7565670,0
232,242,130.5,6,10.5,8,20,24,0,15,16,5,15,11,3899708.6,0
232,243,276,9,21,26,66,57,4.5,31,28,11.5,7,15,7322489.3,0
232,244,435,9,13.5,37,89,38,4.5,15,51,8,163,7,11953498,0
232,245,212,9,11,34,54,26,0,26,31,3,16,2,5043993.4,0
232,246,332,13,15.5,26.5,100,42,3,38,43,9,32,10,8048339.9,0
232,247,359.5,14.5,15,54.5,114,59,12,25,32,12.5,13,8,7768764,0
232,248,510.5,9,20,105,196,71,3,42,33,10.5,14,7,1.04862916E7,0
232,249,338,11,12.5,63.5,120,54,3,29,20,6,11,8,7651060.5,0
232,250,370,20,23.5,48.5,137,53,9,23,22,24,5,5,6888866.6,0
232,253,23,0,1,1,4,2,0,9,1,0,4,1,688268,0
232,254,16,0,0,0,2.8,4.2,0,1.4,6.9,0,0.7,0,467394.3,1
233,8,2,0,0.3,0.1,0.3,0.6,0.1,0.1,0.3,0.1,0.1,0,40603.3,1
233,26,2,0,0.1,0.2,0.1,0.6,0,0.2,0.2,0,0.4,0.2,29124.9,1
233,47,3,0.1,0.2,0,0.4,0.5,0.1,0.3,0.6,0.3,0.5,0,47222.8,1
233,80,2,0.2,0.2,0.1,0.5,0.4,0.1,0.2,0.1,0.2,0,0,36808.7,1
233,113,1,0.1,0.2,0,0.1,0.3,0,0.1,0.1,0.1,0,0,23882.5,1
233,114,7,0.5,1.2,0.3,0.8,1.7,0.3,0.6,0.7,0.6,0.2,0.1,167177.4,1
233,115,52.5,0,5.5,2,7,15,1,6,7,4,2,3,1092037.5,0
233,116,41,1,5,1,7,7,0,5,5,4,4,2,932014.2,0
233,117,16,0.6,0.9,1.6,4.1,2.8,0.3,1,2.8,0.6,1.3,0,355438.6,1
233,122,1,0.1,0.1,0,0.2,0.2,0,0.1,0.2,0,0.1,0,20493.9,1
233,124,2,0.3,0.2,0.1,0.3,0.4,0,0.1,0.4,0,0.2,0,40987.9,1
233,128,2,0.1,0.2,0.1,0.5,0.2,0,0.3,0.3,0.2,0.1,0,42343.2,1
233,129,46,2,3.5,0.5,6,16,3,1,6,4,3,1,1002140.1,0
233,130,24,1.3,2.3,1,5.6,3,0.3,3.3,3.3,2.3,1.3,0.3,508118.3,1
233,131,17,0.9,1.6,0.7,4,2.1,0.3,2.3,2.3,1.6,0.9,0.3,359917.2,1
233,136,3,0,0.4,0.2,0.3,0.6,0,0.7,0.4,0.2,0.1,0.1,61015,1
233,142,4,0.3,0.2,0.3,0.7,0.8,0.1,0.6,0.6,0.2,0.1,0.1,92936.7,1
233,143,15,1.3,0.8,1,2.8,2.8,0.2,2.3,2.3,0.8,0.5,0.2,348512.5,1
233,144,3,0.3,0.1,0.2,0.6,0.6,0,0.5,0.5,0.1,0.1,0,69702.5,1
233,148,4,0.5,0.4,0.2,0.8,0.6,0,0.6,0.2,0.3,0.3,0.1,83783.4,1
233,154,1,0,0.1,0.1,0.2,0.3,0,0.1,0.1,0.1,0,0,23409.6,1
233,155,5,0.1,0.3,0.3,0.8,1.3,0.3,0.5,0.6,0.8,0,0,117048.1,1
233,157,1,0,0.1,0,0.3,0.2,0,0.2,0.1,0.1,0,0,19960.7,1
233,174,2,0.1,0.2,0.2,0.1,0.3,0,0.5,0.4,0.1,0.1,0,48093.7,1
233,181,6.5,0.1,0.4,0.5,0.6,1.7,0.2,1.2,1.2,0,0,0.6,160613.6,1
233,184,1,0,0,0.1,0.1,0.2,0,0.2,0.3,0,0,0.1,24525.6,1
233,187,2,0.1,0.2,0.1,0.2,0.5,0,0.4,0.3,0.1,0,0.1,47290.1,1
233,188,34.5,2,6,1,3,8,0,8,1,3.5,1,1,814067.8,0
233,196,2,0.1,0.1,0.2,0.3,0.4,0.1,0.3,0.4,0,0.1,0,54684,1
233,197,20,1.7,1.1,0.7,3.1,3.3,0.4,2.2,4.2,1.1,2.2,0,493892.1,1
233,203,1,0,0.1,0.1,0,0.2,0,0.1,0.3,0,0.2,0,22868.6,1
233,204,39,1,8,5,12,8,1,2,1,0,0,1,872879.8,0
233,205,104,4,8,6,14,25,1,21,8,8,5,4,2373443.5,0
233,206,44,0,3,1,4,5,0,18,11,0,1,1,1113414.2,0
233,207,47,1,3.5,3,8,10,0,9,5,1.5,5,1,1313850.8,0
233,208,56.5,4,7,5,6,15,0,4,9,3.5,0,3,1558728.2,0
233,216,1,0,0,0,0.1,0.2,0,0.2,0.3,0.1,0.1,0,24386,1
233,217,7,0.4,0.6,0.4,0.7,1.1,0,0.7,1.9,0.2,0.8,0.2,209252.2,1
233,227,3,0,0.3,0.2,0.1,0.7,0,0.5,0.8,0.1,0,0.3,91556.3,1
233,228,19,0.2,1.9,1.3,0.9,4.3,0,3.2,5.1,0.4,0.2,1.5,579856.3,1
233,229,5,0.1,0.5,0.3,0.2,1.1,0,0.8,1.4,0.1,0.1,0.4,152593.8,1
233,230,1,0,0.1,0.1,0,0.2,0,0.2,0.3,0,0,0.1,30518.8,1
233,231,17,0.2,1.7,1.1,0.8,3.8,0,2.9,4.6,0.4,0.2,1.3,518818.8,1
233,232,70,3,2,4,10,10,0,16,17,2,6,0,2005508.2,0
233,233,130.5,7,4,7,32,24,4,18,19,5.5,4,6,2644291,0
233,234,3,0.3,0.4,0.1,0.7,0.5,0.2,0.2,0,0.4,0.1,0.1,54311.2,1
233,235,49.5,0,2.5,2,7,7,1,7,9,1,13,0,1098225.2,0
233,236,803.5,55.5,98.5,73,157,151,25,80,61,71.5,20,11,1.17920027E7,0
233,237,345,12.5,10.5,20,49,58,6,52,80,11,38,8,7412324.5,0
233,238,272.5,8,39.5,10,33,63,5,35,23,21,19,16,7039010.9,0
233,239,340,8,16,19,52,53,2,43,84,5,48,10,8785241.5,0
233,240,248,16,23,10,41,39,7,34,22,17,28,11,7143463.7,0
233,241,148,3,18,15,21,23,2,18,14,8,16,10,4093307.6,0
233,242,75,1,10,5,6,12,2,16,9,8,3,3,2758913.6,0
233,243,138,2,14,9,24,24,1,18,21,9,10,6,3687201.7,0
233,244,223,10,22.5,27,58,31,6,18,26,9.5,10,5,5940017.6,0
233,245,348,11,20.5,35,63,46,5,64,47,16.5,28,12,9906506.8,0
233,246,306.5,4,15,19.5,51,42,2,35,67,11,51,9,8778819.4,0
233,247,193,3,8,23,56,25,0,25,27,3,18,5,5257004,0
233,248,341,9,9,41,124,49,4,35,39,11,10,10,7864931.5,0
233,249,548.5,32,35.5,73,201,75,11,46,29,28,15,3,1.00109685E7,0
233,250,164,2,2,35,72,13,1,4,17,1,17,0,3800307.2,0
233,254,113.5,0,9,9.5,34,16,2,14,16,4,7,2,2707489.3,0
233,255,93,1,2,10,22,14,2,17,9,0,12,4,2393157.5,0
234,3,5,0.1,0.7,0.2,0.7,1.4,0.2,0.3,0.8,0.3,0.3,0,101508.2,1
234,4,4,0.1,0.6,0.2,0.6,1.1,0.1,0.2,0.6,0.3,0.2,0,81206.6,1
234,18,3,0,0.2,0.2,0.2,0.9,0,0.3,0.4,0,0.6,0.2,43687.3,1
234,38,6,0,0.7,0.3,1.2,1.2,0,0.9,1,0,0.5,0.2,100868.8,1
234,43,40,4,6,0,12,10,1,1,0,4,0,2,728133.6,0
234,44,6,0.4,0.6,0.3,1,1.5,0.1,0.5,0.8,0.3,0.2,0.3,113050.1,1
234,45,5,0.4,0.5,0.2,0.9,1.3,0.1,0.4,0.6,0.2,0.1,0.3,94208.4,1
234,48,5,0.1,0.3,0,0.7,0.9,0.1,0.5,1.1,0.5,0.8,0,78704.6,1
234,62,7,0.2,1.2,0.2,1.1,1.6,0.4,0.9,0.7,0.5,0.2,0,149867.5,1
234,75,1,0.1,0.1,0,0,0.4,0,0.2,0,0.2,0,0,19324.3,1
234,79,4,0.4,0.4,0.2,0.9,0.8,0.2,0.5,0.3,0.3,0,0,73617.4,1
234,80,43,2,5,0,7,8,0,9,5,2,4,1,826725.5,0
234,81,11,1.1,1.1,0.6,2.5,2,0.6,1.3,0.8,1,0,0,202448,1
234,86,3,0,0.6,0.1,0.3,0.9,0.1,0.4,0.1,0.4,0.1,0,59704.8,1
234,91,5,0.1,1.1,0.2,0.5,1.4,0.1,0.6,0.2,0.6,0.2,0,99508,1
234,100,5,0.1,0.4,0.5,0.6,1,0.1,0.5,0.9,0.4,0.5,0,93701.6,1
234,106,4.5,0.1,0.7,0.4,0.9,1.2,0,0.6,0.3,0,0.1,0.2,87581.6,1
234,115,48,6,2,4,10,6,1,6,3,2,8,0,972635.1,0
234,116,39,1,3,3,7,8,2,3,1,4,5,2,824102.4,0
234,117,4,0.2,0.2,0.4,1,0.7,0.1,0.2,0.7,0.2,0.3,0,88859.7,1
234,123,23,3.2,2.4,0.8,3.2,3.9,0.4,1.6,4.7,0.4,2,0.4,471360.8,1
234,124,10,1.4,1,0.3,1.4,1.7,0.2,0.7,2.1,0.2,0.8,0.2,204939.5,1
234,128,7,0.4,0.7,0.3,1.6,0.9,0.1,0.9,0.9,0.7,0.4,0.1,148201.2,1
234,129,35,2,1,3,4,10,3,1,7,0,0,4,894320.7,0
234,131,68,4,4,6,13,9,2,12,8,1,7,2,1422163.2,0
234,132,18,0.2,2.2,1.2,1.9,3.7,0.3,4,2.5,1.1,0.6,0.3,366089.7,1
234,133,29,1,1,1,6,7,0,7,6,0,0,0,618594.2,0
234,134,9,0.1,1.1,0.6,0.9,1.9,0.2,2,1.2,0.5,0.3,0.2,183044.9,1
234,135,6,0.1,0.7,0.4,0.6,1.2,0.1,1.4,0.8,0.4,0.2,0.1,122029.9,1
234,143,8,0.7,0.4,0.6,1.5,1.5,0.1,1.2,1.2,0.4,0.3,0.1,185873.3,1
234,144,24,2,1.2,1.6,4.5,4.5,0.4,3.7,3.7,1.2,0.8,0.4,557620,1
234,153,38,5,0,1,14,3,4,2,5,4,0,0,841756,0
234,154,8,0.1,0.5,0.5,1.4,2.1,0.5,0.8,0.9,1.2,0,0,187277,1
234,156,2,0,0.1,0.1,0.4,0.6,0.1,0.2,0.2,0.3,0,0,46819.2,1
234,170,1,0,0.1,0.1,0.2,0.3,0,0.1,0.1,0,0.1,0,21691.2,1
234,184,8,0.1,0.4,0.4,0.6,1.5,0,1.9,2.1,0.2,0.2,0.6,196205,1
234,185,35,0,4,3,4,9,2,2,5,3,1,2,938926.1,0
234,186,54,2,6,1,9,13,0,8,3,4,2,6,1448115.2,0
234,187,72,1,8,5,5,28,2,4,7,7,0,5,1828899.3,0
234,188,12,0.7,1.1,0.9,1.2,2.9,0.2,2.2,1.6,0.3,0.2,0.7,283740.6,1
234,193,9,0.3,0.5,0.8,1.2,1.9,0.4,1.4,1.9,0.2,0.2,0.2,246078.1,1
234,194,5,0.2,0.3,0.4,0.7,1.1,0.2,0.8,1,0.1,0.1,0.1,136710.1,1
234,195,10,0.4,0.6,0.9,1.3,2.1,0.4,1.5,2,0.3,0.3,0.2,273420.1,1
234,196,17,0.6,1,1.5,2.3,3.6,0.8,2.6,3.5,0.4,0.4,0.3,464814.2,1
234,200,3,0.3,0.2,0.1,0.4,0.5,0.1,0.3,0.6,0.2,0.3,0,74083.8,1
234,201,6,0.5,0.3,0.2,0.9,1,0.1,0.7,1.3,0.3,0.7,0,148167.6,1
234,204,31,0,4,4,1,8,0,7,1,0,4,2,594722.4,0
234,205,197,4,34.5,14,25,46,5,32,16,13.5,2,5,3343196.2,0
234,206,42,0,8,3,6,9,0,6,6,2,2,0,820229.7,0
234,207,45.5,1,4,0,9,6,3,3,10,3.5,4,2,1217999.8,0
234,208,31,2,2,1,6,5,0,2,9,1,2,1,689650.8,0
234,210,12,0.2,1.5,0,1.2,2.5,0,2.5,2.8,0.7,0.3,0.3,323136.1,1
234,212,1,0,0,0,0.1,0.2,0,0.2,0.3,0.1,0.1,0,24386,1
234,217,4,0.2,0.3,0.2,0.4,0.7,0,0.4,1.1,0.1,0.5,0.1,119572.7,1
234,225,6,0.3,0.3,0.8,0.7,1.9,0,0.5,0.3,0.2,0.3,0.7,166270.7,1
234,226,1,0.1,0,0.1,0.1,0.3,0,0.1,0.1,0,0.1,0.1,27711.8,1
234,227,1,0,0.1,0.1,0,0.2,0,0.2,0.3,0,0,0.1,30518.8,1
234,230,11,0.1,1.1,0.7,0.5,2.5,0,1.9,3,0.2,0.1,0.9,335706.3,1
234,231,51,0,3,4,3,6,2,11,14,0,5,3,1283226.2,0
234,232,150,10,11,7,17,29,4,27,27,9,8,1,3925045,0
234,233,6,0.6,0.8,0.3,1.3,1,0.5,0.4,0.1,0.7,0.1,0.2,108622.5,1
234,235,6,0.6,0.8,0.3,1.3,1,0.5,0.4,0.1,0.7,0.1,0.2,108622.5,1
234,236,618,47.5,64,38,115,121,18.5,79,73,36,19,7,9262693.6,0
234,237,96.5,8,6.5,8,20,20,0,12,6,6,7,3,1787756.3,0
234,238,169.5,7,15.5,23,27,38,1.5,22,10,5.5,11,9,3956757.4,0
234,239,317,16,18.5,24.5,99,51,12,30,26,17,20,3,5654171.6,0
234,240,97,2,12,6,14,14,3,13,12,6,9,6,2583942.4,0
234,241,314.5,13,23.5,11.5,55,59,5,43,47,16.5,23,18,8778098.5,0
234,242,196,4,18,20,27,38,5,23,20,17,7,17,5762031,0
234,243,238.5,7,20,29.5,52,44,6,30,27,6,7,10,6366697.7,0
234,244,196,3,18,9,41,28,4.5,28,19,15.5,19,11,5644842.1,0
234,245,368,12,39,14,50,67,9,30,56,26,40,25,1.12317191E7,0
234,246,87,0,5,7,10,9,0,7,20,4,25,0,2506693.4,0
234,247,75,0,2.9,1.9,9.7,8.8,0,8.8,17.5,1,23.4,1,2070407.8,1
234,248,185,4,8,37,42,30,2,25,24,3,4,6,4137153.5,0
234,249,303,10,19.5,29,116,43,4.5,26,20,15,12,8,6010807.4,0
234,250,265,7,22,21.5,42,51,7,26,41,9.5,22,16,7219962.7,0
234,251,2,0,0.1,0.1,0.3,0.2,0,0.2,0.5,0,0.6,0,55210.9,1
234,255,24,1,2,2,0,5,0,4,6,1,3,0,683044.6,0
235,42,17,1.3,1.7,0.8,3,4.3,0.4,1.3,2.1,0.8,0.4,0.9,320308.5,1
235,43,88,5,14,6,14,15,5,5,5,8,7,4,1337065.8,0
235,44,10,0.7,1,0.5,1.7,2.5,0.2,0.8,1.3,0.5,0.3,0.5,188416.8,1
235,49,1,0,0.1,0,0.1,0.2,0,0.1,0.2,0.1,0.2,0,15740.9,1
235,55,15,0.5,0.5,0.5,2.7,2.2,0.5,4.3,1.1,2.2,0.5,0,351745.2,1
235,61,2,0.1,0.1,0.1,0.3,0.3,0.1,0.5,0.1,0.3,0.1,0,46899.4,1
235,62,8,0.2,1.5,0.2,1.2,1.9,0.4,1,0.8,0.6,0.2,0,171277.2,1
235,63,3,0.1,0.5,0.1,0.5,0.7,0.1,0.4,0.3,0.2,0.1,0,64228.9,1
235,65,4,0.1,0.7,0.1,0.6,1,0.2,0.5,0.4,0.3,0.1,0,85638.6,1
235,66,4,0.1,0.7,0.1,0.6,1,0.2,0.5,0.4,0.3,0.1,0,85638.6,1
235,74,6,0.4,0.6,0.2,0,2.1,0,1.2,0.2,1.1,0.2,0,115945.5,1
235,75,13,0.9,1.3,0.4,0,4.6,0,2.5,0.4,2.5,0.4,0,251215.3,1
235,79,14,1.4,1.4,0.8,3.2,2.6,0.8,1.6,1,1.2,0,0,257661.1,1
235,80,59,3,6.5,2,14,8,2,6,7,8.5,1,1,1172218.8,0
235,81,33,3,3.5,0,9,3,1,2,1,5.5,5,0,546063.1,0
235,82,11,0.2,2.3,0.4,1.2,3.1,0.2,1.4,0.4,1.4,0.4,0,218917.5,1
235,86,1,0,0.2,0,0.1,0.3,0,0.1,0.1,0.1,0.1,0,19901.6,1
235,91,3,0,0.6,0.1,0.3,0.9,0.1,0.4,0.1,0.4,0.1,0,59704.8,1
235,108,2,0.1,0.3,0.2,0.4,0.5,0,0.2,0.1,0,0.1,0.1,38925.2,1
235,110,3,0.1,0.4,0.3,0.6,0.8,0,0.4,0.2,0,0.1,0.1,58387.7,1
235,115,13,0.8,2.2,0.5,1.6,3.2,0.6,1,1.3,1.2,0.4,0.2,310472.3,1
235,116,17,1.1,2.9,0.7,2,4.2,0.8,1.4,1.6,1.5,0.5,0.3,406002.3,1
235,123,3,0.4,0.3,0.1,0.4,0.5,0,0.2,0.6,0.1,0.3,0.1,61481.8,1
235,124,4,0.5,0.4,0.1,0.6,0.7,0.1,0.3,0.8,0.1,0.3,0.1,81975.8,1
235,130,9,0.5,0.9,0.4,2.1,1.1,0.1,1.2,1.2,0.9,0.5,0.1,190544.4,1
235,131,134,6,8.5,9.5,26,24,1,19,16,6,14,4,2737819.4,0
235,132,46,0,2,3,7,9,0,10,7,0,6,2,951055.7,0
235,133,27.5,0,5,2,3,3,0,2,5,1.5,6,0,401099,0
235,134,2,0,0.3,0.1,0.2,0.4,0,0.5,0.3,0.1,0.1,0,40676.6,1
235,153,12,0.2,0.7,0.7,2.1,3.2,0.7,1.2,1.4,1.8,0,0,280915.5,1
235,156,5,0.1,0.3,0.3,0.8,1.3,0.3,0.5,0.6,0.8,0,0,117048.1,1
235,166,12,0,0.9,1.2,2,3.5,0.3,1.7,0.6,0.6,0.9,0.3,260294.2,1
235,170,5,0,0.4,0.5,0.9,1.5,0.1,0.7,0.2,0.2,0.4,0.1,108455.9,1
235,171,2,0,0.1,0.2,0.3,0.6,0.1,0.3,0.1,0.1,0.1,0.1,43382.4,1
235,183,11,0.1,0.6,0.6,0.8,2,0,2.6,2.9,0.3,0.3,0.8,269781.9,1
235,185,12,0.2,0.7,0.7,0.8,2.2,0,2.8,3.2,0.3,0.3,0.8,294307.6,1
235,186,73,5,4.5,3,12,18,1.5,10,6,7,1,5,1542615.2,0
235,187,104,4,20.5,4,14,33,3.5,7,1,10,1,6,2248197.1,0
235,188,19,1.1,1.8,1.4,1.9,4.6,0.3,3.5,2.5,0.5,0.3,1.1,449256,1
235,193,7,0.3,0.4,0.6,0.9,1.5,0.3,1.1,1.4,0.2,0.2,0.1,191394.1,1
235,194,27,1,1.6,2.4,3.6,5.7,1.2,4.1,5.5,0.7,0.7,0.5,738234.3,1
235,195,20.5,0.7,1.2,1.8,2.7,4.4,0.9,3.1,4.2,0.5,0.6,0.4,560511.2,1
235,198,5,0.4,0.3,0.2,0.8,0.8,0.1,0.5,1,0.3,0.6,0,123473,1
235,199,4,0.4,0.2,0.1,0.6,0.7,0.1,0.4,0.8,0.2,0.5,0,98778.4,1
235,200,11,1,0.6,0.4,1.7,1.8,0.2,1.2,2.3,0.6,1.2,0,271640.6,1
235,201,2,0.2,0.1,0.1,0.3,0.3,0.1,0.2,0.4,0.1,0.2,0,49389.2,1
235,205,4,0,0.4,0.5,0.1,0.9,0,0.3,1.1,0,0.7,0,91474.4,1
235,206,17,0,1.8,2.3,0.5,3.7,0,1.4,4.6,0,2.7,0,388766.2,1
235,207,152,5,9,14,38,17,4.5,16,17,9.5,17,5,3459485,0
235,208,50,1,6,1,9,10,2,5,7,4,2,3,1206789.1,0
235,209,61,0,3,5,6,8,0,18,14,0,4,3,1561489.3,0
235,212,11,0.5,0.5,0.4,1.4,2.2,0,1.7,2.9,0.7,0.5,0.2,268245.8,1
235,213,4,0.2,0.2,0.1,0.5,0.8,0,0.6,1.1,0.2,0.2,0.1,97543.9,1
235,216,14,0.7,0.7,0.4,1.7,2.8,0,2.2,3.7,0.9,0.7,0.2,341403.8,1
235,225,8,0.4,0.3,1.1,0.9,2.5,0,0.7,0.5,0.2,0.5,0.9,221694.2,1
235,226,3,0.2,0.1,0.4,0.3,0.9,0,0.3,0.2,0.1,0.2,0.3,83135.3,1
235,227,30,2,1,1,3,3,0,6,13,0,1,0,665431.3,0
235,230,5,0.1,0.5,0.3,0.2,1.1,0,0.8,1.4,0.1,0.1,0.4,152593.8,1
235,234,9,1,1.2,0.4,2,1.5,0.7,0.6,0.1,1.1,0.1,0.3,162933.7,1
235,235,278,2,11,8,28,27,3,35,86,6,67,5,7026206.7,0
235,236,40,4.4,5.3,1.9,8.7,6.9,3.1,2.5,0.6,4.7,0.6,1.3,724149.9,1
235,237,261,4,14,12,42,53,5,27,59,7,31,7,6445567.7,0
235,238,182,10,14,19,44,30,1,22,22,5,6,9,4830913.1,0
235,239,215,11,8,12,48,31,4,16,34,7,44,0,4472332.6,0
235,240,190,2,13,21,36,36,3,26,23,8,12,10,5368248.6,0
235,241,239.5,8,17.5,33,73,38,4.5,23,18,8.5,11,5,5779224.1,0
235,242,290.5,4,27,33,54,59,5.5,31,39,16,7,15,7597378.3,0
235,243,145.5,1,11,14,27,17,2,17,24,3.5,27,2,3936672.9,0
235,244,470.5,18,49,31.5,72,94,10,59,52,40,26,19,1.35877384E7,0
235,245,287,2,21,15,25,39,3,36,81,10,42,13,8938516.5,0
235,246,284.5,10.5,30.5,13,40,51,7,28,38,13.5,46,7,6029432.8,0
235,247,475.5,14,34,42,129,71,3,41,77,13.5,41,10,1.07618767E7,0
235,248,158,2,4.5,2,5,14,0.5,16,33,3,77,1,4806936.9,0
235,249,396,9,18,25,135,67,8,32,54,8,32,8,9874462.2,0
235,250,419.5,31,17,45,156,61,10.5,36,35,7,16,5,9384755.2,0
235,251,159.5,2,8.5,12,63,19,0,18,18,5,9,5,4092210.2,0
236,7,2,0,0.3,0.1,0.3,0.6,0.1,0.1,0.3,0.1,0.1,0,40603.3,1
236,24,4,0,0.3,0.3,0.2,1.2,0,0.4,0.5,0,0.8,0.3,58249.8,1
236,41,7,0,0.8,0.4,1.4,1.4,0,1,1.2,0,0.6,0.2,117680.3,1
236,42,75.5,7,7.5,1,18,11,1,7,13,6,4,0,1338064.9,0
236,43,2,0.2,0.2,0.1,0.4,0.5,0,0.2,0.2,0.1,0,0.1,37683.4,1
236,54,1,0,0,0,0.2,0.2,0,0.3,0.1,0.2,0,0,23449.7,1
236,55,1,0,0,0,0.2,0.2,0,0.3,0.1,0.2,0,0,23449.7,1
236,63,1,0,0.2,0,0.2,0.2,0.1,0.1,0.1,0.1,0,0,21409.6,1
236,66,12,0.3,2.2,0.3,1.9,2.8,0.6,1.5,1.2,0.9,0.3,0,256915.8,1
236,73,1,0.1,0.1,0,0,0.4,0,0.2,0,0.2,0,0,19324.3,1
236,74,2,0.1,0.2,0,0,0.7,0,0.4,0.1,0.4,0.1,0,38648.5,1
236,76,8,0.5,0.8,0.3,0,2.8,0,1.5,0.3,1.5,0.3,0,154594,1
236,77,20,2,2,1.2,4.6,3.7,1.1,2.3,1.4,1.7,0,0,368087.2,1
236,78,2,0.2,0.2,0.1,0.5,0.4,0.1,0.2,0.1,0.2,0,0,36808.7,1
236,80,9,0.9,0.9,0.5,2.1,1.7,0.5,1,0.6,0.8,0,0,165639.3,1
236,81,4,0.4,0.4,0.2,0.9,0.8,0.2,0.5,0.3,0.3,0,0,73617.4,1
236,90,4,0.1,0.9,0.1,0.4,1.1,0.1,0.5,0.1,0.5,0.2,0,79606.4,1
236,93,2,0,0.2,0.2,0.2,0.4,0,0.2,0.4,0.2,0.2,0,37480.6,1
236,94,6,0.1,0.5,0.6,0.7,1.2,0.1,0.6,1.1,0.5,0.6,0,112441.9,1
236,96,2,0,0.2,0.2,0.2,0.4,0,0.2,0.4,0.2,0.2,0,37480.6,1
236,99,5,0.1,0.4,0.5,0.6,1,0.1,0.5,0.9,0.4,0.5,0,93701.6,1
236,127,4,0.2,0.4,0.2,0.9,0.5,0.1,0.5,0.5,0.4,0.2,0.1,84686.4,1
236,130,3,0.2,0.3,0.1,0.7,0.4,0,0.4,0.4,0.3,0.2,0,63514.8,1
236,131,94.5,4,9,5,12,16,3,6,21,6.5,12,0,1829497.2,0
236,132,33,1,3,1,4,7,0,9,3,1,3,1,661295.9,0
236,137,10,1.3,0.7,0.7,2.4,2,0.2,1.4,0.4,0.3,0.2,0.4,220058.4,1
236,153,7,0.1,0.4,0.4,1.2,1.9,0.4,0.7,0.8,1.1,0,0,163867.4,1
236,155,2,0,0.1,0.1,0.4,0.6,0.1,0.2,0.2,0.3,0,0,46819.2,1
236,156,2,0,0.1,0.1,0.4,0.6,0.1,0.2,0.2,0.3,0,0,46819.2,1
236,157,2,0,0.2,0,0.5,0.4,0,0.4,0.3,0.2,0,0,39921.4,1
236,172,6,0.3,0.5,0.5,0.4,1,0,1.4,1.1,0.4,0.3,0.1,144281,1
236,174,3,0.1,0.2,0.2,0.2,0.5,0,0.7,0.6,0.2,0.2,0.1,72140.5,1
236,186,8,0.1,0.4,0.4,0.6,1.5,0,1.9,2.1,0.2,0.2,0.6,196205,1
236,187,176,17,17,7.5,69,29,13,5,0,16.5,0,2,3399761.7,0
236,188,73.5,9,7.5,0,30,9,7.5,0,0,10.5,0,0,1457998.3,0
236,193,6,0.2,0.3,0.5,0.8,1.3,0.3,0.9,1.2,0.2,0.2,0.1,164052.1,1
236,194,50,2,10,1,9,11,1,5,7,3,0,1,1059812.3,0
236,195,4,0.1,0.2,0.4,0.5,0.9,0.2,0.6,0.8,0.1,0.1,0.1,109368,1
236,196,2,0.1,0.1,0.2,0.3,0.4,0.1,0.3,0.4,0,0.1,0,54684,1
236,199,7,0.6,0.4,0.2,1.1,1.1,0.1,0.8,1.5,0.4,0.8,0,172862.2,1
236,200,36,0,5,1,1,8,0,8,8,3,2,0,1175933.8,0
236,204,54.5,1,3.5,3,7,15,1,11,9,2,0,2,1298760.3,0
236,205,85,3,2.5,2.5,16,21,2,17,9,9,1,2,2013841.8,0
236,206,166,5,9.5,6,16,23,1,23,43,4.5,31,4,3816143.8,0
236,207,130,12,10.5,12.5,28,20,3,12,12,11,8,1,2018443.6,0
236,208,200.5,11,18,16,44,37,11.5,13,17,18,12,3,3566160.7,0
236,209,79.5,1,2.5,4,8,20,2,18,11,6,2,5,2436720.1,0
236,211,4,0.1,0.5,0,0.4,0.8,0,0.8,0.9,0.3,0.1,0.1,107712,1
236,212,12,0.5,0.6,0.4,1.5,2.4,0,1.9,3.2,0.7,0.6,0.2,292631.8,1
236,213,5,0.2,0.2,0.2,0.6,1,0,0.8,1.3,0.3,0.3,0.1,121929.9,1
236,214,3,0.1,0.1,0.1,0.4,0.6,0,0.5,0.8,0.2,0.1,0.1,73158,1
236,215,5,0.2,0.2,0.2,0.6,1,0,0.8,1.3,0.3,0.3,0.1,121929.9,1
236,216,60,1,7,5,4,14,2,4,16,3,2,2,1949966.9,0
236,217,5,0.3,0.4,0.3,0.5,0.8,0,0.5,1.4,0.1,0.6,0.1,149465.9,1
236,220,1,0,0.1,0.1,0.1,0.2,0,0.1,0.3,0,0.1,0,29893.2,1
236,222,76,1,6,1,4,16,1,10,19,4,11,3,2289000.1,0
236,223,17.5,1,0.7,2.4,2,5.4,0,1.5,1,0.5,1,2,484956.1,1
236,224,359,24,29.5,35,68,67.5,9,44,44,23,12,3,5278786.3,0
236,225,109.5,1.5,7,9.5,19,22,2,13,20,6.5,8,1,1824124.9,0
236,226,41,0,6,0,5,5,1,4,15,0,3,2,1147964.1,0
236,227,79.5,2,10,2,8,21,1,6,19,2.5,5,3,2100411,0
236,228,59,4,10,6,7,19,3,2,3,4,0,1,1175644.3,0
236,229,54.5,0,7.5,1,5,11,1,10,6,5,5,3,1548141.5,0
236,230,8,0.1,0.8,0.5,0.4,1.8,0,1.3,2.2,0.2,0.1,0.6,244150,1
236,232,86,1,12,4,10,23,2,14,8,3,3,6,2203414.9,0
236,233,41,2,1,1,13,10,1,5,3,3,1,1,1320723.5,0
236,234,285,11,27.5,19,46,56,4.5,40,36,15,17,13,5706788.4,0
236,235,324.5,21,27.5,22,68,53,6,55,33,20,14,5,5611941.8,0
236,236,229,17,24,20,35,43,6,26,25,13,13,7,4829137.3,0
236,237,213,8,14.5,11,53,38,5,24,24,12.5,15,8,4992950.8,0
236,238,219.5,7,19.5,12,44,42,9,31,28,5,13,9,5468505.5,0
236,239,264,7,32.5,12,43,47,3,34,43,18.5,17,7,7427527.9,0
236,240,389.5,13,16.5,30,72,53,5.5,56,72,17.5,48,6,9736202.5,0
236,241,358,9,23.5,43,98,65,6,41,38,9.5,14,11,7614109.9,0
236,242,360,12,30,19,61,60,8,60,53,13,27,17,1.04197483E7,0
236,243,311.5,5,24.5,14.5,46,62,2,36,64,15.5,26,16,9405354.3,0
236,244,396,6,36.5,21,50,63,9,69,68,12.5,34,27,1.21921644E7,0
236,245,207,2,7,5,16,29,0,13,62,6,64,3,5697417.4,0
236,246,495,13.5,21,24,88,70,10,62,87,16.5,87,16,1.27071782E7,0
236,247,852,50.5,92,70,162,127,31,87,68,80.5,47,37,1.26291195E7,0
236,248,358,28,46.5,32,66,67,14,22,26,36.5,17,3,4794254.4,0
236,249,648,32.5,33.5,53.5,223,111,11.5,48,66,28,33,8,14038400,0
236,250,464,33,18,47.5,178,71,15.5,30,29,27,9,6,1.00927313E7,0
236,251,274.5,9,21.5,15,78,49,6,27,31,12,19,7,6981110.5,0
236,252,82.5,1,6.5,7,14,19,0.5,10,16,4.5,2,2,2057711.6,0
236,253,6,0,0,0,1,1.6,0,0.5,2.6,0,0.3,0,175272.9,1
237,16,5,0,0.4,0.4,0.2,1.5,0,0.5,0.6,0,1,0.4,72812.2,1
237,24,1,0,0.1,0.1,0,0.3,0,0.1,0.1,0,0.2,0.1,14562.4,1
237,30,3,0,0.2,0.2,0.2,0.9,0,0.3,0.4,0,0.6,0.2,43687.3,1
237,40,2,0.2,0,0.1,0.4,0.3,0.2,0.1,0.3,0.1,0.3,0,33877.1,1
237,41,31,2.6,0.9,0.9,6.2,4.4,2.7,1.8,4.4,1.8,5.3,0,525095.6,1
237,42,19,0.4,1.2,0,2.8,3.3,0.4,2,4.1,2,2.8,0,299077.6,1
237,43,4,0.1,0.3,0,0.6,0.7,0.1,0.4,0.8,0.4,0.6,0,62963.7,1
237,46,2,0.1,0.1,0,0.3,0.3,0.1,0.2,0.4,0.2,0.3,0,31481.9,1
237,66,4,0.2,0.6,0.1,1,0.8,0.2,0,0.4,0.2,0.4,0.1,83530.7,1
237,71,1,0,0.1,0.1,0.1,0.3,0.1,0.1,0.1,0,0.1,0,21170.3,1
237,74,14,1.2,0.4,0,2.3,1.2,0.4,3.9,2.3,0.4,1.9,0,275451.8,1
237,75,4,0.3,0.1,0,0.7,0.3,0.1,1.1,0.7,0.1,0.6,0,78700.5,1
237,77,7,0.6,0.2,0,1.1,0.6,0.2,1.9,1.2,0.2,1,0,137725.9,1
237,86,3,0,0.6,0.1,0.3,0.9,0.1,0.4,0.1,0.4,0.1,0,59704.8,1
237,94,5,0.1,0.4,0.5,0.6,1,0.1,0.5,0.9,0.4,0.5,0,93701.6,1
237,99,6,1,0.3,0.1,2.1,0.1,0.4,0.7,0.4,0.7,0.2,0,130706.8,1
237,105,9,0.3,1.3,0.9,1.8,2.3,0,1.2,0.6,0,0.3,0.3,175163.2,1
237,113,3,0.1,0.2,0.3,0.8,0.5,0.1,0.2,0.5,0.1,0.2,0,66644.7,1
237,130,47,1,1,3,10,9,1,9,4,6,2,1,925693.6,0
237,131,104,3,9,4,11,20,1,23,21,3,9,0,2052798,0
237,132,48,1.9,3.2,3.8,4.5,10.3,1.3,5.1,5.1,4.5,7.7,0.6,902542.8,1
237,137,12,1.5,0.9,0.9,2.8,2.4,0.2,1.8,0.4,0.4,0.2,0.5,264070.1,1
237,138,19,2.4,1.4,1.4,4.5,3.8,0.3,2.8,0.7,0.7,0.3,0.7,418110.9,1
237,153,2.5,0,0.3,0,0.6,0.5,0,0.5,0.4,0.2,0,0,49901.7,1
237,159,7,0.1,0.8,0,1.9,1.3,0,1.3,1.1,0.5,0,0,139724.8,1
237,172,2,0.1,0.2,0.2,0.1,0.3,0,0.5,0.4,0.1,0.1,0,48093.7,1
237,187,16,1.8,2.1,0.3,2.6,3.6,0.2,3.3,0.5,1,0.3,0.3,386272.2,1
237,188,11,1.2,1.4,0.2,1.8,2.5,0.2,2.3,0.3,0.7,0.2,0.2,265562.1,1
237,189,17,1.9,2.2,0.3,2.7,3.8,0.3,3.6,0.5,1.1,0.3,0.3,410414.2,1
237,192,10,0.3,1,0.7,1.3,1.8,0.4,0.9,1.5,0.9,1,0.2,250880.7,1
237,199,14,0.6,1.2,0.6,0.9,2.7,0,1.8,2.9,0.3,1.5,1.5,364002.2,1
237,200,40,3,6,0,6,11,1,4,3,5,0,1,998944.8,0
237,204,139.5,12,8.5,22,47,21,8,9,3,4,3,2,2823129.5,0
237,205,119.5,4,12,7,17,23,3,15,6,14.5,12,6,2728779.1,0
237,206,80,2,4,5,11,11,2,15,22,2,3,3,2010480.9,0
237,207,116.5,5.5,8,5.5,28,26,7,4,5,9.5,14,4,2396565.9,0
237,208,138.5,9,9.5,7,24,25,2,16,15,7,19,5,3098582.8,0
237,209,90.5,4,6,7,16,17,0,14,15,1.5,6,4,2024431.2,0
237,210,7,0.2,0.9,0.2,0.6,1.5,0.1,1.1,1.5,0.3,0.1,0.5,177441.4,1
237,211,14,0.4,1.8,0.4,1.2,2.9,0.2,2.2,3.1,0.6,0.2,1,354882.7,1
237,212,6,0.2,0.2,0.2,1.1,1.4,0.1,1,0.8,0.6,0.3,0.1,151379.8,1
237,213,26,0.9,0.9,0.9,4.7,5.9,0.6,4.1,3.5,2.7,1.2,0.6,655979,1
237,214,6,0.2,0.2,0.2,1.1,1.4,0.1,1,0.8,0.6,0.3,0.1,151379.8,1
237,215,67.5,4,8.5,6,12,14,4,4,3,10,2,0,1457282.8,0
237,216,293.5,13.5,38,21,45,58,3.5,50,24,22.5,8,10,5326837.4,0
237,217,28,1,1.5,0,4,3,0.5,6,10,1,0,1,693985.3,0
237,219,4,0.1,0.3,0.7,0.7,0.5,0,0.3,0.1,0,1.3,0,104576.2,1
237,220,4,0.1,0.3,0.7,0.7,0.5,0,0.3,0.1,0,1.3,0,104576.2,1
237,222,104.5,2,7.5,4,6,19,1,19,29,9,5,3,2779453.5,0
237,223,40,2,2,1,8,4,1,8,11,2,1,0,767410.3,0
237,224,88,3,7.5,2.5,10,17,0,18,18,5,2,5,2019720.5,0
237,225,346.5,35,34.5,40,80,49,11.5,22,31,29.5,12,2,5208510.3,0
237,226,141,7,10,7.5,29,20,3,14,34,4.5,8,4,3313390.8,0
237,227,63,2,2.5,7,9,10,1,14,13,1,1,2.5,1744011.9,0
237,228,81,1,8.5,1,6,10,1,17,29,1.5,4,2,1921398.1,0
237,229,53,1,4,6,9,10,0,15,6,1,1,0,1043293.5,0
237,230,9,0,0.5,1,0.4,1.9,0,1.4,1.8,0.1,1.4,0.5,190894.8,1
237,231,1,0,0.1,0.1,0,0.2,0,0.1,0.2,0,0.2,0.1,21210.5,1
237,232,109,4,18,5,11,24,2,19,6,11,6,3,2536442.5,0
237,233,44,0,3,2,3,12,0,8,7,0,3,6,1140796.9,0
237,234,145.5,5,22.5,8,20,37,4,21,9,12,2,5,3048094.5,0
237,235,201,12,15,11,31,40,3,38,30,6,10,5,4007046.7,0
237,236,273,11.5,21.5,16.5,62,48,9.5,40,29,18,12,5,4753810,0
237,237,107,0,13.5,5,15,22,2,13,25,2.5,7,2,2560436.3,0
237,238,227.5,2,14,11,23,37,1,43,46,5.5,39,6,5710591.7,0
237,239,123,3,11.5,13,30,14,3,17,15,3.5,13,0,2140203.9,0
237,240,106,3,8.5,9,25,27,1,13,8,3.5,2,6,2799267.2,0
237,241,249.5,6,8.5,11,40,30,2,17,26,5,98,6,6247976.5,0
237,242,287.5,9.5,29.5,22,59,49,4.5,39,39,14,11,11,7754574.9,0
237,243,236,5,26.5,12,32,51,3,29,28,21.5,11,17,7232174.3,0
237,244,400,23.5,31,25.5,76,92,11.5,50,45,22.5,11,12,7285332,0
237,245,474.5,8,10,27.5,60,35,3.5,53,114,1.5,159,3,1.09435624E7,0
237,246,38,0,1,2,7,5,0,6,7,4,5,1,963705.7,0
237,247,557.5,21,21.5,59,166,83,8,49,86,12,44,8,1.15642908E7,0
237,248,380,15,17,24,99,37,4,36,44,6,96,2,7711998.6,0
237,249,507.5,28.5,27,53,158,92,12,42,27,41,14,13,1.01220763E7,0
237,250,482.5,28.5,39,34,122,109,16,44,39,32,12,7,9195479.6,0
237,251,196,6,16,15,31,49,2,29,26,9,11,2,4518093.3,0
237,252,212,8,20,15,25,51,2,33,22,13,10,13,5880837.8,0
237,253,118,10,14.5,2,27,23,4,10,5,9.5,7,6,2593999,0
237,254,5,0,0.7,0.2,0.3,1.2,0.1,0.6,0.9,0.2,0.7,0.1,120715.6,1
238,4,3,0,0.4,0.1,0.4,0.9,0.1,0.2,0.5,0.2,0.2,0,60904.9,1
238,6,2,0,0.3,0.1,0.3,0.6,0.1,0.1,0.3,0.1,0.1,0,40603.3,1
238,30,4,0,0.3,0.3,0.2,1.2,0,0.4,0.5,0,0.8,0.3,58249.8,1
238,35,3,0,0.3,0.2,0.6,0.6,0,0.4,0.5,0,0.3,0.1,50434.4,1
238,41,2,0.2,0,0.1,0.4,0.3,0.2,0.1,0.3,0.1,0.3,0,33877.1,1
238,45,3,0.1,0.2,0,0.4,0.5,0.1,0.3,0.6,0.3,0.5,0,47222.8,1
238,65,4,0.2,0.6,0.1,1,0.8,0.2,0,0.4,0.2,0.4,0.1,83530.7,1
238,92,2,0,0.2,0.2,0.2,0.4,0,0.2,0.4,0.2,0.2,0,37480.6,1
238,93,1,0,0.1,0.1,0.1,0.2,0,0.1,0.2,0.1,0.1,0,18740.3,1
238,94,8,0.2,0.6,0.8,1,1.6,0.2,0.8,1.4,0.6,0.8,0,149922.6,1
238,99,13,2.1,0.6,0.3,4.6,0.3,0.9,1.5,0.9,1.5,0.3,0,283198,1
238,100,13,2.1,0.6,0.3,4.6,0.3,0.9,1.5,0.9,1.5,0.3,0,283198,1
238,101,5,0.8,0.2,0.1,1.7,0.1,0.4,0.6,0.4,0.6,0.1,0,108922.3,1
238,106,5,0.2,0.7,0.5,1,1.3,0,0.6,0.3,0,0.2,0.2,97312.9,1
238,113,10,0.4,0.6,1,2.5,1.7,0.2,0.6,1.8,0.4,0.8,0,222149.1,1
238,130,12,0.7,0.5,1.3,1.9,2.2,0,1.5,1.7,0.1,1.9,0.2,215211,1
238,131,41,2.2,1.8,4.4,6.6,7.3,0,5.1,5.9,0.4,6.6,0.7,735304.3,1
238,132,10,0.4,0.7,0.8,0.9,2.1,0.3,1.1,1.1,0.9,1.6,0.1,188029.7,1
238,133,8,0.3,0.5,0.6,0.8,1.7,0.2,0.9,0.9,0.7,1.3,0.1,150423.8,1
238,139,10,1.3,0.7,0.7,2.4,2,0.2,1.4,0.4,0.3,0.2,0.4,220058.4,1
238,154,3,0.1,0.3,0,0.8,0.6,0,0.6,0.4,0.2,0,0,59882,1
238,155,2,0,0.2,0,0.5,0.4,0,0.4,0.3,0.2,0,0,39921.4,1
238,165,5,0,0.4,0.5,0.9,1.5,0.1,0.7,0.2,0.2,0.4,0.1,108455.9,1
238,168,4,0.1,0.6,0.2,0.7,0.4,0.1,1.2,0.4,0.1,0.1,0.1,96049.9,1
238,169,6,0.2,0.9,0.4,1,0.6,0.1,1.7,0.7,0.1,0.2,0.1,144074.9,1
238,170,6,0.2,0.9,0.4,1,0.6,0.1,1.7,0.7,0.1,0.2,0.1,144074.9,1
238,188,8,0.9,1.1,0.1,1.3,1.8,0.1,1.7,0.3,0.5,0.1,0.1,193136.1,1
238,189,4,0.4,0.5,0.1,0.6,0.9,0.1,0.8,0.1,0.3,0.1,0.1,96568,1
238,204,41,1,6,3,5,15,2,6,2,1,0,0,1047160,0
238,205,127,5.5,13,4,21,29,6.5,14,19,5,2,8,3134000.9,0
238,206,135.5,6.5,21.5,10,21,36,4,10,10,9.5,2,5,2514682.5,0
238,207,143,5,10,18,17,33,4,22,10,6,8,10,3620634.5,0
238,208,96,1,8,7,14,25,2,15,8,6,4,6,2300765.6,0
238,209,3,0.1,0.4,0.1,0.3,0.6,0,0.5,0.7,0.1,0,0.2,76046.3,1
238,213,19,0.6,0.7,0.7,3.5,4.3,0.4,3,2.6,1.9,0.9,0.4,479369.3,1
238,214,95.5,6,12,2,17,26,3.5,9,4,8,3,5,2041501.2,0
238,215,170,7,17.5,11,40,29,4,15,19,7.5,14,6,3479977.4,0
238,216,205,5,23.5,17.5,33,50,4,23,19,14,3,13,4884166.1,0
238,217,105,8,5,3,29,18,4,15,15,4,4,0,2409578,0
238,219,239.5,12,9,17,58,35,4,39,25,12.5,14,14,5538731.6,0
238,220,17,0.6,1.1,2.8,2.8,2.3,0,1.1,0.6,0,5.7,0,444448.8,1
238,221,41,3,2.5,3,12,10,0,7,1,1.5,1,0,862126.3,0
238,222,227,11,19.5,14.5,59,56,4,18,18,15,7,5,4253664.2,0
238,223,98,3,10,10,12,20,3.5,17,14,3.5,2,3,2243516.8,0
238,224,63.5,2,7.5,3,12,13,0,9,12,0,4,1,1503036.2,0
238,225,133,2,7.5,9.5,22,26,3.5,23,17,8.5,11,3,3171283.7,0
238,226,285.5,6,29.5,19.5,40,54,7,34,51,17.5,22,5,5107047.3,0
238,227,138.5,10,7,13,41,15,5,15,20,5.5,4,3,2666454.1,0
238,228,137,7,7.5,6,15,26,2,21,29,9.5,12,2,3227308.1,0
238,229,97.5,3,9.5,3,11,16,2,29,17,4,3,0,2347418.5,0
238,230,53,2,4,3,17,8,2,7,3,3,0,4,1205053,0
238,231,55,2,7.5,3,6,12,2.5,8,6,2,4,2,1496344.4,0
238,232,144,1,16,4,9,42,3,36,12,7,4,10,3963661.1,0
238,233,157,2,15.5,8,15,35,2,38,16,12.5,8,5,4569647.5,0
238,234,41,0,4,2,9,9,0,8,3,3,1,2,1154191.1,0
238,235,128,1,5,6,10,16,0,51,24,6,2,7,3617438.3,0
238,236,128,3,12,5,13,20,0,18,24,3,20,10,3541209.3,0
238,237,145,3,17,13,15,38,1,17,19,10,8,4,2534590.1,0
238,238,77.5,4,5.5,7.5,11,18,3.5,6,5,6,7,4,1796943,0
238,239,46,4.5,3.5,7,11,6,1,5,3,1,3,1,983968.4,0
238,240,65.5,1,5.5,2,6,18,1,11,11,1,6,3,1818220.7,0
238,241,274.5,6,16.5,22,71,50,5,28,37,14,18,7,6210365.9,0
238,242,240.5,9,23,9.5,22,56,3,39,25,17,18,19,6323622.6,0
238,243,66.5,4.5,7,5,11,10,1,6,11,6,3,2,1748442.8,0
238,244,434.5,20,45.5,23,83,96,10.5,67,38,24.5,19,8,7711730.7,0
238,245,672,34,44,27.5,162,119,13,86,86,35.5,59,6,12126916,0
238,246,518.5,12.5,26,44,111,83,2.5,71,101,11.5,43,13,1.13816341E7,0
238,247,256.5,11,28.5,5,46,52,4,32,41,11,16,10,6714729.5,0
238,248,385.5,27,21.5,60,130,54,12,36,22,11,5,7,7352813.3,0
238,249,387,22,35,27,81,89,8,45,22,23,20,15,9455534.6,0
238,250,324.5,21,27,23,68,50,7.5,40,32,26,19,11,6724015.4,0
238,251,350.5,18,32.5,16,84,72,9,41,37,18,15,8,8460800.4,0
238,252,83,3,2,7,22,8,1,9,12,0,18,1,1958026.4,0
239,5,3,0,0.4,0.1,0.4,0.9,0.1,0.2,0.5,0.2,0.2,0,60904.9,1
239,6,16,0.3,2.3,0.6,2.3,4.6,0.6,0.8,2.6,1.1,0.8,0,324826.3,1
239,20,1,0,0.1,0.1,0,0.3,0,0.1,0.1,0,0.2,0.1,14562.4,1
239,36,1,0,0.1,0.1,0.2,0.2,0,0.1,0.2,0,0.1,0,16811.5,1
239,46,2,0.1,0.1,0,0.3,0.3,0.1,0.2,0.4,0.2,0.3,0,31481.9,1
239,52,2,0.1,0.1,0.1,0.3,0.3,0.1,0.5,0.1,0.3,0.1,0,46899.4,1
239,62,6,0.3,1,0.2,1.4,1.1,0.3,0,0.6,0.3,0.6,0.2,125296.1,1
239,64,8,0.4,1.3,0.2,1.9,1.5,0.4,0,0.8,0.4,0.9,0.2,167061.5,1
239,65,4,0.2,0.6,0.1,1,0.8,0.2,0,0.4,0.2,0.4,0.1,83530.7,1
239,67,4,0.1,0.6,0.2,0.6,1.1,0.3,0.3,0.4,0.1,0.2,0.1,84681,1
239,71,2,0,0.3,0.1,0.3,0.5,0.2,0.2,0.2,0,0.1,0.1,42340.5,1
239,79,2,0.2,0.1,0,0.3,0.2,0,0.5,0.3,0.1,0.3,0,39350.3,1
239,93,1,0,0.1,0.1,0.1,0.2,0,0.1,0.2,0.1,0.1,0,18740.3,1
239,95,7,0.1,0.6,0.7,0.8,1.4,0.1,0.7,1.3,0.6,0.7,0,131182.3,1
239,101,6,1,0.3,0.1,2.1,0.1,0.4,0.7,0.4,0.7,0.2,0,130706.8,1
239,111,2,0.1,0.3,0.2,0.4,0.5,0,0.2,0.1,0,0.1,0.1,38925.2,1
239,113,4,0.2,0.2,0.4,1,0.7,0.1,0.2,0.7,0.2,0.3,0,88859.7,1
239,118,2,0.1,0.1,0.2,0.5,0.3,0,0.1,0.4,0.1,0.2,0,44429.8,1
239,122,7,1,0.7,0.2,1,1.2,0.1,0.5,1.5,0.1,0.6,0.1,143457.6,1
239,141,4,0.5,0.3,0.3,1,0.8,0.1,0.6,0.1,0.1,0.1,0.1,88023.4,1
239,142,9,1.2,0.9,0.5,1.7,1.4,0.1,1.4,0.3,0.7,0.7,0.1,188512.7,1
239,148,2,0.3,0.2,0.1,0.4,0.3,0,0.3,0.1,0.1,0.2,0,41891.7,1
239,163,3,0,0.2,0.3,0.5,0.9,0.1,0.4,0.2,0.1,0.2,0.1,65073.5,1
239,170,18,0.6,2.6,1.1,3,2,0.4,5.2,2,0.2,0.7,0.2,432224.7,1
239,171,29,1,4.2,1.7,4.9,3.1,0.7,8.4,3.1,0.4,1.1,0.4,696362.1,1
239,183,4,0.1,0.4,0,0.3,1.4,0.1,0.7,0.2,0.4,0.2,0.2,107574.1,1
239,184,23,0.6,2.3,0,1.8,7.7,0.6,4.1,1.2,2.3,1.2,1.2,618551.2,1
239,196,2,0.1,0.2,0.1,0.3,0.3,0.1,0.2,0.3,0.2,0.2,0,50176.1,1
239,202,2,0.1,0.2,0.1,0.2,0.3,0,0.5,0.2,0.2,0.1,0.1,57512.1,1
239,203,3,0.1,0.3,0.2,0.3,0.5,0,0.7,0.4,0.2,0.2,0.1,86268.1,1
239,205,15,0.6,1.2,0.7,1.5,2.6,0.2,3.7,1.8,1.2,1.1,0.4,431340.6,1
239,206,109,6,8,3,20,22,4,13,17,9,3,4,2778734.9,0
239,207,18,0.5,2.3,0.5,1.5,3.8,0.2,2.8,4.1,0.8,0.2,1.3,456277.8,1
239,208,17,0.5,2.2,0.5,1.4,3.6,0.2,2.6,3.8,0.7,0.3,1.2,430929,1
239,214,101.5,5,12,7,24,16,0.5,17,5,5,7,3,2032248.7,0
239,215,113.5,7,11,8,31,21,7.5,10,3,9,1,5,1942849.8,0
239,216,56,3,3,2,16,10,1,5,8,3,5,0,1085624.3,0
239,217,3,0.1,0.2,0.5,0.5,0.4,0,0.2,0.1,0,1,0,78432.1,1
239,219,164,6.5,9,5,36,32,2,31,17,6.5,11,8,3639399.7,0
239,220,25,1,4.5,2,5,5,1,4,1,0.5,0,1,463479.9,0
239,222,1,0,0.2,0,0.1,0.4,0,0.1,0.1,0,0,0.1,25712.2,1
239,223,27,0,4.9,0.6,2.5,11.7,0,1.8,1.2,1.2,0.6,2.5,694229.9,1
239,224,5,0,0.9,0.1,0.5,2.2,0,0.3,0.2,0.2,0.1,0.5,128561.1,1
239,225,49,3,8,0,9,8,1,3,7,2,7,1,928110.4,0
239,226,186,9,15,11,22,34,5,30,33,8,16,3,3277272.8,0
239,227,418.5,29,37,22,74,100,16,42,51,19.5,21,7,6627588,0
239,228,88,3,8,3,6,12,0,10,22,0,20,4,2046715.2,0
239,230,78.5,8,4.5,19,27,8,1,9,0,1,1,0,1321204.6,0
239,231,107.5,7.5,7.5,9,26,25,5,7,6,8.5,1,5,2472482.2,0
239,232,58,0.5,5,3,6,10,1.5,18,8,2,0,4,1624511.1,0
239,233,116,2,6,8,8,25,1,34,16,4,1,11,3606775.9,0
239,234,321.5,19,22,20.5,91,77,12,35,21,13,5,6,6966826.3,0
239,235,382.5,27,40,20,89,70,18.5,44,31,33,7,3,6812563.2,0
239,236,244.5,3,21.5,8,41,61,4.5,22,35,16.5,22,10,5345755.9,0
239,237,261.5,8.5,23,20,57,51,5,23,28,15,14,17,4820123.9,0
239,238,237,7,21,8,50,51,8,39,24,15,10,4,4134226.7,0
239,239,14,0,1.8,1.2,3.3,3.8,0,1.5,1.2,0.3,0.6,0.3,323338.8,1
239,240,31,0,4,2.6,7.2,8.6,0,3.3,2.6,0.7,1.3,0.7,715964.5,1
239,241,318,13,25,40,99,60,4,25,24,18,5,5,5694182.6,0
239,242,93.5,9,6,3.5,14,14,1,22,10,2,6,6,2648209.2,0
239,243,75.5,6,5,2.5,11,19,2,8,7,5,1,9,1567356.4,0
239,244,145.5,4.5,11,7,17,21,2,26,34,7,9,7,3704238.7,0
239,245,24.5,0.7,1,3.4,5.5,6.2,0,1.4,1.4,2.1,2.8,0,457308.6,1
239,246,460,28,47,28.5,94,102,12,44,51,29,15,9.5,8536673.5,0
239,247,250,12,22,11,34,49,6,40,31,21,17,7,6280435.3,0
239,248,367.5,20,33,26.5,94,75,13,37,31,20,12,6,8211085.4,0
239,249,224,6,15,17.5,45,40,4,23,39,9.5,11,14,5900491.5,0
239,250,181.5,10,9.5,11,46,34,2,22,17,8,15,7,4114673.2,0
239,251,286.5,12,23.5,16,86,52,7,37,22,14,8,9,7194870,0
239,252,165,11,12.5,7,29,30,8,21,21,12.5,8,5,4452472.7,0
239,253,35,0,4.9,1.4,2.1,8.4,0.7,4.2,6.3,1.4,4.9,0.7,845009,1
239,254,184,21,24,9,45,31,9,12,15,18,0,0,2334387,0
239,255,271.5,20,31.5,26,42,55,11,33,14,25,9,5,3415985.9,0
240,1,8,0.2,0.9,1,0.5,2.5,0,1.1,1.4,0,0.2,0.2,165062.1,1
240,2,1,0,0.1,0,0.1,0.3,0,0.1,0.2,0.1,0.1,0,20301.6,1
240,43,3,0.1,0.2,0,0.4,0.5,0.1,0.3,0.6,0.3,0.5,0,47222.8,1
240,50,4,0.1,0.3,0,0.6,0.7,0.1,0.4,0.8,0.4,0.6,0,62963.7,1
240,53,4,0.1,0.1,0.2,0.7,0.6,0.1,1.1,0.3,0.6,0.2,0,93798.7,1
240,61,2,0.1,0.1,0.1,0.3,0.3,0.1,0.5,0.1,0.3,0.1,0,46899.4,1
240,64,11,0.6,1.7,0.3,2.6,2,0.6,0,1.1,0.6,1.2,0.3,229709.5,1
240,83,4,0.1,0.9,0.1,0.4,1.1,0.1,0.5,0.1,0.5,0.2,0,79606.4,1
240,85,4,0.1,0.9,0.1,0.4,1.1,0.1,0.5,0.1,0.5,0.2,0,79606.4,1
240,91,4,0.1,0.9,0.1,0.4,1.1,0.1,0.5,0.1,0.5,0.2,0,79606.4,1
240,95,2,0,0.2,0.2,0.2,0.4,0,0.2,0.4,0.2,0.2,0,37480.6,1
240,125,4,0.5,0.4,0.1,0.6,0.7,0.1,0.3,0.8,0.1,0.3,0.1,81975.8,1
240,143,6,0.8,0.6,0.3,1.1,0.9,0.1,0.9,0.2,0.5,0.5,0.1,125675.1,1
240,144,7,0.9,0.7,0.4,1.3,1.1,0.1,1.1,0.3,0.5,0.5,0.1,146621,1
240,152,4,0.1,0.4,0,1.1,0.7,0,0.8,0.6,0.3,0,0,79842.7,1
240,155,5,0.1,0.6,0,1.3,0.9,0,0.9,0.8,0.4,0,0,99803.4,1
240,169,3,0.1,0.4,0.2,0.5,0.3,0.1,0.9,0.3,0,0.1,0.1,72037.5,1
240,170,8,0.3,1.1,0.5,1.3,0.9,0.2,2.3,0.9,0.1,0.3,0.1,192099.9,1
240,183,8,0.2,0.8,0,0.6,2.7,0.2,1.5,0.4,0.8,0.4,0.4,215148.2,1
240,184,23,1,1,1,3,4,0,7,5,0,1,0,502282.3,0
240,191,2,0.2,0.3,0,0.3,0.5,0,0.4,0.1,0.1,0,0.1,48284,1
240,192,10,0.3,1,0.7,1.3,1.8,0.4,0.9,1.5,0.9,1,0.2,250880.7,1
240,194,6,0.2,0.6,0.5,0.8,1.1,0.2,0.5,0.9,0.5,0.6,0.1,150528.4,1
240,196,3,0.1,0.3,0.2,0.4,0.5,0.1,0.3,0.5,0.3,0.3,0,75264.2,1
240,200,2,0.1,0.2,0.1,0.1,0.4,0,0.3,0.4,0,0.2,0.2,52000.3,1
240,204,5,0.2,0.4,0.2,0.5,0.9,0.1,1.2,0.6,0.4,0.4,0.1,143780.2,1
240,205,5,0.2,0.4,0.2,0.5,0.9,0.1,1.2,0.6,0.4,0.4,0.1,143780.2,1
240,206,29,1.1,2.3,1.4,2.9,5,0.4,7.2,3.6,2.3,2.1,0.7,833925.2,1
240,207,12,0.3,1.5,0.3,1,2.5,0.2,1.9,2.7,0.5,0.2,0.9,304185.2,1
240,216,8,0.3,0.3,0.3,1.4,1.8,0.2,1.3,1.1,0.8,0.3,0.2,201839.7,1
240,219,1,0,0.1,0.2,0.2,0.1,0,0.1,0,0,0.3,0,26144,1
240,220,1,0,0.1,0.2,0.2,0.1,0,0.1,0,0,0.3,0,26144,1
240,222,3,0,0.5,0.1,0.3,1.3,0,0.2,0.1,0.1,0.1,0.3,77136.7,1
240,224,8,0,1.4,0.2,0.7,3.5,0,0.5,0.4,0.4,0.2,0.7,205697.7,1
240,225,212.5,3,15.5,7,29,28,3,52,46,11,15,3,4098557.2,0
240,226,194,10,25,3,14,42,4,20,37,7,28,4,3795944.7,0
240,227,91,9,10,1,16,19,0,6,12,8,9,1,1994160.1,0
240,228,13,0,0.7,1.5,0.6,2.7,0,2,2.6,0.2,2,0.7,275737,1
240,229,20,0,1.1,2.3,0.9,4.2,0,3.1,3.9,0.3,3.1,1.1,424210.7,1
240,230,7,0,0.4,0.8,0.3,1.4,0,1.1,1.4,0.1,1.1,0.4,148473.8,1
240,231,4,0,0.2,0.5,0.2,0.8,0,0.6,0.8,0.1,0.6,0.2,84842.1,1
240,232,35.5,0,6,2,1,14,0,3,3,1.5,4,1,888755.3,0
240,233,44,2,6,1,6,11,4,3,5,3,2,1,853064.2,0
240,234,243,9,30,30,52,57,6,22,14,17,3,3,3772460.4,0
240,235,127,7,14,16,27,19,3,8,14,13,5,1,2012431.3,0
240,236,188.5,11,8,10,45,40,2.5,19,18,19,7,9,4134456,0
240,237,293,15,19.5,7,35,40,9,26,32,15.5,92,2,5666791.5,0
240,238,166.5,11.5,21.5,13,43,24,6,15,14,14.5,2,2,2146518.7,0
240,239,2,0,0.3,0.2,0.5,0.5,0,0.2,0.2,0,0.1,0,46191.3,1
240,240,175,6,8,24,34,29,7,24,21,9,12,1,4144407.9,0
240,241,305.5,14,43,19,52,59,10,35,31,28.5,4,10,7132272.3,0
240,242,147,2,12,8,9,28,1,43,20,3,6,15,4513630.6,0
240,243,67.5,1,7.5,5,13,14,3,3,11,4,6,0,1234122.7,0
240,244,7,0.2,0.3,1,1.6,1.7,0,0.4,0.4,0.6,0.8,0,130659.6,1
240,245,58,3,4,6,26,11,0,4,3,1,0,0,1222639.5,0
240,246,2,0.1,0.1,0.3,0.4,0.5,0,0.1,0.1,0.2,0.2,0,37331.3,1
240,247,809,89,76,72.5,177,121,52,56,38,89.5,19,19,1.01561285E7,0
240,248,670.5,52,59,53,168,111,19,63,62,53.5,19,11,9535321.9,0
240,249,244.5,9,14.5,17,57,45,4,28,31,10,23,6,5279353.6,0
240,250,398.5,26,20,22,123,77,11,36,44,25.5,8,6,9659932,0
240,251,366.5,24.5,15,32,125,53,4,47,38,11,13,4,8047794.8,0
240,252,101.5,8,6.5,4,24,11,7,10,14,6,9,2,2319316.3,0
240,253,280.5,11,24,16,41,65,5.5,32,48,17,18,3,5257359.9,0
240,254,206,7,18,17,72,30,11,10,24,9,6,2,4354671.4,0
240,255,436,36,49,35,85,92,12,45,36,30,12,4,6095718.4,0
241,6,1,0,0.1,0,0.1,0.3,0,0.1,0.2,0.1,0.1,0,20301.6,1
241,27,1,0,0.1,0.1,0,0.3,0,0.1,0.1,0,0.2,0.1,14562.4,1
241,32,6,0,0.7,0.3,1.2,1.2,0,0.9,1,0,0.5,0.2,100868.8,1
241,63,1,0,0.2,0,0.2,0.2,0.1,0,0.1,0.1,0.1,0,20882.7,1
241,70,4,0.1,0.6,0.2,0.6,1.1,0.3,0.3,0.4,0.1,0.2,0.1,84681,1
241,71,14,0.4,1.9,0.7,1.9,3.8,1.1,1.1,1.5,0.4,0.8,0.4,296383.6,1
241,77,7,0.6,0.2,0,1.1,0.6,0.2,1.9,1.2,0.2,1,0,137725.9,1
241,81,2,0.2,0.1,0,0.3,0.2,0,0.5,0.3,0.1,0.3,0,39350.3,1
241,83,8,0.1,1.7,0.3,0.9,2.3,0.1,1,0.3,1,0.3,0,159212.7,1
241,84,4,0.1,0.9,0.1,0.4,1.1,0.1,0.5,0.1,0.5,0.2,0,79606.4,1
241,92,4,0.1,0.3,0.4,0.5,0.8,0.1,0.4,0.7,0.3,0.4,0,74961.3,1
241,110,1,0,0.2,0.1,0.2,0.3,0,0.1,0.1,0,0,0,19462.6,1
241,118,2,0.1,0.1,0.2,0.5,0.3,0,0.1,0.4,0.1,0.2,0,44429.8,1
241,123,4,0.5,0.4,0.1,0.6,0.7,0.1,0.3,0.8,0.1,0.3,0.1,81975.8,1
241,127,3,0.2,0.1,0.3,0.5,0.5,0,0.4,0.4,0,0.5,0.1,53802.8,1
241,132,2,0.1,0.1,0.2,0.2,0.4,0.1,0.2,0.2,0.2,0.3,0,37605.9,1
241,136,7,0.3,0.5,0.6,0.7,1.5,0.2,0.7,0.7,0.6,1.1,0.1,131620.8,1
241,167,1,0,0.2,0.1,0.2,0.1,0,0.3,0.1,0,0,0,24012.5,1
241,169,6,0.2,0.9,0.4,1,0.6,0.1,1.7,0.7,0.1,0.2,0.1,144074.9,1
241,170,2,0.1,0.3,0.1,0.3,0.2,0.1,0.6,0.2,0,0.1,0,48025,1
241,178,13,0.6,1,1.1,0.8,2.3,0,3.1,2.5,0.8,0.6,0.2,312608.8,1
241,184,4,0.1,0.4,0,0.3,1.4,0.1,0.7,0.2,0.4,0.2,0.2,107574.1,1
241,191,4,0.4,0.5,0.1,0.6,0.9,0.1,0.8,0.1,0.3,0.1,0.1,96568,1
241,192,5,0.2,0.5,0.4,0.7,0.9,0.2,0.4,0.7,0.4,0.5,0.1,125440.4,1
241,194,21.5,0.7,2.2,1.6,2.9,3.8,0.8,1.9,3.2,1.9,2.2,0.3,539393.6,1
241,195,4,0.1,0.4,0.3,0.5,0.7,0.1,0.4,0.6,0.4,0.4,0.1,100352.3,1
241,196,6,0.2,0.6,0.5,0.8,1.1,0.2,0.5,0.9,0.5,0.6,0.1,150528.4,1
241,197,3,0.1,0.3,0.1,0.2,0.6,0,0.4,0.6,0.1,0.3,0.3,78000.5,1
241,198,2,0.1,0.2,0.1,0.1,0.4,0,0.3,0.4,0,0.2,0.2,52000.3,1
241,200,14,0.6,1.2,0.6,0.9,2.7,0,1.8,2.9,0.3,1.5,1.5,364002.2,1
241,201,12,0.5,1,0.5,0.8,2.3,0,1.5,2.5,0.3,1.3,1.3,312001.8,1
241,202,10,0.4,0.8,0.5,1,1.7,0.1,2.5,1.2,0.8,0.7,0.3,287560.4,1
241,203,25.5,0,4,0.5,1,9,0,5,3,1,1,1,779562.7,0
241,204,37,1,3,2,2,4,0,13,8,1,2,1,1076494.7,0
241,205,12,0.4,1,0.6,1.2,2.1,0.1,2.9,1.5,1,0.9,0.3,345072.5,1
241,215,14,0.5,0.5,0.5,2.6,3.2,0.3,2.2,1.9,1.4,0.6,0.3,353219.4,1
241,216,9,0.3,0.3,0.3,1.7,2.1,0.2,1.4,1.2,0.9,0.4,0.2,227069.6,1
241,223,28,2,2,2,3,5,0,4,9,0,0,1,646801.7,0
241,224,160,1,12.5,0,5,13,1,16,36,3.5,72,0,3528394.6,0
241,225,98,3,5,0,6,9,1,25,44,1,3,1,2351820.9,0
241,226,141.5,3,13.5,5,18,19,4,14,31,8,24,2,2920801.6,0
241,227,54,0,4.5,1,2,6,0,1,29,2.5,8,0,1439392.7,0
241,228,4,0,0.2,0.5,0.2,0.8,0,0.6,0.8,0.1,0.6,0.2,84842.1,1
241,229,7,0,0.4,0.8,0.3,1.4,0,1.1,1.4,0.1,1.1,0.4,148473.8,1
241,230,5,0,0.3,0.5,0.2,1,0,0.8,1,0.1,0.8,0.3,106052.7,1
241,231,1,0,0.1,0.1,0,0.2,0,0.1,0.2,0,0.2,0.1,21210.5,1
241,233,32.5,1,2.5,1,3,8,1,5,3,3,4,1,929171.8,0
241,234,130,5,7,7,26,25,4,20,19,5,8,4,2813754.9,0
241,235,279,12.5,28,19,53,57,6,26,40,16.5,18,3,5524587.2,0
241,236,150,5,7,6,14,32,5,23,18,12,24,4,3517379.7,0
241,237,270.5,29,25.5,18,43,46,9,20,37,18,19,6,5052740.7,0
241,238,546,24,42,58,145,116,13,65,33,19,28,3,9227547.7,0
241,239,84,1,4,11,11,18,0,20,7,3,8,1,1649448.2,0
241,240,206.5,10,19.5,21,38,39,5.5,21,20,9.5,16,7,4508938.9,0
241,241,155,4,18,5,16,34,2,21,27,9,4,15,4424487.9,0
241,242,149,3,17,4,12,27,3,39,26,10,5,3,3989136.4,0
241,245,451,16,12.5,51,145,75,9,48,49,11.5,30,4,8783161.9,0
241,246,2,0.1,0.1,0.3,0.4,0.5,0,0.1,0.1,0.2,0.2,0,37331.3,1
241,248,391,29,29,46.5,122,49,8,40,39,16.5,11,1,6749104.5,0
241,249,286.5,20.5,15,18,64,41,8,25,41,20,30,4,5931535.4,0
241,250,229,11,24.5,10,40,52,9,20,21,16.5,19,6,5086234.3,0
241,251,183,10,17,5,29,36,6,26,21,11,16,6,4449320.9,0
241,252,165,8.5,8,9,26,23,4,26,31,8.5,17,4,3285717.4,0
241,253,208,15,21,18,30,47,7,24,22,12,12,0,3408190,0
241,254,337,22,43.5,30,54,63,12,37,34,25.5,13,3,4785440.7,0
241,255,131,2,7,4,11,16,1,23,35,8,22,2,2932792.2,0
242,5,4,0,0.9,0.2,0.2,0.6,0.1,0.5,1.1,0.1,0.3,0,68447.2,1
242,6,4,0,0.9,0.2,0.2,0.6,0.1,0.5,1.1,0.1,0.3,0,68447.2,1
242,10,6,0,1.3,0.3,0.3,0.9,0.1,0.7,1.8,0.2,0.4,0,102670.8,1
242,13,3,0,0.2,0.2,0.2,0.9,0,0.3,0.4,0,0.6,0.2,43687.3,1
242,14,2,0,0.1,0.2,0.1,0.6,0,0.2,0.2,0,0.4,0.2,29124.9,1
242,27,2,0.2,0.1,0.1,0.5,0.3,0,0.3,0.2,0.1,0.2,0,38319.4,1
242,40,4,0.1,0,0.3,0.2,1.3,0,0.5,0.2,0.3,0.8,0.3,69883.7,1
242,53,4,0.1,0.2,0.5,0.5,1,0.1,0.6,0.3,0.3,0.1,0.3,78647.7,1
242,54,5,0.1,0.2,0.6,0.6,1.2,0.2,0.8,0.4,0.4,0.2,0.3,98309.6,1
242,57,10,0.1,0.5,1.3,1.3,2.4,0.3,1.6,0.8,0.8,0.3,0.6,196619.1,1
242,58,3,0.1,0.1,0.4,0.4,0.7,0.1,0.5,0.2,0.2,0.1,0.2,58985.7,1
242,59,6,0.1,0.3,0.7,0.8,1.4,0.2,0.9,0.5,0.5,0.2,0.4,117971.5,1
242,62,5,0.3,0.4,0.1,1.2,0.7,0.4,0.3,0.7,0.3,0.6,0,107055.9,1
242,63,2,0.1,0.2,0,0.5,0.3,0.2,0.1,0.3,0.1,0.2,0,42822.4,1
242,66,4,0.2,0.3,0.1,1,0.6,0.3,0.2,0.6,0.2,0.5,0,85644.7,1
242,67,3,0.2,0.2,0.1,0.7,0.4,0.2,0.2,0.5,0.2,0.3,0,64233.5,1
242,71,9,0.5,0.7,0.2,2.2,1.3,0.7,0.5,1.4,0.5,1,0,192700.6,1
242,75,6,0.9,0.6,0,1.5,1.3,0.3,0.3,0.5,0.6,0,0,124900.7,1
242,85,10,0,1.8,0.7,1.1,2.9,0.2,0.9,1.3,0.7,0.4,0,187617.4,1
242,88,2,0,0.4,0.1,0.2,0.6,0,0.2,0.3,0.1,0.1,0,37523.5,1
242,110,1,0,0.1,0,0.1,0.3,0,0.1,0.3,0,0.1,0,28393.6,1
242,126,3,0.1,0.1,0.2,0.5,0.5,0,0.5,0.7,0,0.2,0.2,66735.6,1
242,127,3,0.1,0.1,0.2,0.5,0.5,0,0.5,0.7,0,0.2,0.2,66735.6,1
242,132,12,0.4,0.9,1,1.3,2.3,0.1,1.6,1.5,1.2,1.3,0.4,280884.2,1
242,133,13,0.4,1,1,1.4,2.5,0.2,1.7,1.6,1.3,1.5,0.4,304291.2,1
242,135,11,0.4,0.8,0.9,1.2,2.1,0.1,1.5,1.3,1.1,1.2,0.4,257477.2,1
242,136,45,4,4,1,11,5,2,3,6,3,4,2,956458.3,0
242,137,8,1.3,0.2,0.9,2.5,0.8,0.2,1.1,0.4,0,0.4,0.2,200379.5,1
242,162,8,0,0.8,0.2,0.6,1.9,0.2,1.4,1.9,0.2,0.6,0.2,192579,1
242,163,5,0,0.5,0.1,0.4,1.2,0.1,0.9,1.2,0.1,0.4,0.1,120361.9,1
242,173,2,0.1,0.2,0.1,0.3,0.4,0,0.6,0.2,0,0.1,0,45983.1,1
242,177,17,0.3,1.9,0.8,2,5.5,0.3,2.9,1.4,0.7,0.6,0.6,451742.6,1
242,178,23,0.4,2.5,1.2,2.7,7.4,0.4,3.9,1.9,1,0.8,0.8,611181.2,1
242,179,5,0.1,0.5,0.3,0.6,1.6,0.1,0.8,0.4,0.2,0.2,0.2,132865.5,1
242,193,16,0.4,1.6,0.4,2.8,2.8,0.7,3,2.5,1,0.4,0.4,386906.1,1
242,194,33.5,1,7,1,5,10,0,6,1,0.5,0,2,896639,0
242,195,27,0.7,2.7,0.7,4.7,4.7,1.2,5,4.2,1.7,0.7,0.7,652904.1,1
242,196,35,0,4,0,4,6,1,9,5,3,3,0,1027644.9,0
242,197,5,0,0.5,0.3,0.4,0.9,0.1,1,1.3,0.1,0.2,0.2,136169.1,1
242,200,12,0,1.3,0.7,0.9,2.2,0.2,2.4,3.1,0.3,0.4,0.5,326805.8,1
242,201,23,0,2.4,1.4,1.7,4.2,0.4,4.5,5.9,0.7,0.7,1.1,626377.8,1
242,202,28,1,1,1,2,2,0,3,13,2,3,0,825883.5,0
242,203,30,1,3,3,3,6,0,8,3,1,0,2,703670,0
242,204,31,0,1,2,1,4,0,7,10,0,4,2,869987.1,0
242,205,9,0.2,0.6,0.3,1.2,1.3,0.1,1.7,2.6,0.5,0.3,0.2,250341.3,1
242,206,4,0.1,0.3,0.1,0.5,0.6,0,0.8,1.2,0.2,0.1,0.1,111262.8,1
242,212,7,0.2,0.5,0.4,1.1,1.7,0.1,0.8,1,0.5,0.3,0.4,151407.5,1
242,213,11,0.3,0.8,0.6,1.8,2.6,0.2,1.3,1.6,0.8,0.4,0.6,237926,1
242,215,25,1,1,1,4,3,0,4,4,0,6,1,554650.8,0
242,223,21,0,1,1,0,3.2,0,8.4,7.4,0,0,0,524500.5,1
242,224,148,2,9,11,5,24,0,45,38,3,5,6,3675843.1,0
242,225,118.5,1,7.5,3,3,15,0,39,38,4,7,1,3157971.6,0
242,226,56,2,6,3,7,8,1,8,11,2,7,1,1226675.2,0
242,227,84,1,5,2,9,11,0,15,31,4,3,3,2271964.9,0
242,228,17,0,1.3,0.8,0,3,0,5.1,4.8,0.5,1,0.5,413366.1,1
242,229,10,0,0.7,0.5,0,1.8,0,3,2.8,0.3,0.6,0.3,243156.5,1
242,231,9,0,0.7,0.4,0,1.6,0,2.7,2.5,0.3,0.5,0.3,218840.9,1
242,232,86,3,10,0,15,13,1,17,9,7,9,2,1876723.7,0
242,233,131,5,9,5,12,28,2,20,26,10,9,5,3690499.3,0
242,234,173,3,14,11,13,48,4,35,17,12,7,9,4042632.2,0
242,235,92,5,6,4,11,24,0,16,8,4,7,7,2545066.2,0
242,236,108,8,8,6,16,19,2,13,20,5,9,2,2642595.1,0
242,237,60,5,5,4,10,8,1,16,6,2,0,3,1641723.5,0
242,238,119.5,1,8.5,5,11,26,1,24,16,2,17,8,3023618.5,0
242,239,148.5,7,27,6,19,34,6,10,15,15.5,7,2,3162151.1,0
242,240,139,1,27,3,8,29,1,22,23,10,7,8,3884027.7,0
242,241,154,5,14,9,18,37,5,24,24,4,9,5,4197659.7,0
242,242,44,2,0,3,9,6,2,12,1,1,6,2,1129061.3,0
242,245,7,0,1.2,0,0.5,2.1,0,0.7,1.5,0,0.7,0.3,157255.4,1
242,246,31,0,3,0,5,7,1,6,4,3,1,1,678681.4,0
242,247,299,7,7,24,78,62,2.5,43,55,5.5,13,2,4709287.8,0
242,248,574.5,42,71.5,49,107,125,19,46,40,52,17,6,8905273.4,0
242,249,217,11.5,18.5,7,39,46,6.5,18,33,13.5,20,4,5173188.4,0
242,250,146,4,15.5,9.5,30,31,1,12,25,6,8,4,3715266.5,0
242,251,133.5,3,18,6,13,22,4.5,7,21,11,26,2,2914982.3,0
242,252,220.5,16,12,23,40,49,3,31,19,6.5,14,7,3893796.7,0
242,253,498.5,51,28,33,115,89,19,58,45,32.5,27,1,7197574.6,0
242,254,771.5,66,92,57,142,132,41.5,61,60,98,22,0,9340037.3,0
242,255,636.5,52,80.5,53,97,100,22,54,48,70,57,3,8106000.3,0
243,2,2,0,0.5,0.1,0.1,0.3,0,0.2,0.6,0.1,0.1,0,34223.6,1
243,7,5,0,1.1,0.2,0.3,0.8,0.1,0.6,1.4,0.2,0.3,0,85559,1
243,10,4,0,0.9,0.2,0.2,0.6,0.1,0.5,1.1,0.1,0.3,0,68447.2,1
243,53,6,0.1,0.3,0.7,0.8,1.4,0.2,0.9,0.5,0.5,0.2,0.4,117971.5,1
243,54,5,0.1,0.2,0.6,0.6,1.2,0.2,0.8,0.4,0.4,0.2,0.3,98309.6,1
243,65,2,0.1,0.2,0,0.5,0.3,0.2,0.1,0.3,0.1,0.2,0,42822.4,1
243,66,5,0.3,0.4,0.1,1.2,0.7,0.4,0.3,0.7,0.3,0.6,0,107055.9,1
243,75,1,0.2,0.1,0,0.3,0.2,0,0,0.1,0.1,0,0,20816.8,1
243,79,4,0.6,0.4,0,1,0.9,0.2,0.2,0.3,0.4,0,0,83267.1,1
243,97,7,0.4,0.5,0.4,1.5,1.3,0.4,0.6,0.7,0.7,0.3,0.2,145763.8,1
243,98,11,0.7,0.7,0.5,2.4,2.1,0.5,1,1.2,1.1,0.5,0.3,229057.3,1
243,109,2,0.1,0.2,0,0.2,0.5,0,0.3,0.5,0.1,0.1,0,56787.1,1
243,123,2,0.1,0,0.1,0.3,0.3,0,0.3,0.5,0,0.2,0.2,44490.4,1
243,124,4,0.2,0.1,0.3,0.6,0.6,0,0.6,1,0,0.3,0.3,88980.8,1
243,126,6,0.2,0.1,0.5,0.9,0.9,0,0.9,1.5,0,0.5,0.5,133471.2,1
243,135,12,0.4,0.9,1,1.3,2.3,0.1,1.6,1.5,1.2,1.3,0.4,280884.2,1
243,136,20,0.7,1.5,1.6,2.2,3.8,0.2,2.7,2.4,2,2.2,0.7,468140.3,1
243,137,6,1,0.1,0.7,1.9,0.6,0.1,0.9,0.3,0,0.3,0.1,150284.6,1
243,163,5,0,0.5,0.1,0.4,1.2,0.1,0.9,1.2,0.1,0.4,0.1,120361.9,1
243,168,2,0,0.2,0.1,0.1,0.5,0,0.3,0.5,0.1,0.1,0.1,48144.7,1
243,170,11,0,1.1,0.3,0.8,2.7,0.2,1.9,2.7,0.2,0.8,0.3,264796.1,1
243,175,2,0.1,0.2,0.1,0.3,0.4,0,0.6,0.2,0,0.1,0,45983.1,1
243,176,5,0.3,0.4,0.4,0.7,1,0.1,1.4,0.4,0,0.2,0.1,114957.7,1
243,177,1,0,0.1,0.1,0.1,0.3,0,0.2,0.1,0.1,0,0,26573.1,1
243,178,2,0,0.2,0.1,0.2,0.7,0,0.3,0.2,0.1,0.1,0.1,53146.2,1
243,183,13,0.1,1.8,0.3,1,3.4,0.3,2.9,1.5,1,0.6,0.1,323234,1
243,184,22,0.2,3.1,0.5,1.7,5.7,0.5,5,2.6,1.6,0.9,0.2,547011.4,1
243,188,4,0.1,0.3,0.1,0.5,0.9,0.4,0.5,0.7,0.3,0.1,0.1,109961.9,1
243,189,8,0.3,0.6,0.1,1.1,1.8,0.8,0.9,1.4,0.6,0.1,0.3,219923.8,1
243,194,6.5,0.2,0.6,0.2,1.1,1.1,0.3,1.2,1,0.4,0.2,0.2,157180.6,1
243,196,32,1,2,1,2,9,1,7,3,3,0,3,921817.1,0
243,202,3,0.1,0.2,0.1,0.4,0.4,0,0.6,0.9,0.2,0.1,0,83447.1,1
243,203,18,0.5,1.2,0.6,2.4,2.6,0.2,3.4,5.2,1,0.5,0.4,500682.7,1
243,205,9,0.2,0.6,0.3,1.2,1.3,0.1,1.7,2.6,0.5,0.3,0.2,250341.3,1
243,206,13,0.3,0.9,0.4,1.8,1.8,0.2,2.5,3.8,0.7,0.3,0.3,361604.2,1
243,213,5,0.1,0.4,0.2,0.8,1.2,0.1,0.6,0.7,0.4,0.2,0.3,108148.2,1
243,214,6,0.1,0.5,0.3,1,1.4,0.1,0.7,0.9,0.5,0.2,0.3,129777.8,1
243,215,22,0.6,1.7,1.1,3.5,5.2,0.4,2.6,3.2,1.7,0.7,1.3,475852,1
243,222,1,0,0,0,0,0.2,0,0.4,0.4,0,0,0,24976.2,1
243,224,104,0,8,5,14,19,0,28,19,4,3,4,2859729.2,0
243,225,94,1,2,2,11,14,0,30,21,4,6,3,2870363.6,0
243,226,72,10,7,3,15,5,5,3,4,6,3,11,1137458.2,0
243,227,44,1,8.5,2,7,11,2.5,3,1,6,0,2,1197645.9,0
243,228,3,0,0.2,0.1,0,0.5,0,0.9,0.9,0.1,0.2,0.1,72947,1
243,229,3,0,0.2,0.1,0,0.5,0,0.9,0.9,0.1,0.2,0.1,72947,1
243,230,19,0,1.4,0.8,0,3.4,0,5.7,5.4,0.6,1.1,0.6,461997.4,1
243,232,138,17,13,6,40,29,8,2,4,16,1,2,2869848.6,0
243,233,142,7.5,17.5,5.5,30,35,8,9,10,13.5,5,1,3074934.8,0
243,234,56.5,4,2,4,13,11,1,3,7,3.5,6,2,1192469.3,0
243,235,51,1,2,4,8,7,1,12,8,2,6,0,1023514.5,0
243,236,12,0.6,2.3,0.8,2,2.5,0.7,1.7,0.4,0.7,0,0.3,232470.8,1
243,237,161.5,15,11,7,35,24,7,15,17,9.5,18,3,3777106.9,0
243,238,152.5,6,11.5,5,14,37,0,15,30,10,18,6,3405323.5,0
243,239,80,3,4,1,11,19,1,13,18,5,3,2,1738985.7,0
243,240,140,3,9,10,21,26,3.5,17,23,8.5,14,5,3378644.6,0
243,241,134,4.5,5.5,5,23,14,0.5,18,35,4.5,23,1,3359137.8,0
243,242,121,6,5,1,51,29,0,8,12,2,5,2,1457996,0
243,243,7,0,1.2,0,0.5,2.1,0,0.7,1.5,0,0.7,0.3,157255.4,1
243,244,1,0,0.2,0,0.1,0.3,0,0.1,0.2,0,0.1,0,22465.1,1
243,245,24,0,0,5,4,5,1,5,2,1,1,0,432881,0
243,246,140,6,10,8,18,24,4,23,25,9,9,4,3519944.4,0
243,247,37,0.8,2.5,0,5,6.7,1.7,4.2,5.1,3.4,5.9,1.7,808386.1,1
243,248,154.5,9,12.5,14,48,23,3,17,14,9,4,1,2355142.1,0
243,249,81.5,3,10,2,14,15,2,10,4,9.5,7,5,1865920.4,0
243,250,176,8,22,12,14,43,2.5,21,27,8.5,10,8,4220205.9,0
243,251,94,5,7,1,13,11,3,8,22,9,14,1,2106941.4,0
243,252,381.5,23,31.5,20,74,69,9,33,56,27,36,3,6809866.5,0
243,253,396.5,31,30,34,84,80,9,47,40,26.5,9,6,5755237.2,0
243,254,239.5,17.5,13.5,20,61,40,8,33,27,12.5,7,0,3966860.4,0
243,255,350.5,33.5,35,16,75,56,17,29,44,42,3,0,4691972.1,0
244,28,2,0.2,0.1,0.1,0.5,0.3,0,0.3,0.2,0.1,0.2,0,38319.4,1
244,51,4,0.1,0.2,0.3,0.5,1.2,0.1,0.1,0.7,0.1,0.5,0.2,77150.9,1
244,75,2,0.3,0.2,0,0.5,0.4,0.1,0.1,0.2,0.2,0,0,41633.6,1
244,80,6,0.9,0.6,0,1.5,1.3,0.3,0.3,0.5,0.6,0,0,124900.7,1
244,84,1,0,0.2,0.1,0.1,0.3,0,0.1,0.1,0.1,0,0,18761.7,1
244,91,5,0,0.9,0.3,0.6,1.4,0.1,0.5,0.7,0.3,0.2,0,93808.7,1
244,97,5,0.3,0.3,0.3,1.1,0.9,0.3,0.5,0.5,0.5,0.2,0.1,104117,1
244,98,45.5,3,1.5,2,12,8,4,9,0,3,0,3,892306.9,0
244,99,25,1.6,1.6,1.2,5.4,4.7,1.2,2.3,2.6,2.6,1.1,0.7,520584.9,1
244,100,14,0.9,0.9,0.7,3,2.6,0.7,1.3,1.5,1.4,0.6,0.4,291527.5,1
244,103,16,0.5,1.6,0,2.1,4.3,0,2.1,4.3,0.5,0.6,0,454296.9,1
244,119,5,0.2,0.3,0.5,0.8,1.1,0,0.9,0.9,0,0.3,0,145647.1,1
244,134,3,0.1,0.2,0.3,0.3,0.6,0,0.4,0.4,0.3,0.3,0.1,70221.1,1
244,164,2,0,0.2,0.1,0.1,0.5,0,0.3,0.5,0.1,0.1,0.1,48144.7,1
244,165,2,0,0.2,0.1,0.1,0.5,0,0.3,0.5,0.1,0.1,0.1,48144.7,1
244,174,5,0.3,0.4,0.4,0.7,1,0.1,1.4,0.4,0,0.2,0.1,114957.7,1
244,183,12,0.1,1.7,0.3,0.9,3.1,0.3,2.7,1.4,0.9,0.5,0.1,298369.8,1
244,184,55,0,9,0,2,19,1,11,4,6,0,3,1542626.4,0
244,185,20,0.2,2.8,0.4,1.5,5.2,0.4,4.5,2.4,1.5,0.9,0.2,497283.1,1
244,188,13,0.5,1,0.2,1.7,2.9,1.2,1.5,2.2,1,0.3,0.5,357376.2,1
244,189,2,0.1,0.2,0,0.3,0.5,0.2,0.2,0.3,0.1,0,0.1,54981,1
244,191,2,0.1,0.2,0,0.3,0.5,0.2,0.2,0.3,0.1,0,0.1,54981,1
244,192,14,0.4,1.4,0.4,2.4,2.4,0.6,2.6,2.2,0.8,0.4,0.4,338542.9,1
244,193,64.5,3,10,0.5,8,16,2,7,5,8,0,5,1503100.9,0
244,194,57.5,1,7,6.5,11,13,0,8,6,3,0,2,1435512.1,0
244,195,1,0,0.1,0,0.2,0.2,0,0.2,0.2,0.1,0,0,24181.6,1
244,196,26,0.7,2.6,0.7,4.5,4.5,1.1,4.8,4.1,1.6,0.7,0.7,628722.4,1
244,197,9,0,1,0.5,0.7,1.6,0.1,1.8,2.3,0.3,0.3,0.4,245104.3,1
244,199,1,0,0.1,0.1,0.1,0.2,0,0.2,0.3,0,0,0,27233.8,1
244,200,2,0,0.2,0.1,0.1,0.4,0,0.4,0.5,0.1,0.1,0.1,54467.6,1
244,202,5,0.1,0.3,0.2,0.7,0.7,0.1,0.9,1.5,0.3,0.1,0.1,139078.5,1
244,206,16,0.4,1.1,0.5,2.2,2.3,0.2,3,4.7,0.9,0.4,0.3,445051.3,1
244,207,41.5,0,9.5,1,2,9,0,7,6,4,2,1,980975.8,0
244,208,7,0,1,0.4,0.4,2.5,0,1.1,1.2,0.4,0,0,133041.1,1
244,213,11,0.3,0.8,0.6,1.8,2.6,0.2,1.3,1.6,0.8,0.4,0.6,237926,1
244,214,8,0.2,0.6,0.4,1.3,1.9,0.1,0.9,1.2,0.6,0.3,0.5,173037.1,1
244,224,31,0,2,2,5,5,0,1,12,1,2,1,862185,0
244,225,100,5,7,6,12,23,0,20,16,6,1,4,2489888.4,0
244,226,93,2,5,5,8,13,4,21,23,5,6,1,2206552.2,0
244,227,60,0,3,0,7,13,0,9,24,0,4,0,1215670.5,0
244,228,2,0,0.1,0.1,0,0.3,0,0.6,0.6,0.1,0.1,0.1,48631.3,1
244,231,4,0,0.3,0.2,0,0.7,0,1.2,1.1,0.1,0.3,0.1,97262.6,1
244,232,112.5,9,5.5,13,29,23,4,9,9,7,1,3,1998501.2,0
244,233,49,2.3,9.2,3.5,8.1,10.4,2.9,6.9,1.7,2.9,0,1.1,949255.9,1
244,234,10,0.5,1.9,0.7,1.6,2.1,0.6,1.4,0.4,0.6,0,0.2,193725.7,1
244,235,77,5,5,5,11,15,0,9,12,6,7,2,1621948.1,0
244,236,79,2,15,11,9,20,2,11,0,6,1,2,1086268.4,0
244,237,140,13,17,13,20,22,4,14,7,13,16,1,2284107.8,0
244,238,33.5,3.9,0.8,1.1,11.7,3.3,2.8,3.4,1.7,2.5,1.7,0.6,631051,1
244,240,3,0.4,0.1,0.1,1,0.3,0.2,0.3,0.2,0.2,0.2,0,56512,1
244,241,72.5,2.5,5,14,19,10,0.5,8,6,5.5,1,1,1423386.7,0
244,242,7,0,1.2,0,0.5,2.1,0,0.7,1.5,0,0.7,0.3,157255.4,1
244,243,15,0,2.5,0,1.1,4.4,0,1.5,3.3,0,1.5,0.7,336975.9,1
244,244,70.5,3,4,1,8,16,0.5,13,7,4,13,1,1526245.1,0
244,245,46,2,3,5,10,9,1,3,6,5,2,0,1069110.3,0
244,246,339,27,29,26,82,55,8,35,38,17,17,5,6163349.9,0
244,247,126,4,16.5,17,20,25,2,17,13,6.5,3,2,2159999.2,0
244,248,5,0.1,0.3,0,0.7,0.9,0.2,0.6,0.7,0.5,0.8,0.2,109241.4,1
244,249,2,0,0.1,0,0.3,0.4,0.1,0.2,0.3,0.2,0.3,0.1,43696.5,1
244,250,56,2,8,4,13,7,1,4,8,1,7,1,1120362.7,0
244,251,47,4,7,1,9,10,0,4,6,5,1,0,1224938.5,0
244,252,275,19,24,31,55,63,10,26,13,30,1,3,4218028.4,0
244,253,9,0.3,0.4,0.3,1.1,1.2,0,1,2,0.8,1.5,0.4,196127.7,1
244,254,3,0.1,0.1,0.1,0.4,0.4,0,0.3,0.7,0.3,0.5,0.1,65375.9,1
245,5,13,0,2.9,0.7,0.7,2,0.2,1.5,3.7,0.4,0.9,0,222453.4,1
245,6,4,0,0.9,0.2,0.2,0.6,0.1,0.5,1.1,0.1,0.3,0,68447.2,1
245,9,2,0,0.5,0.1,0.1,0.3,0,0.2,0.6,0.1,0.1,0,34223.6,1
245,21,3,0,0.2,0.2,0.2,0.9,0,0.3,0.4,0,0.6,0.2,43687.3,1
245,34,1,0,0,0.1,0,0.3,0,0.1,0.1,0.1,0.2,0.1,17470.9,1
245,59,2,0,0.1,0.2,0.2,0.5,0.1,0.3,0.2,0.2,0.1,0.1,39323.8,1
245,96,3,0,0.4,0.1,0.8,0.2,0,0.5,0.4,0.3,0.2,0.1,59925,1
245,98,25,1.6,1.6,1.2,5.4,4.7,1.2,2.3,2.6,2.6,1.1,0.7,520584.9,1
245,99,21,1.3,1.3,1,4.6,4,1,1.9,2.2,2.2,0.9,0.6,437291.3,1
245,100,13,0.8,0.8,0.6,2.8,2.5,0.6,1.2,1.4,1.4,0.5,0.4,270704.1,1
245,101,6,0.4,0.4,0.3,1.3,1.1,0.3,0.5,0.6,0.6,0.3,0.2,124940.4,1
245,103,2,0.1,0.2,0,0.2,0.5,0,0.3,0.5,0.1,0.1,0,56787.1,1
245,109,2,0.1,0.2,0,0.2,0.5,0,0.3,0.5,0.1,0.1,0,56787.1,1
245,119,5,0.2,0.3,0.5,0.8,1.1,0,0.9,0.9,0,0.3,0,145647.1,1
245,120,2,0.1,0.1,0.2,0.3,0.4,0,0.4,0.4,0,0.1,0,58258.8,1
245,122,6,0.2,0.1,0.5,0.9,0.9,0,0.9,1.5,0,0.5,0.5,133471.2,1
245,125,2,0.1,0,0.1,0.3,0.3,0,0.3,0.5,0,0.2,0.2,44490.4,1
245,132,4,0.1,0.3,0.3,0.5,0.8,0,0.5,0.5,0.4,0.5,0.1,93628.1,1
245,133,4,0.1,0.3,0.3,0.5,0.8,0,0.5,0.5,0.4,0.5,0.1,93628.1,1
245,141,2,0.3,0.1,0.2,0.6,0.2,0,0.3,0.1,0,0.1,0.1,50094.9,1
245,142,5,0.1,0.2,0.2,1.1,0.9,0,0.8,0.9,0.3,0.2,0.3,144910.1,1
245,175,14,0.8,1.3,1,2.1,2.9,0.2,4,1.1,0,0.4,0.2,321881.5,1
245,184,30,0,8,3,0,9,0,4,4,1,1,0,796238.7,0
245,185,6,0.1,0.8,0.1,0.5,1.5,0.1,1.4,0.7,0.4,0.3,0.1,149184.9,1
245,188,76.5,5,6.5,4,24,14,2,5,7,5,1,3,1669396.9,0
245,189,25,0.5,3,0,5,4,0,1,8,3.5,0,0,596501,0
245,190,6,0.2,0.5,0.1,0.8,1.4,0.6,0.7,1,0.4,0.1,0.2,164942.9,1
245,191,7,0.3,0.5,0.1,0.9,1.6,0.7,0.8,1.2,0.5,0.1,0.3,192433.3,1
245,192,43,6,0,0,10,3,2,9,11,0,1,1,1104755.5,0
245,193,29,0,2,0,2,6,0,6,8,0,2,3,788713,0
245,194,93,1,15,8,10,30,2,11,8,4,1,3,2768997.3,0
245,195,24,0.6,2.4,0.6,4.2,4.2,1.1,4.4,3.8,1.5,0.6,0.6,580359.2,1
245,197,27,3,1,0,4,1,2,6,10,0,0,0,692892.6,0
245,203,12,0.3,0.8,0.4,1.6,1.7,0.2,2.3,3.5,0.7,0.3,0.2,333788.5,1
245,204,17,0.5,1.2,0.6,2.3,2.4,0.2,3.2,4.9,0.9,0.5,0.3,472867,1
245,205,15,0.4,1,0.5,2,2.1,0.2,2.9,4.4,0.8,0.4,0.3,417235.6,1
245,206,6,0.2,0.4,0.2,0.8,0.9,0.1,1.1,1.7,0.3,0.2,0.1,166894.2,1
245,207,28,1,3,1,3,7,1,2,8,1,0,1,635191.9,0
245,208,9,0,1.2,0.5,0.5,3.3,0,1.5,1.5,0.5,0,0,171052.8,1
245,212,7,0.2,0.5,0.4,1.1,1.7,0.1,0.8,1,0.5,0.3,0.4,151407.5,1
245,218,4,0.1,0.3,0.2,0.6,1,0.1,0.5,0.6,0.3,0.1,0.2,86518.5,1
245,225,4,0,0.2,0.2,0,0.6,0,1.6,1.4,0,0,0,99904.9,1
245,226,13,0,0.6,0.6,0,2,0,5.2,4.6,0,0,0,324690.8,1
245,227,68,2,5,7,10,13,0,8,11,2,9,1,1361579.9,0
245,228,36,1,1,2,5,4,0,6,9,1,6,1,827462,0
245,229,53,2,4,5,6,12,0,7,7,3,6,1,1331551.5,0
245,230,126.5,10,6.5,6,31,19,4,9,20,5,10,6,2714998,0
245,231,129,7,4.5,14,47,15,1.5,14,12,4,10,0,2795667.5,0
245,232,162,9,13,9,36,37,4.5,15,18,8.5,7,5,3002988.3,0
245,233,123,5,7,7,21,30,2,16,16,6,12,1,2126187.8,0
245,234,98,3,9,7,14,18,2,19,15,6,5,0,1839176,0
245,235,76.5,2,6.5,9,11,16,1,17,12,0,0,2,1742470.7,0
245,236,14,0.7,2.6,1,2.3,3,0.8,2,0.5,0.8,0,0.3,271216,1
245,237,38,2,5,4,5,11,0,4,3,2,2,0,628638.6,0
245,239,5,0.6,0.1,0.2,1.7,0.5,0.4,0.5,0.2,0.4,0.3,0.1,94186.7,1
245,242,2,0,0.3,0,0.2,0.6,0,0.2,0.4,0,0.2,0.1,44930.1,1
245,245,37,5,3.5,0.5,13,9,3,0,0,2,0,1,821740.8,0
245,246,139.5,11,8.5,10,22,21,1,28,15,8,13,2,2517386.5,0
245,247,172.5,4,6.5,9,29,41,2,40,34,0,5,2,2947880.5,0
245,249,105.5,2,14.5,13,15,21,4,12,5,6,10,3,1956722.3,0
245,250,216,11.5,17,7,36,40,7,31,32,9.5,17,8,4661080.4,0
245,251,291,25,25.5,9,70,64,8.5,31,23,17,16,2,5763173.4,0
245,252,141.5,6,12.5,12,15,27,1,24,18,6,11,9,3022256.5,0
245,253,197.5,11,19,8,39,41,4.5,26,22,16,4,7,4220869.4,0
245,254,277.5,17.5,36.5,15,43,70,6,38,18,25.5,5,3,3933356.7,0
245,255,44,1.3,2,1.4,5.3,6,0,4.7,10,4,7.3,2,958846.4,1
246,0,3,0.1,0.3,0.4,0.2,0.9,0,0.4,0.5,0,0.1,0.1,61898.3,1
246,1,2,0,0.2,0.3,0.1,0.6,0,0.3,0.4,0,0,0.1,41265.5,1
246,5,9,0,2,0.4,0.5,1.4,0.1,1.1,2.6,0.3,0.6,0,154006.2,1
246,10,26,0,0,3,3,2,0,7,7,0,4,0,426565.2,0
246,11,6,0,1.3,0.3,0.3,0.9,0.1,0.7,1.8,0.2,0.4,0,102670.8,1
246,24,2,0.2,0.1,0.1,0.5,0.3,0,0.3,0.2,0.1,0.2,0,38319.4,1
246,29,1,0.1,0.1,0.1,0.2,0.2,0,0.1,0.1,0,0.1,0,19159.7,1
246,46,2,0,0.1,0.1,0.2,0.6,0.1,0.1,0.4,0.1,0.2,0.1,38575.5,1
246,59,3,0.1,0.1,0.4,0.4,0.7,0.1,0.5,0.2,0.2,0.1,0.2,58985.7,1
246,67,34,1,4,1,5,10,0,4,2,5,2,0,638543.4,0
246,68,23,1.3,1.7,0.4,5.7,3.5,1.7,1.3,3.5,1.3,2.6,0,492457.2,1
246,76,4,0.6,0.4,0,1,0.9,0.2,0.2,0.3,0.4,0,0,83267.1,1
246,83,4,0,0.7,0.3,0.4,1.2,0.1,0.3,0.5,0.3,0.2,0,75047,1
246,84,4,0,0.7,0.3,0.4,1.2,0.1,0.3,0.5,0.3,0.2,0,75047,1
246,96,12,0,1.4,0.5,3.2,0.9,0,1.8,1.4,1.4,0.9,0.5,239699.8,1
246,98,5,0.3,0.3,0.3,1.1,0.9,0.3,0.5,0.5,0.5,0.2,0.1,104117,1
246,99,60,5,5,1,11,7,0,9,13,1,7,1,1238341.7,0
246,100,11,0.7,0.7,0.5,2.4,2.1,0.5,1,1.2,1.1,0.5,0.3,229057.3,1
246,110,7,0.2,0.7,0,0.9,1.9,0,1,1.9,0.2,0.2,0,198754.9,1
246,121,1,0,0.1,0.1,0.1,0.2,0,0.2,0.2,0,0.1,0,29129.4,1
246,122,5,0.2,0.1,0.4,0.7,0.8,0,0.8,1.2,0,0.4,0.4,111226,1
246,124,5,0.2,0.1,0.4,0.7,0.8,0,0.8,1.2,0,0.4,0.4,111226,1
246,125,7,0.3,0.1,0.5,1.1,1.1,0,1.1,1.8,0,0.5,0.5,155716.4,1
246,126,3,0.1,0.1,0.2,0.5,0.5,0,0.5,0.7,0,0.2,0.2,66735.6,1
246,129,2,0.1,0,0.1,0.3,0.3,0,0.3,0.5,0,0.2,0.2,44490.4,1
246,132,1,0,0.1,0.1,0.1,0.2,0,0.1,0.1,0.1,0.1,0.1,23407,1
246,133,10,0.3,0.8,0.8,1.1,1.9,0.1,1.3,1.2,1,1.1,0.4,234070.2,1
246,138,4,0.6,0.1,0.5,1.2,0.4,0.1,0.6,0.2,0,0.2,0.1,100189.7,1
246,140,14,2.3,0.3,1.7,4.3,1.3,0.3,2,0.7,0,0.7,0.4,350664.1,1
246,141,8,1.3,0.2,0.9,2.5,0.8,0.2,1.1,0.4,0,0.4,0.2,200379.5,1
246,142,6,0.2,0.2,0.2,1.3,1.1,0,0.9,1.1,0.4,0.2,0.4,173892.1,1
246,143,5,0.1,0.2,0.2,1.1,0.9,0,0.8,0.9,0.3,0.2,0.3,144910.1,1
246,164,3,0,0.3,0.1,0.2,0.7,0.1,0.5,0.7,0.1,0.2,0.1,72217.1,1
246,165,3,0,0.3,0.1,0.2,0.7,0.1,0.5,0.7,0.1,0.2,0.1,72217.1,1
246,174,7,0.4,0.6,0.5,1.1,1.5,0.1,2,0.5,0,0.2,0.1,160940.8,1
246,175,30,1.8,2.7,2.2,4.5,6.3,0.4,8.5,2.2,0,0.9,0.5,689746.2,1
246,176,2,0.1,0.2,0.1,0.3,0.4,0,0.6,0.2,0,0.1,0,45983.1,1
246,180,8,0.1,0.9,0.4,0.9,2.6,0.1,1.4,0.7,0.3,0.3,0.3,212584.8,1
246,181,3,0,0.3,0.2,0.4,1,0,0.5,0.3,0.1,0.1,0.1,79719.3,1
246,186,51,2,1,0,6,7,1,17,10,4,2,1,1175471.9,0
246,187,89,5,6,2,12,16,0,24,16,5,1,2,2080178.5,0
246,188,107,4,18,3,17,24,1,14,17,8,1,0,2360389.2,0
246,189,31.5,4,1.5,0,6,8,1,4,0,3,3,1,729814.7,0
246,190,11,0.4,0.8,0.2,1.5,2.5,1,1.3,1.9,0.8,0.2,0.4,302395.2,1
246,192,73,0,15,7,4,29,1,6,2,3,0,6,1740902.2,0
246,193,65,3,5,3,11,15,4,13,3,3,2,3,1771593.9,0
246,194,58,1,8,5,2,15,1,14,7,1,0,4,1500418.4,0
246,195,60.5,1,10.5,5,3,17,0.5,7,7,6.5,0,3,1643211.8,0
246,196,38,0,5,1,2,10,0,3,12,2,1,2,1043872.9,0
246,197,14,0,1.5,0.9,1.1,2.5,0.2,2.8,3.6,0.4,0.4,0.6,381273.4,1
246,203,9,0.2,0.6,0.3,1.2,1.3,0.1,1.7,2.6,0.5,0.3,0.2,250341.3,1
246,204,31,0,1,0,6,3,1,9,4,3,1,3,947300.3,0
246,205,44,2,2,1,4,7,2,8,8,2,2,6,1177125,0
246,206,12,0.3,0.8,0.4,1.6,1.7,0.2,2.3,3.5,0.7,0.3,0.2,333788.5,1
246,207,17,0,2.4,1,1,6.1,0,2.8,2.8,0.9,0,0,323099.7,1
246,208,3,0,0.4,0.2,0.2,1.1,0,0.5,0.5,0.1,0,0,57017.6,1
246,212,12,0.3,0.9,0.6,2,2.9,0.2,1.4,1.7,0.9,0.4,0.7,259555.6,1
246,225,1,0,0,0,0,0.2,0,0.4,0.4,0,0,0,24976.2,1
246,226,88,1,15,6,4,23,0,8,19,2,5,5,2143610.6,0
246,227,128,4,19,2,12,34,5,19,13,11,1,8,3360902.7,0
246,228,160,7.5,20,5,32,38,3,22,9,16.5,1,6,3840862.2,0
246,229,74.5,2.5,3.5,3,13,10,1,12,22,2.5,4,1,1887791.4,0
246,230,106,2,6,10,13,23,1,31,11,5,2,2,2958870.3,0
246,231,164.5,9,7.5,10,36,28,1,18,36,5,11,3,3469694.5,0
246,232,100.5,5,14.5,2,12,32,3,7,8,6,5,6,2336110.1,0
246,233,158,4,13,13,13,39,1,21,27,5,16,6,3107847.3,0
246,234,151,13.5,13,7,22,28,7.5,13,25,10,9,3,2579635.9,0
246,235,246,15,18,6,33,40,7,45,34,18,21,9,4787208.1,0
246,236,104,2,8,11,13,22,1,12,24,7,0,4,2337131.7,0
246,239,2.5,0.3,0.1,0.1,0.9,0.2,0.2,0.3,0.1,0.2,0.1,0,47093.4,1
246,241,16,1.9,0.4,0.5,5.6,1.6,1.3,1.6,0.8,1.2,0.8,0.3,301397.5,1
246,242,108.5,5,15,7,26,20,4.5,11,6,6,4,4,2420098.6,0
246,243,49.5,0,5.5,6,3,10,0,9,13,1,1,1,1307242.5,0
246,246,2,0,0.3,0,0.2,0.6,0,0.2,0.4,0,0.2,0.1,44930.1,1
246,249,95,3,4,3,20,12,2,20,22,3,5,1,2520507.2,0
246,250,218,6,27,15,26,50,4,36,27,16,8,3,4726872.5,0
246,251,172,3,12,12,16,32,4,44,29,4,10,6,3971112.7,0
246,252,198.5,3,12.5,23,41,42,2.5,23,29,15.5,6,1,4200081.7,0
246,253,148.5,5,11.5,6,16,38,4,19,19,10,14,6,3683239.9,0
246,254,116.5,4,13,5,19,26,5,13,12,9.5,4,6,2425030.5,0
246,255,10,0.3,0.4,0.3,1.2,1.4,0,1.1,2.3,0.9,1.7,0.4,217919.6,1
247,9,2,0,0.2,0,0.1,0.5,0,0.4,0.4,0.1,0.3,0,30914.9,1
247,10,31,1,1,2,5,7,1,2,9,1,2,0,563384.2,0
247,11,24,0.6,1.9,0.6,1.2,6.2,0,4.3,4.3,1.2,3.1,0.6,370979.2,1
247,18,1,0,0.1,0.1,0,0.3,0,0.1,0.1,0,0.2,0.1,14562.4,1
247,24,4,0.3,0.2,0.2,0.9,0.7,0,0.6,0.4,0.2,0.5,0,76638.8,1
247,27,6,0.5,0.3,0.4,1.3,1,0,0.8,0.7,0.3,0.7,0,114958.2,1
247,50,13,0.3,0.6,0.9,1.6,4,0.3,0.3,2.5,0.3,1.6,0.6,250740.5,1
247,56,5,0.1,0.2,0.6,0.6,1.2,0.2,0.8,0.4,0.4,0.2,0.3,98309.6,1
247,59,1,0,0.1,0.1,0.1,0.2,0,0.2,0.1,0.1,0,0.1,19661.9,1
247,67,7,0.3,0.6,0.5,1.2,1.7,0.3,0.6,0.9,0.3,0.5,0.1,153403.4,1
247,68,46.5,6,4,4,12,7,0,4,3,0.5,6,0,984964.1,0
247,69,5,0.2,0.4,0.4,0.8,1.2,0.2,0.5,0.6,0.2,0.4,0.1,109573.8,1
247,72,10,1.5,1.1,0,2.6,2.1,0.4,0.4,0.8,1.1,0,0,208167.8,1
247,73,8,1.2,0.9,0,2,1.7,0.3,0.3,0.7,0.9,0,0,166534.2,1
247,83,4,0,0.7,0.3,0.4,1.2,0.1,0.3,0.5,0.3,0.2,0,75047,1
247,84,7,0,1.2,0.5,0.8,2,0.2,0.6,0.9,0.5,0.3,0,131332.2,1
247,99,31,1.7,2.5,4.2,2.5,1.7,0,6.7,7.5,0,3.4,0.8,647733.1,1
247,100,6,0.3,0.5,0.8,0.5,0.3,0,1.3,1.5,0,0.6,0.2,125367.7,1
247,109,15,2,0.6,0.6,3.5,2.8,0.5,1.1,1.5,1.6,0.6,0.2,337182.6,1
247,110,36,0,4,3,4,15,0,4,2,4,0,0,781599.9,0
247,111,55,4,5.5,2,14,10,2,3,6,4.5,3,1,972804,0
247,112,39,0,7,3,2,11,0,8,1,4,1,2,816481.1,0
247,125,2,0.1,0,0.1,0.3,0.3,0,0.3,0.5,0,0.2,0.2,44490.4,1
247,129,2,0,0.3,0,0.3,0.4,0,0.2,0.2,0.3,0.2,0.1,42854.4,1
247,131,4,0.1,0.6,0.1,0.6,0.8,0.1,0.4,0.3,0.5,0.4,0.1,85708.8,1
247,137,4.5,0.1,0.7,0.1,0.6,1.1,0.1,0.6,0.5,0.1,0.5,0.1,90289.9,1
247,138,5,0.1,0.8,0.1,0.7,1.2,0.1,0.7,0.5,0.1,0.6,0.1,100322.1,1
247,142,4,0.1,0.1,0.1,0.9,0.8,0,0.6,0.8,0.2,0.1,0.3,115928.1,1
247,144,1,0,0,0,0.2,0.2,0,0.2,0.2,0.1,0,0.1,28982,1
247,162,5,0.2,0.6,0.2,0.8,1.1,0.1,0.7,0.7,0.3,0.2,0.1,118783.7,1
247,165,12,0.4,1.5,0.4,2,2.6,0.3,1.6,1.7,0.8,0.4,0.3,285080.8,1
247,166,13,0.4,1.6,0.4,2.2,2.8,0.3,1.8,1.9,0.9,0.4,0.3,308837.5,1
247,171,3,0.1,0.4,0.2,0.5,0.6,0.1,0.6,0.2,0.2,0.1,0,64582,1
247,173,6,0.4,0.3,0.3,1.4,0.4,0.3,1.6,0.5,0.4,0.3,0.1,132411.8,1
247,176,4,0.3,0.2,0.2,0.9,0.3,0.2,1.1,0.3,0.2,0.2,0.1,88274.5,1
247,180,5,0.4,0.2,0.2,1.2,0.3,0.2,1.4,0.4,0.3,0.3,0.1,110343.2,1
247,181,9,0.7,0.4,0.4,2.2,0.6,0.4,2.4,0.7,0.6,0.4,0.2,198617.7,1
247,187,23,0.7,1.8,1.1,3.7,4.1,0.7,5.1,3.2,1.4,0.7,0.5,560380.2,1
247,188,29,2,2,6,5,5,0,2,2,2,1,2,612144.1,0
247,189,56,5,6.5,0.5,10,16,3,6,3,4,1,1,1449975.1,0
247,190,19,0.6,1.5,0.9,3,3.4,0.6,4.2,2.7,1.1,0.6,0.4,462922.8,1
247,191,2,0.1,0.2,0.1,0.3,0.3,0.1,0.4,0.3,0.1,0.1,0,48728.7,1
247,192,37.5,0,8,1,4,11,0,3,2,3.5,2,3,847453.2,0
247,193,16,0.7,1.8,0.5,1,3.4,0,3.1,3.6,0.7,0.7,0.5,444336.2,1
247,194,58,2,8,2,11,14,1,10,2,4,0,4,1752674,0
247,195,13,0.6,1.5,0.4,0.8,2.7,0,2.5,2.9,0.6,0.6,0.4,361023.2,1
247,196,17,0.8,1.9,0.5,1,3.6,0,3.3,3.8,0.8,0.8,0.5,472107.2,1
247,197,44.5,1,9,3,5,13,1,6,1,2.5,2,1,1179144.8,0
247,198,20,0,2.9,0.4,2.9,6.9,0,2.5,2.5,1.5,0.4,0,583100.8,1
247,204,17,0.4,2.2,1,1.7,4.3,0.4,3.1,1.9,0.8,0.3,0.9,475694.1,1
247,205,54,1,7,4,5,15,0,5,5,2,5,5,1196693.4,0
247,206,40,0,3,2,1,11,1,6,9,4,1,2,970927.8,0
247,207,28.5,0.7,1.9,0.4,3.8,5.9,0.7,3.5,6.6,1.6,1.7,1.7,733704.5,1
247,208,3,0.1,0.2,0,0.4,0.6,0.1,0.4,0.7,0.1,0.2,0.2,77232.1,1
247,209,4,0.1,0.3,0.1,0.5,0.8,0.1,0.5,0.9,0.2,0.2,0.3,102976.1,1
247,212,3,0.1,0.2,0.2,0.5,0.7,0,0.4,0.4,0.2,0.1,0.2,64888.9,1
247,216,7,0.2,0.5,0.4,1.1,1.7,0.1,0.8,1,0.5,0.3,0.4,151407.5,1
247,218,9,0.2,0.7,0.5,1.4,2.1,0.2,1.1,1.3,0.7,0.3,0.5,194666.7,1
247,224,3,0.1,0,0.2,0.5,0.3,0,0.6,0.9,0,0.4,0,79028.3,1
247,225,3,0.1,0,0.2,0.5,0.3,0,0.6,0.9,0,0.4,0,79028.3,1
247,226,46,2,2,4,7,8,0,12,1,6,4,0,1019867,0
247,227,105.5,3,12.5,4,7,30,2,8,21,7,7,4,2381578.8,0
247,228,106,6,6,3,14,19,2,23,13,4,8,8,2950816.4,0
247,229,84,0,10,2,3,19,0,22,7,4,2,15,2458496.7,0
247,230,172.5,13.5,14,20,34,33,8,24,12,7,2,5,3745636.3,0
247,231,78.5,3,9.5,6,15,11,1,9,16,1,4,3,1721162.5,0
247,232,164,1.5,25.5,13,22,37,7,15,21,16,1,5,3066642.2,0
247,233,425,35.5,50.5,22.5,100,76,19,29,39,40.5,7,6,5802448,0
247,234,218,6,19.5,16,50,42,6,18,34,13.5,11,2,3924126.5,0
247,235,179,3,17,13,20,43,3,18,36,4,16,6,3808669.5,0
247,236,70,2,3,2,11,10,1,15,22,2,1,1,1659678.2,0
247,241,16,0.5,1.9,0.2,2.9,3.2,0,1.7,3.6,1,0.3,0.7,425814.5,1
247,242,158,16,11.5,2.5,33,29,3,17,14,13,13,6,3430592.4,0
247,243,73,3,4,1,8,17,1,20,15,0,0,4,1899554.7,0
247,246,2,0,0.2,0.1,0.2,0.2,0,0.3,0.8,0,0.2,0,48683.9,1
247,249,3,0.1,0.1,0.1,0.5,0.7,0,0.9,0.1,0,0.3,0.2,73916.9,1
247,250,195.5,12,20,12,39,32,7.5,40,13,11,3,6,3583559.2,0
247,251,217.5,8,16,10,36,34,6.5,27,31,16,25,8,5053735.8,0
247,252,234,14,18,19,41,35,4,36,31,20,13,3,4277803.8,0
247,253,115,11,9.5,8.5,20,16,3,12,19,12,4,0,2695441.1,0
247,254,297,25.5,33.5,20.5,75,61,16.5,27,12,23,1,2,4159091.9,0
247,255,54.5,2,6.5,0,4,13,2,5,11,6,5,0,1229116.5,0
248,1,3,0.1,0.3,0.4,0.2,0.9,0,0.4,0.5,0,0.1,0.1,61898.3,1
248,10,5,0.1,0.4,0.1,0.3,1.3,0,0.9,0.9,0.3,0.6,0.1,77287.3,1
248,11,6,0.1,0.5,0.1,0.3,1.5,0,1.1,1.1,0.3,0.8,0.2,92744.8,1
248,24,5,0.4,0.3,0.3,1.1,0.8,0,0.7,0.5,0.3,0.6,0,95798.5,1
248,27,2,0.2,0.1,0.1,0.5,0.3,0,0.3,0.2,0.1,0.2,0,38319.4,1
248,48,2,0,0.1,0.1,0.2,0.6,0.1,0.1,0.4,0.1,0.2,0.1,38575.5,1
248,50,5,0.1,0.2,0.4,0.6,1.6,0.1,0.1,1,0.1,0.6,0.2,96438.7,1
248,51,4,0.1,0.2,0.3,0.5,1.2,0.1,0.1,0.7,0.1,0.5,0.2,77150.9,1
248,57,3,0.1,0.1,0.4,0.4,0.7,0.1,0.5,0.2,0.2,0.1,0.2,58985.7,1
248,59,6,0.1,0.3,0.7,0.8,1.4,0.2,0.9,0.5,0.5,0.2,0.4,117971.5,1
248,65,10,0.1,1.4,0.9,1.7,2.1,0,1.1,1.5,0.6,0.6,0,198250.3,1
248,66,17,0.3,2.3,1.6,2.8,3.6,0,1.8,2.6,1,1,0,337025.5,1
248,67,18,0.7,1.5,1.3,3,4.4,0.7,1.7,2.4,0.7,1.3,0.3,394465.8,1
248,68,10,0.4,0.8,0.7,1.7,2.4,0.4,0.9,1.3,0.4,0.8,0.2,219147.7,1
248,83,2,0,0.4,0.1,0.2,0.6,0,0.2,0.3,0.1,0.1,0,37523.5,1
248,84,4,0,0.7,0.3,0.4,1.2,0.1,0.3,0.5,0.3,0.2,0,75047,1
248,107,3,0.4,0.1,0.1,0.7,0.6,0.1,0.2,0.3,0.3,0.1,0.1,67436.5,1
248,110,22.5,3,0.9,0.9,5.3,4.2,0.7,1.6,2.3,2.4,0.9,0.3,505773.8,1
248,111,9,1.2,0.4,0.4,2.1,1.6,0.3,0.6,0.9,1,0.4,0.1,202309.5,1
248,112,8,0.2,0.5,0.7,1.3,1.8,0,1.5,1.5,0,0.5,0,233035.3,1
248,117,3,0.1,0.2,0.3,0.5,0.6,0,0.5,0.6,0,0.2,0,87388.2,1
248,125,2,0.1,0,0.1,0.3,0.3,0,0.3,0.5,0,0.2,0.2,44490.4,1
248,129,2,0,0.3,0,0.3,0.4,0,0.2,0.2,0.3,0.2,0.1,42854.4,1
248,130,4,0.1,0.6,0.1,0.6,0.8,0.1,0.4,0.3,0.5,0.4,0.1,85708.8,1
248,131,8,0.1,1.2,0.2,1.2,1.5,0.2,0.9,0.6,1.1,0.8,0.2,171417.6,1
248,135,5,0.1,0.8,0.1,0.7,1.2,0.1,0.7,0.5,0.1,0.6,0.1,100322.1,1
248,138,4,0.1,0.6,0.1,0.5,1,0.1,0.6,0.4,0.1,0.4,0.1,80257.7,1
248,161,6,0,0.4,0.6,1,1.8,0.1,0.9,0.3,0.3,0.4,0.2,130147.1,1
248,163,12,0.4,1.5,0.4,2,2.6,0.3,1.6,1.7,0.8,0.4,0.3,285080.8,1
248,164,52,0,8,4,8,19,0,6,4,0,0,3,1079680.6,0
248,165,120,5,19.5,9,14,36,5,10,6,14.5,1,0,2322498.4,0
248,166,78,8,8,1,22,14,1.5,1,8,11.5,2,1,1843653.7,0
248,172,3,0.2,0.1,0.2,0.7,0.2,0.1,0.8,0.2,0.2,0.2,0.1,66205.9,1
248,173,4,0.3,0.2,0.2,0.9,0.3,0.2,1.1,0.3,0.2,0.2,0.1,88274.5,1
248,189,20,0.6,1.6,1,3.2,3.6,0.6,4.4,2.8,1.2,0.6,0.4,487287.1,1
248,190,34,0,2,2,5,6,0,11,6,0,0,2,987089.4,0
248,191,4,0.1,0.3,0.2,0.7,0.7,0.1,0.9,0.6,0.2,0.1,0.1,97457.4,1
248,197,9,0,1.3,0.2,1.3,3.1,0,1.1,1.1,0.7,0.2,0,262395.3,1
248,201,6,0,0.9,0.1,0.9,2.1,0,0.7,0.8,0.4,0.1,0,174930.2,1
248,202,8,0.2,1,0.5,0.8,2,0.2,1.5,0.9,0.4,0.1,0.4,223856.1,1
248,203,2,0,0.3,0.1,0.2,0.5,0.1,0.4,0.2,0.1,0,0.1,55964,1
248,204,27,0.6,3.5,1.6,2.7,6.8,0.7,5,3,1.3,0.4,1.4,755514.2,1
248,205,19,0.4,2.5,1.1,1.9,4.8,0.5,3.5,2.1,0.9,0.3,1,531658.1,1
248,206,28.5,0.6,3.8,1.6,2.8,7.1,0.7,5.3,3.2,1.4,0.5,1.5,797487.2,1
248,209,2,0.1,0.1,0,0.3,0.4,0.1,0.2,0.5,0.1,0.1,0.1,51488,1
248,225,2,0.1,0,0.1,0.3,0.2,0,0.4,0.6,0,0.3,0,52685.5,1
248,226,11,0.4,0.2,0.6,1.7,1.1,0,2.1,3.2,0.2,1.5,0,289770.3,1
248,227,25,2,2,1,2.1,7.7,0.5,3.6,3.6,1.5,0.5,0.5,622251.3,1
248,228,3,0.2,0.2,0.1,0.3,0.9,0.1,0.4,0.4,0.2,0.1,0.1,74670.2,1
248,229,13,1,1.1,0.5,1.1,4,0.3,1.8,1.8,0.8,0.3,0.3,323570.7,1
248,230,146,12,13.5,8,26,28,6,15,20,12.5,3,2,2902100.7,0
248,231,85,2,7.5,1.5,13,14,2,10,13,6,13,3,1625366.4,0
248,232,357,29,46,26,81,62,18,37,15,38,1,4,5352686.3,0
248,233,358,27,32,50,106,53,5,28,17,33,6,1,5264928.5,0
248,234,177.5,6,14,12,30,41,4,20,19,10.5,19,2,3822481.8,0
248,235,10,0.2,0.4,1.1,1.3,2.3,0.2,2.7,0.8,0,0.4,0.6,263932.9,1
248,236,8,0.1,0.3,0.9,1.1,1.8,0.2,2.2,0.6,0,0.3,0.5,211146.3,1
248,237,14,0.4,1.7,0.2,2.5,2.8,0,1.5,3.2,0.9,0.2,0.6,372587.7,1
248,241,1,0,0.1,0,0.2,0.2,0,0.1,0.2,0.1,0,0.1,26613.4,1
248,242,139,5,20,11,17,30,4,12,18,13,9,0,2188075.8,0
248,243,140.5,7,12.5,6,24,31,1,24,18,6,11,0,2313267.3,0
248,244,261,16,39.5,18,63,56,10,9,20,24.5,1,4,4847803.4,0
248,250,14,0.6,0.6,0.6,2.4,3.1,0,4.3,0.6,0,1.2,0.6,344945.6,1
248,251,45.5,6,3,1,13,6,0,5,4,3.5,3,1,1083734.2,0
248,252,29,0,1,1,3,7,0,5,5,1,4,2,824636.2,0
248,253,93,8,8,2,20,9,2,22,11,6,2,3,1914930.9,0
248,254,180,10,10,28.5,56,27,4.5,19,7,11,4,3,3757197.7,0
248,255,189.5,8,26.5,9,21,39,5,14,33,12,16,6,4712171.6,0
249,35,3,0.1,0,0.2,0.1,1,0,0.4,0.1,0.2,0.6,0.3,52412.8,1
249,37,3,0.1,0,0.2,0.1,1,0,0.4,0.1,0.2,0.6,0.3,52412.8,1
249,38,8,0.3,0,0.6,0.3,2.6,0,1,0.3,0.6,1.6,0.7,139767.4,1
249,65,19,0.3,2.6,1.7,3.2,4,0,2,2.9,1.1,1.2,0,376675.5,1
249,66,6,0.1,0.8,0.5,1,1.3,0,0.6,0.9,0.4,0.4,0,118950.2,1
249,67,5,0.2,0.4,0.4,0.8,1.2,0.2,0.5,0.6,0.2,0.4,0.1,109573.8,1
249,105,7,0.5,0,0.5,1.1,0.6,0,1.7,1.7,0,0.6,0.3,162590.7,1
249,109,5,0.7,0.2,0.2,1.2,0.9,0.2,0.4,0.5,0.5,0.2,0,112394.2,1
249,110,26,3.5,1,1.1,6.1,4.8,0.8,1.9,2.6,2.8,1.1,0.3,584449.8,1
249,111,13,1.8,0.5,0.5,3.1,2.4,0.4,1,1.3,1.4,0.5,0.1,292224.9,1
249,136,4,0.1,0.6,0.1,0.5,1,0.1,0.6,0.4,0.1,0.4,0.1,80257.7,1
249,137,3.5,0,0.5,0.1,0.5,0.8,0.1,0.5,0.4,0.1,0.4,0.1,70225.5,1
249,143,3,0.1,0.1,0.1,0.6,0.5,0,0.5,0.6,0.2,0.1,0.2,86946,1
249,161,7,0,0.5,0.7,1.2,2.1,0.2,1,0.3,0.3,0.5,0.2,151838.3,1
249,162,4,0.1,0.5,0.1,0.7,0.9,0.1,0.5,0.6,0.3,0.1,0.1,95026.9,1
249,163,4,0.1,0.5,0.1,0.7,0.9,0.1,0.5,0.6,0.3,0.1,0.1,95026.9,1
249,164,29,0.9,3.7,0.9,4.8,6.2,0.7,3.9,4.2,2.1,0.9,0.7,688945.3,1
249,165,64,4,1,5,15,15,1,10,10,0,2,1,1356237.4,0
249,166,36.5,0,2,3,10,9,2.5,2,4,2,2,0,816203.4,0
249,167,51,3,8,4,5,14,1,6,2,5,1,2,1146840.4,0
249,168,33,2,2,1,6,8,2,5,3,3,0,1,847029.4,0
249,169,45.5,4,2.5,2,9,12,3,3,3,5,0,2,997451.8,0
249,176,12,0.9,0.6,0.6,2.8,0.8,0.6,3.2,0.9,0.8,0.6,0.2,264823.6,1
249,177,7,0.6,0.3,0.3,1.7,0.5,0.3,1.9,0.6,0.4,0.3,0.1,154480.4,1
249,180,6,0.4,0.3,0.3,1.4,0.4,0.3,1.6,0.5,0.4,0.3,0.1,132411.8,1
249,181,3,0.2,0.1,0.2,0.7,0.2,0.1,0.8,0.2,0.2,0.2,0.1,66205.9,1
249,188,2,0.1,0.2,0.1,0.3,0.3,0.1,0.4,0.3,0.1,0.1,0,48728.7,1
249,189,27,0,1,2,3,5,0,7,4,1,4,0,757063.3,0
249,190,5,0.1,0.4,0.2,0.8,0.9,0.2,1.1,0.7,0.3,0.2,0.1,121821.8,1
249,192,2,0.1,0.2,0.1,0.1,0.4,0,0.4,0.4,0.1,0.1,0.1,55542,1
249,193,1,0,0.1,0,0.1,0.2,0,0.2,0.2,0.1,0.1,0,27771,1
249,197,3,0,0.4,0.1,0.4,1,0,0.4,0.4,0.2,0.1,0,87465.1,1
249,201,2,0,0.3,0,0.3,0.7,0,0.3,0.3,0.1,0,0,58310.1,1
249,203,13,0.3,1.7,0.8,1.3,3.3,0.3,2.4,1.4,0.6,0.2,0.7,363766.1,1
249,204,34,1,7,4,3,11,0,1,6,1,0,0,909828.4,0
249,205,31,0.7,4.1,1.8,3.1,7.8,0.8,5.7,3.4,1.5,0.5,1.6,867442.2,1
249,206,40.5,1,5,2,4,11,1.5,1,6,4,5,0,1012043.9,0
249,207,69.5,3,8,2.5,7,16,1,9,12,4,5,2,1786789.8,0
249,208,26,1,0,1,4,3,0,5,9,0,2,1,700646.4,0
249,209,1,0,0.1,0,0.1,0.2,0,0.1,0.2,0.1,0.1,0.1,25744,1
249,211,7.5,0.2,0.5,0.1,1,1.5,0.2,0.9,1.7,0.4,0.5,0.5,193080.1,1
249,217,6,0.1,0.5,0.3,1,1.4,0.1,0.7,0.9,0.5,0.2,0.3,129777.8,1
249,226,59.5,2,11.5,2,9,13,3,9,5,4,0,1,1312975.9,0
249,227,128,8,11,4,22,34,1,10,16,4,9,9,2930829.8,0
249,228,144,8,7,8,17,26,5,13,31,3,21,5,3205645.9,0
249,229,154.5,1,18.5,10,8,42,3,17,24,9,15,7,3373103.6,0
249,230,342.5,26,26,24.5,71,62,11,46,40,28,5,3,5054146.7,0
249,231,343.5,15,44,31,57,70,7.5,34,35,34,10,6,5178977.3,0
249,232,202,15,16,27.5,31,44,15.5,23,8,14,4,4,3158167.6,0
249,233,252,18,28,26,45,62,5,33,16,13,4,2,3664531.6,0
249,234,51,2,2,7,4,13,1,6,7,4,4,1,919893.8,0
249,236,45,1,7,1,9,11,1,2,3,4,1,5,866357.6,0
249,237,4,0.1,0.5,0.1,0.7,0.8,0,0.4,0.9,0.2,0.1,0.2,106453.6,1
249,239,53,1,3,1,5,12,2,11,10,1,3,4,1295322,0
249,240,58,0,2,2,6,11,1,27,5,1,0,3,1820813.5,0
249,241,46,1,4,2,3,4,1,4,14,0,13,0,1176307.3,0
249,242,117.5,13,2,10,52,12,2,6,10,4.5,3,3,2528446.3,0
249,243,87,11,4,11,34,13,0,5,3,5,1,0,1412699.4,0
249,244,98,8.5,4,11,35,18,2,7,6,4.5,2,0,2039262.9,0
249,251,4,0.2,0.2,0.2,0.7,0.8,0,1.2,0.2,0,0.3,0.2,98555.9,1
249,252,14,0.4,1,0.9,1.4,3.2,0.3,1.9,3.3,0.4,0.3,0.9,372256.5,1
249,253,28,0,0,1,5,4,0,7,8,1,2,0,698948.5,0
249,254,35,0,3,3,3,9,0,6,6,0,3,2,775595.3,0
249,255,139.5,5,19,8,28,24,3.5,21,16,7,2,6,3660735.6,0
250,12,1,0,0.1,0.1,0,0.3,0,0.1,0.1,0,0.2,0.1,14562.4,1
250,13,5,0,0.4,0.4,0.2,1.5,0,0.5,0.6,0,1,0.4,72812.2,1
250,32,4,0.1,0,0.3,0.2,1.3,0,0.5,0.2,0.3,0.8,0.3,69883.7,1
250,48,2,0,0.1,0.1,0.2,0.6,0.1,0.1,0.4,0.1,0.2,0.1,38575.5,1
250,66,9,0.1,1.2,0.8,1.5,1.9,0,1,1.4,0.5,0.6,0,178425.3,1
250,94,6,0,0.7,0.2,1.6,0.5,0,0.9,0.7,0.7,0.5,0.2,119849.9,1
250,104,4,0.3,0,0.3,0.6,0.3,0,1,1,0,0.3,0.2,92909,1
250,105,48,1,5,0,8,7,2,1,8,5,11,0,989991.6,0
250,106,13,1,0,1,2.1,1.1,0,3.1,3.1,0,1.1,0.5,301954.2,1
250,109,4,0.5,0.2,0.2,1,0.7,0.1,0.3,0.4,0.4,0.2,0,89915.3,1
250,116,4,0.1,0.2,0.4,0.6,0.9,0,0.7,0.8,0,0.3,0,116517.6,1
250,130,2,0,0.3,0,0.3,0.4,0,0.2,0.2,0.3,0.2,0.1,42854.4,1
250,134,3,0,0.5,0.1,0.4,0.7,0.1,0.4,0.3,0.1,0.3,0.1,60193.3,1
250,141,5,0.1,0.8,0.1,0.7,1.2,0.1,0.7,0.5,0.1,0.6,0.1,100322.1,1
250,143,4,0.1,0.1,0.1,0.9,0.8,0,0.6,0.8,0.2,0.1,0.3,115928.1,1
250,147,3,0.1,0.1,0.1,0.6,0.5,0,0.5,0.6,0.2,0.1,0.2,86946,1
250,151,1,0,0,0,0.2,0.2,0,0.2,0.2,0.1,0,0.1,28982,1
250,163,7,0.2,0.9,0.2,1.2,1.5,0.2,0.9,1,0.5,0.2,0.2,166297.1,1
250,165,8,0.2,1,0.3,1.3,1.7,0.2,1.1,1.1,0.6,0.3,0.2,190053.9,1
250,166,69,4,14,1,9,20,3,4,6,7,0,1,1355402,0
250,167,29,1.3,3.7,1.6,4.2,6.1,1.3,6.1,1.6,2.1,0.7,0.3,624292.9,1
250,168,21,0.9,2.7,1.2,3,4.4,0.9,4.5,1.2,1.5,0.5,0.2,452074.2,1
250,169,22,1,2.8,1.2,3.2,4.6,1,4.6,1.2,1.6,0.5,0.3,473601.5,1
250,184,4,0,0.6,0.1,0.3,1,0.1,0.9,0.5,0.3,0.2,0,99456.6,1
250,185,6,0.1,0.8,0.1,0.5,1.5,0.1,1.4,0.7,0.4,0.3,0.1,149184.9,1
250,188,9,0.3,0.7,0.4,1.4,1.6,0.3,2,1.3,0.5,0.3,0.2,219279.2,1
250,189,16,0.5,1.3,0.8,2.6,2.9,0.5,3.5,2.2,0.9,0.5,0.3,389829.7,1
250,193,7,0.3,0.8,0.2,0.4,1.5,0,1.4,1.6,0.3,0.3,0.2,194397.1,1
250,194,8,0.3,0.9,0.2,0.5,1.7,0,1.6,1.8,0.4,0.4,0.2,222168.1,1
250,195,2.5,0.1,0.3,0.1,0.1,0.5,0,0.5,0.6,0.1,0.1,0.1,69427.5,1
250,200,2,0,0.3,0,0.3,0.7,0,0.3,0.3,0.1,0,0,58310.1,1
250,203,9.5,0.2,1.2,0.5,0.9,2.4,0.2,1.8,1.1,0.5,0.2,0.5,265829.1,1
250,204,23.5,0.5,3.1,1.3,2.3,5.9,0.6,4.3,2.6,1.2,0.4,1.3,657577.2,1
250,205,12,0.3,1.6,0.7,1.2,3,0.3,2.2,1.3,0.6,0.2,0.6,335784.1,1
250,206,17,0.4,2.2,1,1.7,4.3,0.4,3.1,1.9,0.8,0.3,0.9,475694.1,1
250,207,22,0.5,1.5,0.3,3,4.6,0.5,2.7,5.1,1.2,1.3,1.3,566368.4,1
250,208,39,0,1,1,5,3,1,6,14,2,4,2,1153742.8,0
250,209,5,0.1,0.3,0.1,0.7,1,0.1,0.6,1.2,0.3,0.3,0.3,128720.1,1
250,211,5,0.1,0.3,0.1,0.7,1,0.1,0.6,1.2,0.3,0.3,0.3,128720.1,1
250,223,14,0.5,0.2,0.7,2.2,1.5,0,2.7,4.1,0.2,1.9,0,368798.6,1
250,226,187,12.5,25.5,6.5,35,50,9.5,17,4,25,0,2,4623687.9,0
250,227,152,8,25,4,29,38,7,6,10,22,2,1,3641608.6,0
250,228,148,1,28.5,6,10,45,3,15,16,9.5,5,9,3587297.2,0
250,229,179.5,5,13.5,11,19,52,3,25,27,4,16,4,3770124.3,0
250,230,125,5,4,7,14,13,5,19,24,4,29,1,2378808.5,0
250,231,8,0.6,0.7,0.3,0.7,2.4,0.2,1.1,1.1,0.5,0.2,0.2,199120.4,1
250,232,51,1,2,1,7,17,0,10,5,4,3,1,1085412.5,0
250,233,36,2,4,2,7,4,1,11,1,2,2,0,600494.6,0
250,235,10,0.2,0.4,1.1,1.3,2.3,0.2,2.7,0.8,0,0.4,0.6,263932.9,1
250,236,15,0.3,0.6,1.7,2,3.5,0.3,4,1.1,0,0.6,0.9,395899.3,1
250,238,6,0.2,0.7,0.1,1.1,1.2,0,0.6,1.4,0.3,0.1,0.3,159680.5,1
250,239,127,3,10,4,25,23,3,31,14,5,3,6,3149182.4,0
250,240,126.5,1,6.5,7,9,21,0,36,35,3,1,7,3351438.6,0
250,241,124.5,3,5.5,4,12,25,2,19,26,5,20,3,2968155.6,0
250,242,136.5,3,9.5,6,10,19,2,16,34,6,25,6,3073372.6,0
250,243,42,0.9,3.6,1.8,3.7,3.7,0,7.3,16.4,0,3.7,0.9,1022362.9,1
250,244,100.5,9.5,6,10.5,32,18,2,9,2,10.5,0,1,1551174.7,0
250,252,21,0.6,1.5,1.3,2.2,4.8,0.4,2.8,5,0.7,0.4,1.3,558384.7,1
250,253,47,3,8.5,0,10,12,0,4,0,5.5,0,4,1250978.6,0
250,254,6,0.2,0.4,0.4,0.6,1.4,0.1,0.8,1.4,0.2,0.1,0.4,159538.5,1
250,255,57,2,5,1,11,11,4,5,9,4,3,2,1565629.5,0
251,7,2,0,0.2,0,0.1,0.5,0,0.4,0.4,0.1,0.3,0,30914.9,1
251,12,1,0,0.1,0.1,0,0.3,0,0.1,0.1,0,0.2,0.1,14562.4,1
251,29,1,0.1,0.1,0.1,0.2,0.2,0,0.1,0.1,0,0.1,0,19159.7,1
251,30,5,0.4,0.3,0.3,1.1,0.8,0,0.7,0.5,0.3,0.6,0,95798.5,1
251,31,6,0.5,0.3,0.4,1.3,1,0,0.8,0.7,0.3,0.7,0,114958.2,1
251,38,2,0.1,0,0.2,0.1,0.6,0,0.2,0.1,0.1,0.4,0.2,34941.8,1
251,48,6,0.1,0.3,0.4,0.7,1.9,0.1,0.2,1.1,0.2,0.7,0.3,115726.4,1
251,49,4,0.1,0.2,0.3,0.5,1.2,0.1,0.1,0.7,0.1,0.5,0.2,77150.9,1
251,57,4,0.1,0.2,0.5,0.5,1,0.1,0.6,0.3,0.3,0.1,0.3,78647.7,1
251,66,5,0.1,0.7,0.4,0.8,1.1,0,0.5,0.8,0.3,0.3,0,99125.1,1
251,67,8.5,0.3,0.7,0.6,1.4,2.1,0.3,0.8,1.1,0.3,0.7,0.2,186275.5,1
251,77,4,0.6,0.4,0,1,0.9,0.2,0.2,0.3,0.4,0,0,83267.1,1
251,79,2,0.3,0.2,0,0.5,0.4,0.1,0.1,0.2,0.2,0,0,41633.6,1
251,84,2,0,0.4,0.1,0.2,0.6,0,0.2,0.3,0.1,0.1,0,37523.5,1
251,96,5,0,0.6,0.2,1.3,0.4,0,0.7,0.6,0.6,0.4,0.2,99874.9,1
251,105,1,0.1,0,0.1,0.2,0.1,0,0.2,0.2,0,0.1,0,23227.2,1
251,120,4,0.1,0.2,0.4,0.6,0.9,0,0.7,0.8,0,0.3,0,116517.6,1
251,130,31.5,0.4,4.7,0.8,4.7,6,0.8,3.4,2.6,4.3,3,0.8,674956.6,1
251,131,20.5,0.3,3,0.6,3,3.9,0.5,2.2,1.7,2.8,1.9,0.6,439257.5,1
251,139,3,0,0.5,0.1,0.4,0.7,0.1,0.4,0.3,0.1,0.3,0.1,60193.3,1
251,163,6,0.2,0.8,0.2,1,1.3,0.1,0.8,0.9,0.4,0.2,0.1,142540.4,1
251,166,26,0.8,3.3,0.8,4.4,5.6,0.6,3.5,3.7,1.9,0.8,0.6,617675.1,1
251,167,50,7,2,1,11,8,4,7,6,0,2,2,1069779.9,0
251,168,55,0,11,5,7,18,1,4,7,1,1,0,1282141.5,0
251,169,15,0.7,1.9,0.8,2.1,3.2,0.7,3.2,0.8,1.1,0.3,0.2,322910.1,1
251,181,4,0.3,0.2,0.2,0.9,0.3,0.2,1.1,0.3,0.2,0.2,0.1,88274.5,1
251,182,10,0.1,1.4,0.2,0.8,2.6,0.2,2.3,1.2,0.7,0.4,0.1,248641.5,1
251,198,4,0,0.6,0,0.6,1.4,0,0.5,0.5,0.3,0.1,0,116620.2,1
251,199,9,0,1.3,0.2,1.3,3.1,0,1.1,1.1,0.7,0.2,0,262395.3,1
251,203,15,0.3,2,0.9,1.5,3.7,0.4,2.8,1.7,0.7,0.2,0.8,419730.1,1
251,204,21,0.5,2.8,1.2,2.1,5.3,0.5,3.9,2.3,1,0.3,1.1,587622.1,1
251,205,64,0,7,0,6,13,2,13,6,9,3,5,1717665.5,0
251,206,46,2,5,2,2,13,0,9,7,1,3,2,1295368,0
251,207,92.5,3,7.5,5,11,20,3,10,18,5,8,2,2417041.4,0
251,208,54,3,4,4,6,11,1,7,13,1,1,3,1472535,0
251,209,4,0.1,0.3,0.1,0.5,0.8,0.1,0.5,0.9,0.2,0.2,0.3,102976.1,1
251,222,6,0.2,0.1,0.3,0.9,0.6,0,1.2,1.8,0.1,0.8,0,158056.5,1
251,223,17,0.6,0.3,0.9,2.6,1.8,0,3.2,5,0.3,2.3,0,447826.8,1
251,224,2,0.1,0,0.1,0.3,0.2,0,0.4,0.6,0,0.3,0,52685.5,1
251,226,143.5,5,25.5,0,14,40,4,9,26,12,5,3,3655380.1,0
251,227,214,7,40,11,21,64,7,20,20,14,5,5,4851039.9,0
251,228,136,9,14,8,31,31,6,7,15,9,3,3,3337648.7,0
251,229,141.5,2,12,7,19,43,2,10,16,7.5,11,12,3371318.6,0
251,230,125,2,3,2,11,7,1,13,25,3,57,1,2573871,0
251,231,210.5,9,12.5,16,32,47,5,34,29,8,14,4,3509076.8,0
251,232,96.5,2.5,7,6,12,19,1,11,26,7,3,2,1705527.2,0
251,233,9,0.2,0.3,1,1.2,2.1,0.2,2.4,0.7,0,0.4,0.5,237539.6,1
251,238,25,0.8,3,0.4,4.5,4.9,0,2.7,5.7,1.5,0.4,1.1,665335.2,1
251,239,176,8,17,3,29,30,1,22,41,12,9,4,3820046.6,0
251,240,159.5,5,14,13.5,23,27,1,26,37,2,8,3,3627102.7,0
251,241,167.5,3,11,4.5,17,28,1,35,44,5,12,7,3959287.9,0
251,242,57,0,3,1,3,4,0,10,29,0,7,0,1580087.7,0
251,243,63.5,0,6.5,1,2,11,0,6,26,3,8,0,1867534.4,0
251,244,2,0,0.2,0.1,0.2,0.2,0,0.3,0.8,0,0.2,0,48683.9,1
251,250,2,0.1,0.1,0.1,0.3,0.4,0,0.6,0.1,0,0.2,0.1,49277.9,1
251,252,19,0.6,1.4,1.2,1.9,4.3,0.4,2.5,4.5,0.6,0.4,1.2,505205.2,1
251,253,26,0,2,1,3,8,0,3,2,4,1,2,633730.7,0
251,254,5,0.1,0.4,0.3,0.5,1.1,0.1,0.7,1.2,0.2,0.1,0.3,132948.7,1
251,255,52.5,2,1,12,18,8,1.5,3,3,2,1,1,1032900.9,0
252,2,2,0.1,0.3,0.1,0.3,0.5,0.1,0.2,0.2,0.1,0.1,0,31412,1
252,3,3,0.1,0.4,0.1,0.4,0.8,0.2,0.4,0.3,0.2,0.1,0,47118.1,1
252,19,2,0.1,0.2,0,0.2,0.4,0,0.4,0.4,0.1,0.1,0.1,40714.6,1
252,28,6,0.4,0.2,0.4,1.2,0.6,0.4,0.7,0.6,0.9,0.6,0,112438.6,1
252,29,28,1.6,1.2,1.9,5.8,2.8,1.6,3.3,2.8,4.2,2.8,0,524713.4,1
252,30,18,1,0.8,1.2,3.8,1.8,1,2.1,1.8,2.7,1.8,0,337315.8,1
252,31,34,2,1,0,6,1,2,5,9,1,7,0,666465.9,0
252,32,2,0,0.1,0.1,0.1,0.2,0.1,0.5,0.5,0.1,0.3,0,32192.1,1
252,40,8,0.2,0.4,0,1.5,1,0.2,1.7,1,0.8,0.2,1,153853.4,1
252,42,2,0,0.1,0.1,0.1,0.2,0.1,0.5,0.5,0.1,0.3,0,32192.1,1
252,47,6,0,0.4,0.2,0.4,0.6,0.2,1.6,1.4,0.2,1,0,96576.4,1
252,57,2,0.1,0.2,0.2,0.4,0.3,0,0.2,0.4,0,0.2,0,40893.5,1
252,64,5,0,0.7,0.4,0.6,1.3,0.1,1.1,0.5,0.1,0.1,0.1,109527.2,1
252,65,7,0,1,0.6,0.8,1.8,0.1,1.6,0.7,0.1,0.1,0.2,153338.1,1
252,66,5,0,0.7,0.4,0.6,1.3,0.1,1.1,0.5,0.1,0.1,0.1,109527.2,1
252,77,4,0.5,0.1,0,0.9,0.6,0.2,0.4,0.8,0.3,0.1,0.1,85290.6,1
252,83,3,0.1,0.4,0.4,0.5,0.6,0,0.3,0.2,0.3,0.1,0.1,57220.6,1
252,84,49,2,12,1,5,13,1,5,4,2,4,0,881346.3,0
252,85,10,0.3,1.3,1.1,1.7,2,0.2,0.9,0.6,1.1,0.4,0.4,190735.2,1
252,95,5,0.3,0.6,0.1,0.8,1,0.1,0.5,0.6,0.7,0.2,0.1,113674.3,1
252,105,4,0.3,0.3,0.1,0.5,0.4,0,0.3,1.2,0.5,0.4,0,96543.9,1
252,119,3,0.2,0.3,0.1,0.6,0.6,0.1,0.4,0.2,0.2,0.3,0,60251.2,1
252,121,6,0.4,0.6,0.1,1.2,1.3,0.1,0.9,0.4,0.4,0.6,0,120502.4,1
252,122,4,0.4,0.4,0.1,0.6,0.9,0.2,0.3,0.4,0.4,0.1,0.2,80496.6,1
252,130,36,1,6,3,6,10,0,1,4,4,0,1,752954,0
252,131,44,3,8,1,6,9,1,7,3,3,1,2,855684,0
252,132,4,0.5,0.5,0.1,1.1,0.7,0.3,0.1,0.3,0.4,0,0,79778.6,1
252,139,5,0.4,0.8,0.3,0.8,1.2,0.1,0.1,0.8,0.2,0.1,0.2,94687.7,1
252,162,5,0.2,0.1,0.1,0.6,1,0,0.8,1,0.5,0.3,0.4,115289.3,1
252,165,2,0.1,0,0,0.3,0.4,0,0.3,0.4,0.2,0.1,0.2,46115.7,1
252,166,41,2,0.7,0.7,4.8,8.2,0,6.8,8.2,4.1,2.1,3.4,945371.9,1
252,167,36,0.7,6,0.7,5.3,10.6,0.7,4.7,1.3,2,4,0,832357.7,1
252,168,12,0.2,2,0.2,1.8,3.6,0.2,1.6,0.4,0.7,1.3,0,277452.6,1
252,169,4,0.1,0.7,0.1,0.6,1.2,0.1,0.5,0.1,0.2,0.4,0,92484.2,1
252,179,16,0.7,1.4,0,2.4,2.8,0.3,2.8,3.8,0.7,0.4,0.7,343388.3,1
252,182,4,0.1,0.5,0.3,0.3,1.1,0.1,0.7,0.2,0.2,0.3,0.2,104297.7,1
252,187,7.5,0.3,0.7,0.3,1.2,1.4,0,1.2,0.9,0.6,0,0.9,195224.4,1
252,192,3,0.1,0.2,0.2,0.4,0.5,0.1,0.8,0.3,0.1,0.1,0.2,72575.3,1
252,197,3,0.1,0.3,0.2,0.4,0.9,0,0.5,0.3,0.1,0.2,0,75994.3,1
252,198,11,0.3,0.9,0.6,1.5,3.3,0,1.9,1.2,0.4,0.7,0.2,278645.6,1
252,199,29,2,3,2,4,8,1,6,2,0,0,1,682356.4,0
252,203,38,1,5,0,7,4,1.5,3,12,3.5,1,0,881940.9,0
252,204,42,1,3,0,3,9,0,10,5,5,4,2,1209858.8,0
252,205,40.5,1,3,3.5,2,12,1,2,8,1,3,4,1084167.7,0
252,206,68.5,1,7,3,6,17,2.5,7,13,4,7,1,1558496,0
252,207,74.5,1,4.5,4,10,15,2,18,8,3,4,5,1638253.5,0
252,208,67,4,8,1,10,20,1,6,5,5,4,3,1766937.9,0
252,209,1,0,0.1,0,0.2,0.2,0,0.2,0.1,0.1,0,0.1,30109.5,1
252,215,2,0,0.3,0.3,0.1,0.7,0,0.3,0.2,0,0.1,0,49160.7,1
252,221,1,0,0,0,0.2,0.1,0,0.2,0.3,0,0.2,0,25084.3,1
252,222,70.5,2,9,0,8,16,2,9,13,3.5,4,4,1624897,0
252,223,8,0.4,0.9,0.5,0.6,2.6,0.2,0.7,0.7,0.6,0.4,0.4,206028.6,1
252,225,11,0.6,1.2,0.7,0.8,3.6,0.2,0.9,1,0.8,0.6,0.6,283289.3,1
252,226,171,6,16.5,8,23,40,7,20,27,6.5,14,3,3231394.8,0
252,227,180,5.5,22.5,17,34,35,4,18,16,10,15,3,3494137.7,0
252,228,178,4,15.5,12.5,33,37,6.5,30,20,6.5,10,3,3909634.5,0
252,229,138,5,6,20,26,23,2,18,22,2,9,5,3169826.4,0
252,230,100,8,6.5,3,13,25,4,8,13,6.5,9,4,2142464.2,0
252,231,149,5,18,12,15,42,3,20,14,7,6,7,3427683.3,0
252,232,100,5,10,12,19,31,2,8,6,3,1,3,2213092.8,0
252,233,50.5,4,6,3.5,13,9,3,3,6,1,1,1,1165159.8,0
252,238,79,1.5,4,1,8,12,1.5,9,35,4,0,3,1912208.6,0
252,239,421,26,36.5,30,66,103,8,53,45,35.5,11,7,6494577.9,0
252,240,9,0,0.6,0.6,0.3,1.1,0,1.2,2,0,2.3,0.9,206566.5,1
252,241,40,0,3,1,3,6,1,5,9,2,9,1,821660,0
252,242,115,4,6,3,8,24,2,6,35,3,18,6,2890518.4,0
252,243,87,1,6,0,4,15,1,10,34,1,10,5,2538348.2,0
252,244,14,0.3,1.2,0.1,0.9,3.5,0.5,1.7,3,1,0.6,1.2,370664.5,1
252,250,2,0,0.1,0.2,0.3,0.3,0,0.4,0.4,0,0.1,0.2,48310.7,1
252,252,46,1,4,2,6,10,1,8,10,2,1,1,1203555.2,0
252,253,20,0.6,3.1,1.3,2.7,5,0.2,2.3,2.1,2.3,0.2,0.2,442103.7,1
252,254,9,0.3,1.4,0.6,1.2,2.2,0.1,1,1,1,0.1,0.1,198946.7,1
253,2,2,0.1,0.3,0.1,0.3,0.5,0.1,0.2,0.2,0.1,0.1,0,31412,1
253,3,5,0.2,0.7,0.2,0.7,1.3,0.3,0.6,0.5,0.3,0.2,0,78530.1,1
253,5,2,0.1,0.3,0.1,0.3,0.5,0.1,0.2,0.2,0.1,0.1,0,31412,1
253,11,2,0.1,0.3,0.1,0.3,0.5,0.1,0.2,0.2,0.1,0.1,0,31412,1
253,28,30,1.7,1.3,2,6.3,3,1.7,3.5,3,4.5,3,0,562192.9,1
253,29,46,2,6,1,9,8,1,3,7,5,4,0,657009,0
253,30,7,0.4,0.3,0.5,1.5,0.7,0.4,0.8,0.7,1,0.7,0,131178.4,1
253,31,4,0.2,0.2,0.3,0.8,0.4,0.2,0.5,0.4,0.6,0.4,0,74959.1,1
253,32,4,0,0.3,0.1,0.3,0.4,0.1,1.1,0.9,0.1,0.7,0,64384.2,1
253,38,2,0,0.1,0,0.4,0.3,0,0.4,0.3,0.2,0,0.3,38463.4,1
253,40,17,0.4,0.9,0,3.1,2.2,0.4,3.5,2.2,1.7,0.4,2.2,326938.5,1
253,45,4,0,0.3,0.1,0.3,0.4,0.1,1.1,0.9,0.1,0.7,0,64384.2,1
253,46,3,0,0.2,0.1,0.2,0.3,0.1,0.8,0.7,0.1,0.5,0,48288.2,1
253,57,5,0.2,0.4,0.4,0.9,0.8,0,0.6,0.9,0.1,0.6,0.1,102233.8,1
253,65,12,0,1.6,1.1,1.4,3,0.2,2.7,1.2,0.2,0.2,0.4,262865.3,1
253,77,1,0.1,0,0,0.2,0.2,0.1,0.1,0.2,0.1,0,0,21322.6,1
253,78,1,0.1,0,0,0.2,0.2,0.1,0.1,0.2,0.1,0,0,21322.6,1
253,79,1,0.1,0,0,0.2,0.2,0.1,0.1,0.2,0.1,0,0,21322.6,1
253,80,5,0.6,0.1,0,1.2,0.7,0.3,0.5,1,0.4,0.1,0.1,106613.2,1
253,81,4,0.5,0.1,0,0.9,0.6,0.2,0.4,0.8,0.3,0.1,0.1,85290.6,1
253,83,1,0,0.1,0.1,0.2,0.2,0,0.1,0.1,0.1,0,0.1,19073.5,1
253,84,25,0.7,3.2,2.9,4.3,5,0.3,2.1,1.4,2.9,1.1,1.1,476838.1,1
253,85,10,0.3,1.3,1.1,1.7,2,0.2,0.9,0.6,1.1,0.4,0.4,190735.2,1
253,96,31,2,5,2,3,8,0,8,1,1,1,0,770909.4,0
253,97,7,0.4,0.8,0.2,1.1,1.4,0.2,0.8,0.8,0.9,0.3,0.1,159144,1
253,105,2,0.1,0.1,0.1,0.3,0.2,0,0.1,0.6,0.3,0.2,0,48271.9,1
253,119,4,0.3,0.3,0.1,0.8,0.9,0.1,0.6,0.3,0.3,0.3,0,80334.9,1
253,121,4,0.3,0.3,0.1,0.8,0.9,0.1,0.6,0.3,0.3,0.3,0,80334.9,1
253,122,2,0.2,0.2,0,0.3,0.5,0.1,0.1,0.2,0.2,0.1,0.1,40248.3,1
253,129,20,1.8,2.2,1,4.6,4.4,0.8,1.8,1.3,1.5,0.3,0.3,441551.9,1
253,130,81.5,3,9,6,14,21,1,5,9,8.5,3,2,1873742.5,0
253,131,66,5,6,4,16,14,2,7,5,2,4,1,1276735.7,0
253,132,30,0,2,1,3,7,0,4,9,0,2,2,591514.4,0
253,133,5,0.6,0.6,0.1,1.4,0.9,0.4,0.1,0.4,0.5,0,0,99723.2,1
253,139,5,0.4,0.8,0.3,0.8,1.2,0.1,0.1,0.8,0.2,0.1,0.2,94687.7,1
253,144,24,0.6,2.7,3.2,3.5,7,0.9,1.9,0.6,1.3,1.3,1,505488.5,1
253,145,13.5,0.4,1.5,1.8,2,3.9,0.5,1.1,0.4,0.7,0.7,0.5,284337.3,1
253,149,1,0.1,0.1,0.1,0.1,0.2,0,0.2,0.1,0,0,0.1,19818,1
253,151,6,0.3,0.5,0.3,0.7,1.5,0,1.4,0.5,0.2,0.2,0.4,118908.2,1
253,168,1,0,0.2,0,0.2,0.3,0,0.1,0,0.1,0.1,0,23121,1
253,178,2,0.1,0.2,0,0.3,0.3,0,0.4,0.5,0.1,0,0.1,42923.5,1
253,182,29,0.8,3.3,2.1,2.1,7.9,0.8,5.4,1.7,1.6,2.1,1.2,756158.3,1
253,183,18,0.5,2.1,1.3,1.3,4.9,0.5,3.3,1,1,1.3,0.8,469339.6,1
253,184,5,0.1,0.6,0.4,0.4,1.3,0.1,0.9,0.3,0.3,0.4,0.2,130372.1,1
253,191,9,0.3,0.9,0.3,1.4,1.8,0,1.4,1.1,0.7,0,1.1,234269.3,1
253,192,5,0.1,0.4,0.3,0.7,0.8,0.1,1.4,0.5,0.2,0.2,0.3,120958.9,1
253,196,3,0.1,0.2,0.2,0.4,0.5,0.1,0.8,0.3,0.1,0.1,0.2,72575.3,1
253,197,21,0.6,1.7,1.1,2.8,6.2,0,3.7,2.3,0.9,1.4,0.3,531959.8,1
253,198,23,0.6,1.9,1.3,3.1,6.8,0,4,2.5,0.9,1.6,0.3,582622.7,1
253,199,4,0.1,0.3,0.2,0.5,1.2,0,0.7,0.4,0.2,0.3,0.1,101325.7,1
253,203,15,0.5,1,1.2,0.5,2.4,0.2,3.1,3.9,0,1.5,0.7,475669.5,1
253,204,40,1,8,2,0,14,1,3,4,4,0,3,1171332.8,0
253,205,47,0,3,3,2,8,0,3,21,0,1,6,1215602,0
253,206,62.5,1,2.5,1,0,7,1,7,3,2,36,2,1549455.1,0
253,207,42,2,0,1,7,5,2,2,13,3,5,2,1133610.5,0
253,208,78,3,10.5,2,8,20,2,10,11,5.5,4,2,1944163.5,0
253,221,22,0,1,0,3.8,2.9,0,3.8,6.7,0,3.8,0,551854.6,1
253,222,118.5,4,9.5,14,9,34,0,21,13,5,1,8,2812141.6,0
253,223,15,0.8,1.7,0.9,1.1,4.9,0.3,1.2,1.4,1.1,0.8,0.8,386303.6,1
253,224,4,0.2,0.5,0.2,0.3,1.3,0.1,0.3,0.4,0.3,0.2,0.2,103014.3,1
253,225,131.5,6,24.5,8,27,27,1,6,5,22,0,5,2267909.5,0
253,226,139,9,15.5,7,19,36,5.5,19,15,6,3,4,3131761.9,0
253,227,146,6,7,15,28,31,4,20,14,13,6,2,3038420.5,0
253,228,183.5,8,13,13,44,41,4,22,9,8.5,14,7,4073536.8,0
253,229,93,4,4.5,5,23,13,3,13,16,7.5,4,0,2166914.5,0
253,230,29,0,1.2,1.2,4.2,6.7,1.8,6.1,2.4,1.8,2.4,1.2,774930.2,1
253,231,82,3,13,4,7,24,3,17,4,3,1,3,2012926.4,0
253,232,199.5,5,30.5,16,30,48,5,28,7,14,6,10,4131206.8,0
253,233,13,0.4,1.4,1,2.3,3.1,0.4,1.3,1.5,0.4,0.8,0.4,278252,1
253,237,5,0,0.3,0.3,0.2,0.6,0,0.7,1.1,0,1.3,0.5,114759.2,1
253,238,130.5,7,6,7,23,13,2.5,13,43,6,9,1,2908947,0
253,239,286.5,14,31.5,33,37,70,4,27,41,12,8,9,4949439.7,0
253,240,131,3,11,8,14,20,3,27,21,10,13,1,2256192.2,0
253,241,110,3,4,6,14,11,2,12,41,1,15,1,2828306.1,0
253,242,276,9.5,29.5,11.5,42,52,7.5,22,31,21,38,12,5327720.9,0
253,243,105,1,7,6,6,18,2,19,34,6,5,1,2582564.6,0
253,244,12,0.2,1,0.1,0.8,3,0.4,1.4,2.6,0.9,0.6,1,317712.5,1
253,245,13,0.2,1.1,0.1,0.8,3.2,0.5,1.6,2.8,1,0.6,1.1,344188.5,1
253,252,33,1,5.1,2.2,4.4,8.3,0.3,3.8,3.5,3.8,0.3,0.3,729471.1,1
253,253,7,0.2,1.1,0.5,0.9,1.7,0.1,0.8,0.7,0.8,0.1,0.1,154736.3,1
254,7,3,0.1,0.4,0.1,0.4,0.8,0.2,0.4,0.3,0.2,0.1,0,47118.1,1
254,12,1,0,0.1,0,0.1,0.2,0,0.2,0.2,0.1,0.1,0,20357.3,1
254,15,3,0.1,0.3,0.1,0.2,0.7,0,0.6,0.5,0.2,0.2,0.1,61071.9,1
254,25,5,0.3,0.2,0.3,1,0.5,0.3,0.6,0.5,0.8,0.5,0,93698.8,1
254,28,4,0.2,0.2,0.3,0.8,0.4,0.2,0.5,0.4,0.6,0.4,0,74959.1,1
254,30,2,0.1,0.1,0.1,0.4,0.2,0.1,0.3,0.2,0.3,0.2,0,37479.5,1
254,39,10,0.2,0.5,0,1.8,1.3,0.3,2,1.3,1,0.3,1.3,192316.8,1
254,51,2,0,0.1,0.1,0.1,0.2,0.1,0.5,0.5,0.1,0.3,0,32192.1,1
254,71,4,0,0.5,0.3,0.5,1,0.1,0.9,0.4,0.1,0.1,0.1,87621.8,1
254,77,4,0.5,0.1,0,0.9,0.6,0.2,0.4,0.8,0.3,0.1,0.1,85290.6,1
254,79,2,0.2,0,0,0.5,0.3,0.1,0.2,0.4,0.2,0,0.1,42645.3,1
254,81,7,0.8,0.2,0.1,1.6,1,0.4,0.7,1.3,0.5,0.2,0.2,149258.5,1
254,96,17,1,2,0.4,2.7,3.5,0.4,1.8,2,2.2,0.8,0.2,386492.5,1
254,97,1,0.1,0.1,0,0.2,0.2,0,0.1,0.1,0.1,0.1,0,22734.9,1
254,113,4,0.3,0.3,0.1,0.8,0.9,0.1,0.6,0.3,0.3,0.3,0,80334.9,1
254,114,6,0.4,0.6,0.1,1.2,1.3,0.1,0.9,0.4,0.4,0.6,0,120502.4,1
254,124,2.5,0.2,0.2,0.1,0.4,0.6,0.1,0.2,0.2,0.3,0.1,0.1,50310.4,1
254,127,7,0.6,0.8,0.4,1.6,1.5,0.3,0.6,0.5,0.5,0.1,0.1,154543.2,1
254,128,6.5,0.6,0.7,0.3,1.5,1.4,0.3,0.6,0.4,0.5,0.1,0.1,143504.4,1
254,129,11,1,1.2,0.6,2.6,2.4,0.4,1,0.7,0.9,0.1,0.1,242853.5,1
254,130,63.5,2,5,5,10,23,2,8,1,4.5,1,2,1373431.7,0
254,131,51.5,1,7,5,7,11,1,10,5,2.5,2,0,1087755.4,0
254,132,102.5,9.5,15.5,3,31,17,5,1,3,15.5,0,2,1845770.6,0
254,133,101,15,7,5.5,39,10,7.5,3,0,13,1,0,1746910.1,0
254,134,4,0.5,0.5,0.1,1.1,0.7,0.3,0.1,0.3,0.4,0,0,79778.6,1
254,136,1,0.1,0.1,0,0.3,0.2,0.1,0,0.1,0.1,0,0,19944.6,1
254,139,3.5,0.3,0.6,0.2,0.5,0.8,0.1,0.1,0.5,0.1,0.1,0.2,66281.4,1
254,141,2,0.2,0.3,0.1,0.3,0.5,0,0,0.3,0.1,0.1,0.1,37875.1,1
254,142,8,0.2,0.9,1.1,1.2,2.3,0.3,0.7,0.2,0.4,0.4,0.3,168496.2,1
254,143,1,0,0.1,0.1,0.2,0.3,0,0.1,0,0.1,0.1,0,21062,1
254,145,2,0,0.2,0.3,0.3,0.6,0.1,0.2,0,0.1,0.1,0.1,42124,1
254,149,2,0.1,0.2,0.1,0.2,0.5,0,0.4,0.2,0.1,0.1,0.1,39636.1,1
254,155,3,0,0.3,0.2,0.3,1,0,0.3,0.4,0.4,0,0.1,72351.6,1
254,167,1,0,0.2,0,0.2,0.3,0,0.1,0,0.1,0.1,0,23121,1
254,172,3,0.3,0.4,0.2,0.6,0.6,0,0.1,0.5,0,0.1,0.2,66433.5,1
254,176,2,0.2,0.3,0.1,0.4,0.4,0,0.1,0.3,0,0.1,0.1,44289,1
254,178,2,0.1,0.2,0,0.3,0.3,0,0.4,0.5,0.1,0,0.1,42923.5,1
254,181,19,0.8,1.7,0,2.9,3.3,0.4,3.3,4.6,0.8,0.4,0.8,407773.6,1
254,182,44,0,5,2,5,10,0,11,2,4,2,3,1191179,0
254,187,3,0.1,0.3,0.1,0.5,0.6,0,0.5,0.3,0.2,0,0.4,78089.8,1
254,189,6,0.2,0.6,0.2,0.9,1.2,0,1,0.7,0.5,0,0.7,156179.6,1
254,196,2,0,0.2,0.1,0.3,0.3,0.1,0.5,0.2,0.1,0.1,0.1,48383.6,1
254,197,32,2,1,1,5,7,1,10,1,1,0,3,925157.7,0
254,198,7,0.2,0.6,0.4,0.9,2.1,0,1.2,0.7,0.3,0.5,0.1,177319.9,1
254,203,13,0.4,0.8,1.1,0.4,2.1,0.2,2.7,3.4,0,1.3,0.6,412246.9,1
254,204,63,2,8,1,5,16,3,11,7,6,0,4,2232569,0
254,205,26,0.8,1.7,2.1,0.8,4.2,0.4,5.5,6.7,0,2.5,1.3,824493.8,1
254,206,40,0,3,2,2,13,0,7,7,3,1,2,1260492.5,0
254,207,38,1.7,2.3,1.7,6.3,7.5,1.2,6.9,4,2.9,1.2,2.3,1144159.4,1
254,208,64,3,2,0,11,16,4,4,8,6,6,4,1733396.2,0
254,214,4,0,0.7,0.6,0.1,1.4,0,0.6,0.4,0,0.2,0,98321.4,1
254,221,90.5,7,4.5,8,16,17,3,9,18,5,3,0,2187148,0
254,222,68,2,6.5,4,10,17,0,10,11,1.5,5,1,1370751.3,0
254,223,5,0.2,0.6,0.3,0.4,1.6,0.1,0.4,0.5,0.4,0.2,0.3,128767.9,1
254,224,40.5,0,6.5,2,1,12,1,7,4,5,1,1,916459.4,0
254,225,53,1,3,2,7,10,0,5,3,8,11,3,1045685.6,0
254,226,20,1,2.3,1.2,1.5,6.6,0.4,1.7,1.9,1.4,1,1,515071.5,1
254,227,182.5,15,16,17,43,37,4,16,6,18.5,6,4,4000064.2,0
254,228,117,6,7.5,7,29,23,5,17,12,4.5,5,1,2117901.9,0
254,229,136.5,4,18,3,22,36,3.5,12,14,14,6,4,2496559.9,0
254,230,62,0,7,0,3,12,1,12,11,4,3,9,1580567.4,0
254,231,140.5,4,11.5,4,33,34,2.5,19,12,13.5,1,6,3298948.7,0
254,232,8.5,0.2,0.9,0.6,1.5,2,0.3,0.9,1,0.3,0.5,0.3,181934,1
254,236,5,0.1,0.6,0.4,0.9,1.2,0.1,0.5,0.6,0.1,0.3,0.2,107020,1
254,237,2,0,0.1,0.1,0.1,0.3,0,0.3,0.4,0,0.5,0.2,45903.7,1
254,238,133.5,6,11.5,3,24,22,1.5,27,28,6.5,4,0,2460921.5,0
254,239,230,11,27,20,38,54,11,16,24,16,6,7,4019832.7,0
254,240,108,2,10,1,13,20,0,21,22,10,8,1,2791775.1,0
254,241,132,4,6,12,18,23,0,18,22,5,19,5,3055949.1,0
254,242,334.5,22.5,36,31,60,53,6,44,41,19,17,5,5487360.5,0
254,243,162.5,8,3,6,26,35,2,17,47,8.5,10,0,3068871.7,0
254,244,84,1,7,3,4,13,1,8,32,4,7,4,2049975,0
254,245,11,0.2,0.9,0.1,0.7,2.8,0.4,1.3,2.4,0.8,0.5,0.9,291236.4,1
254,250,6.5,0,0.3,0.6,0.9,0.9,0,1.5,1.3,0,0.4,0.6,157009.8,1
254,253,3,0.1,0.5,0.2,0.4,0.8,0,0.4,0.3,0.3,0,0,66315.6,1
255,13,3,0.1,0.3,0.1,0.2,0.7,0,0.6,0.5,0.2,0.2,0.1,61071.9,1
255,25,2,0.1,0.1,0.1,0.4,0.2,0.1,0.3,0.2,0.3,0.2,0,37479.5,1
255,37,2,0,0.1,0,0.4,0.3,0,0.4,0.3,0.2,0,0.3,38463.4,1
255,53,1,0,0.1,0.1,0.2,0.2,0,0.1,0.2,0,0.1,0,20446.8,1
255,63,5,0,0.7,0.4,0.6,1.3,0.1,1.1,0.5,0.1,0.1,0.1,109527.2,1
255,76,1,0.1,0.1,0,0.2,0.3,0.1,0,0.1,0,0.1,0,20491.6,1
255,77,3,0.3,0.1,0,0.7,0.4,0.2,0.3,0.6,0.2,0.1,0.1,63967.9,1
255,80,6,0.7,0.1,0.1,1.4,0.9,0.3,0.6,1.2,0.5,0.1,0.1,127935.8,1
255,81,14,1.6,0.3,0.2,3.3,2.1,0.7,1.5,2.7,1,0.3,0.3,298517,1
255,82,16,0.5,2.1,1.8,2.7,3.2,0.2,1.4,0.9,1.8,0.7,0.7,305176.4,1
255,91,1,0.2,0.1,0,0.3,0,0,0.1,0.1,0.1,0.1,0,19718.4,1
255,94,3,0.2,0.3,0.1,0.5,0.6,0.1,0.3,0.4,0.4,0.1,0,68204.6,1
255,107,2,0.1,0.1,0.1,0.3,0.2,0,0.1,0.6,0.3,0.2,0,48271.9,1
255,108,6,0.4,0.4,0.2,0.8,0.6,0,0.4,1.8,0.8,0.6,0,144815.8,1
255,123,14,1.3,1.3,0.4,2.2,3.3,0.6,0.9,1.3,1.6,0.4,0.7,281738,1
255,124,17,1.6,1.6,0.5,2.7,4,0.7,1.1,1.6,1.9,0.5,0.8,342110.5,1
255,125,11,1,1,0.4,1.7,2.6,0.4,0.7,1.1,1.2,0.4,0.5,221365.6,1
255,126,8,0.7,0.8,0.2,1.3,1.9,0.3,0.5,0.8,0.9,0.2,0.4,160993.2,1
255,129,5,0.4,0.5,0.3,1.2,1.1,0.2,0.4,0.3,0.4,0.1,0.1,110388,1
255,130,61,4,5,1,14,11,4,7,6,9,0,0,1358404.1,0
255,132,35,4.1,4.3,1,9.7,6.6,2.5,1,2.5,3.3,0,0,698062.7,1
255,133,17,2,2.1,0.5,4.7,3.2,1.2,0.5,1.2,1.6,0,0,339059,1
255,135,1,0.1,0.1,0,0.3,0.2,0.1,0,0.1,0.1,0,0,19944.6,1
255,136,2,0.2,0.2,0.1,0.6,0.4,0.1,0.1,0.1,0.2,0,0,39889.3,1
255,145,2,0,0.2,0.3,0.3,0.6,0.1,0.2,0,0.1,0.1,0.1,42124,1
255,149,10,0.6,0.8,0.6,1.1,2.6,0,2.3,0.8,0.3,0.3,0.6,198180.4,1
255,150,1,0.1,0.1,0.1,0.1,0.2,0,0.2,0.1,0,0,0.1,19818,1
255,153,2,0,0.2,0.1,0.2,0.7,0,0.2,0.3,0.3,0,0,48234.4,1
255,181,5,0.2,0.4,0,0.8,0.9,0.1,0.9,1.2,0.2,0.1,0.2,107308.8,1
255,182,5,0.1,0.6,0.4,0.4,1.3,0.1,0.9,0.3,0.3,0.4,0.2,130372.1,1
255,197,1,0,0.1,0.1,0.1,0.3,0,0.2,0.1,0,0.1,0,25331.4,1
255,200,2,0.1,0.2,0.1,0.3,0.6,0,0.3,0.2,0.1,0.1,0,50662.8,1
255,205,2,0.1,0.1,0.2,0.1,0.3,0,0.4,0.5,0,0.2,0.1,63422.6,1
255,206,64,5,3.5,2,17,11,5,2,6,6.5,6,0,1829939,0
255,207,17,0.8,1,0.8,2.8,3.4,0.5,3.1,1.8,1.3,0.5,1,511860.8,1
255,208,68.5,3,10,4,12,21,1,2,6,7.5,2,0,1701622.8,0
255,209,2,0.1,0.1,0.1,0.3,0.4,0.1,0.4,0.2,0.1,0.1,0.1,60218.9,1
255,224,14,0.7,1.6,0.9,1,4.6,0.3,1.2,1.3,1,0.7,0.7,360550.1,1
255,225,12,0.6,1.4,0.7,0.9,4,0.2,1,1.1,0.9,0.6,0.6,309042.9,1
255,226,8,0.4,0.9,0.5,0.6,2.6,0.2,0.7,0.7,0.6,0.4,0.4,206028.6,1
255,227,122.5,9.5,3,19,47,19,1,11,2,5,5,1,2493504,0
255,228,2,0,0.1,0.1,0.3,0.4,0.1,0.4,0.2,0.1,0.2,0.1,53443.5,1
255,229,40,2,3,1,5,12,1,5,3,5,2,1,808514.5,0
255,230,63,1,8,5,6,20,0,13,6,1,0,3,1465010.7,0
255,231,12,0,0.5,0.5,1.8,2.8,0.7,2.5,1,0.7,1,0.5,320660.8,1
255,233,42,2,6,5,8,5,1,8,5,1,0,1,939508.8,0
255,234,5,0.1,0.6,0.4,0.9,1.2,0.1,0.5,0.6,0.1,0.3,0.2,107020,1
255,237,33,1,7,2,5,12,1,2,0,2,1,0,728673.4,0
255,238,2,0,0.1,0.1,0.1,0.3,0,0.3,0.4,0,0.5,0.2,45903.7,1
255,239,84,1,4,2,12,10,0,21,26,2,4,2,1988204.8,0
255,240,113,1,13,10,9,28,0,30,10,6,1,5,3180210.9,0
255,241,54,0,7,3,1,13,0,6,11,4,8,1,1414381.4,0
255,242,31,0,4,0,3,7,1,0,9,1,5,1,702850.2,0
255,243,131.5,10.5,14.5,7,14,28,4,21,22,3.5,5,2,2450920.7,0
255,244,62,1,2,3,6,8,0,11,18,2,7,4,1782432.6,0
255,245,10,0.2,0.8,0.1,0.7,2.5,0.4,1.2,2.1,0.7,0.5,0.8,264760.4,1
255,246,8,0.1,0.7,0.1,0.5,2,0.3,0.9,1.7,0.6,0.4,0.7,211808.3,1
255,247,7,0,0.3,0.7,0.9,0.9,0,1.6,1.4,0,0.5,0.7,169087.5,1
255,249,3,0,0.1,0.3,0.4,0.4,0,0.7,0.6,0,0.2,0.3,72466.1,1
255,255,2,0.1,0.3,0.2,0.3,0.5,0,0.2,0.2,0.2,0,0,44210.4,1
