x,y,clc
0,0,12
0,1,12
0,2,12
0,3,12
0,4,12
0,5,12
0,6,12
0,7,12
0,8,12
0,9,12
0,10,12
0,11,23
0,12,12
0,13,12
0,14,12
0,15,12
0,16,12
0,17,12
0,18,12
0,19,12
0,20,12
0,21,12
0,22,12
0,23,12
0,24,12
0,25,12
0,26,12
0,27,12
0,28,12
0,29,12
0,30,12
0,31,12
0,32,29
0,33,29
0,34,12
0,35,12
0,36,12
0,37,12
0,38,12
0,39,41
0,40,12
0,41,12
0,42,12
0,43,12
0,44,12
0,45,12
0,46,12
0,47,12
0,48,12
0,49,12
0,50,18
0,51,12
0,52,12
0,53,12
0,54,12
0,55,12
0,56,12
0,57,12
0,58,18
0,59,18
0,60,23
0,61,23
0,62,18
0,63,18
0,64,26
0,65,26
0,66,12
0,67,12
0,68,29
0,69,21
0,70,12
0,71,12
0,72,12
0,73,23
0,74,23
0,75,12
0,76,12
0,77,12
0,78,12
0,79,2
0,80,12
0,81,23
0,82,23
0,83,23
0,84,23
0,85,26
0,86,26
0,87,12
0,88,12
0,89,12
0,90,12
0,91,12
0,92,12
0,93,29
0,94,18
0,95,23
0,96,12
0,97,12
0,98,12
0,99,16
0,100,12
0,101,12
0,102,12
0,103,18
1,0,12
1,1,12
1,2,12
1,3,12
1,4,12
1,5,12
1,6,12
1,7,12
1,8,12
1,9,12
1,10,12
1,11,21
1,12,23
1,13,12
1,14,12
1,15,12
1,16,12
1,17,12
1,18,12
1,19,29
1,20,12
1,21,12
1,22,12
1,23,12
1,24,12
1,25,12
1,26,12
1,27,12
1,28,12
1,29,12
1,30,12
1,31,12
1,32,29
1,33,29
1,34,12
1,35,12
1,36,12
1,37,12
1,38,41
1,39,41
1,40,12
1,41,12
1,42,12
1,43,12
1,44,12
1,45,12
1,46,12
1,47,23
1,48,12
1,49,12
1,50,18
1,51,18
1,52,12
1,53,12
1,54,12
1,55,18
1,56,12
1,57,18
1,58,18
1,59,18
1,60,23
1,61,23
1,62,23
1,63,23
1,64,26
1,65,26
1,66,26
1,67,12
1,68,40
1,69,2
1,70,12
1,71,12
1,72,12
1,73,12
1,74,23
1,75,12
1,76,12
1,77,12
1,78,12
1,79,16
1,80,12
1,81,23
1,82,23
1,83,23
1,84,26
1,85,23
1,86,26
1,87,23
1,88,12
1,89,12
1,90,12
1,91,12
1,92,12
1,93,12
1,94,18
1,95,23
1,96,12
1,97,12
1,98,16
1,99,16
1,100,12
1,101,12
1,102,18
1,103,18
2,0,12
2,1,40
2,2,12
2,3,12
2,4,12
2,5,12
2,6,12
2,7,12
2,8,21
2,9,21
2,10,21
2,11,21
2,12,23
2,13,12
2,14,12
2,15,12
2,16,12
2,17,12
2,18,12
2,19,23
2,20,12
2,21,12
2,22,12
2,23,12
2,24,12
2,25,12
2,26,12
2,27,12
2,28,12
2,29,12
2,30,12
2,31,12
2,32,12
2,33,12
2,34,12
2,35,12
2,36,12
2,37,12
2,38,12
2,39,12
2,40,2
2,41,2
2,42,12
2,43,12
2,44,12
2,45,12
2,46,23
2,47,23
2,48,12
2,49,12
2,50,3
2,51,18
2,52,18
2,53,18
2,54,18
2,55,12
2,56,12
2,57,12
2,58,12
2,59,12
2,60,29
2,61,23
2,62,23
2,63,23
2,64,26
2,65,26
2,66,26
2,67,26
2,68,40
2,69,2
2,70,2
2,71,12
2,72,12
2,73,29
2,74,29
2,75,29
2,76,12
2,77,12
2,78,16
2,79,2
2,80,12
2,81,23
2,82,23
2,83,23
2,84,26
2,85,23
2,86,23
2,87,23
2,88,12
2,89,12
2,90,12
2,91,16
2,92,12
2,93,16
2,94,16
2,95,12
2,96,12
2,97,12
2,98,12
2,99,16
2,100,16
2,101,12
2,102,12
2,103,18
3,0,12
3,1,12
3,2,12
3,3,12
3,4,12
3,5,12
3,6,12
3,7,21
3,8,21
3,9,21
3,10,12
3,11,12
3,12,12
3,13,12
3,14,12
3,15,12
3,16,12
3,17,12
3,18,12
3,19,23
3,20,12
3,21,12
3,22,12
3,23,12
3,24,12
3,25,12
3,26,12
3,27,12
3,28,12
3,29,12
3,30,12
3,31,12
3,32,12
3,33,12
3,34,12
3,35,12
3,36,12
3,37,12
3,38,12
3,39,12
3,40,12
3,41,12
3,42,12
3,43,12
3,44,12
3,45,12
3,46,12
3,47,12
3,48,12
3,49,12
3,50,12
3,51,3
3,52,18
3,53,18
3,54,18
3,55,2
3,56,12
3,57,12
3,58,12
3,59,12
3,60,29
3,61,23
3,62,23
3,63,26
3,64,26
3,65,26
3,66,26
3,67,26
3,68,2
3,69,40
3,70,40
3,71,23
3,72,16
3,73,29
3,74,29
3,75,29
3,76,12
3,77,16
3,78,2
3,79,2
3,80,12
3,81,2
3,82,23
3,83,23
3,84,23
3,85,23
3,86,23
3,87,23
3,88,12
3,89,12
3,90,16
3,91,16
3,92,12
3,93,12
3,94,12
3,95,12
3,96,12
3,97,12
3,98,12
3,99,23
3,100,16
3,101,12
3,102,12
3,103,12
4,0,12
4,1,12
4,2,12
4,3,12
4,4,12
4,5,12
4,6,12
4,7,12
4,8,12
4,9,12
4,10,12
4,11,12
4,12,12
4,13,12
4,14,12
4,15,12
4,16,12
4,17,12
4,18,29
4,19,29
4,20,12
4,21,12
4,22,12
4,23,12
4,24,12
4,25,12
4,26,12
4,27,12
4,28,12
4,29,12
4,30,12
4,31,12
4,32,12
4,33,12
4,34,12
4,35,12
4,36,12
4,37,2
4,38,12
4,39,12
4,40,12
4,41,12
4,42,12
4,43,12
4,44,23
4,45,12
4,46,12
4,47,12
4,48,12
4,49,12
4,50,12
4,51,2
4,52,2
4,53,2
4,54,2
4,55,2
4,56,12
4,57,12
4,58,23
4,59,18
4,60,29
4,61,18
4,62,18
4,63,18
4,64,26
4,65,26
4,66,26
4,67,26
4,68,2
4,69,21
4,70,21
4,71,21
4,72,16
4,73,16
4,74,16
4,75,12
4,76,12
4,77,12
4,78,16
4,79,2
4,80,18
4,81,18
4,82,18
4,83,18
4,84,21
4,85,21
4,86,18
4,87,18
4,88,29
4,89,12
4,90,12
4,91,12
4,92,2
4,93,16
4,94,16
4,95,12
4,96,12
4,97,23
4,98,23
4,99,23
4,100,12
4,101,12
5,0,2
5,1,12
5,2,12
5,3,12
5,4,12
5,5,12
5,6,12
5,7,12
5,8,12
5,9,12
5,10,12
5,11,12
5,12,12
5,13,12
5,14,12
5,15,12
5,16,12
5,17,29
5,18,29
5,19,29
5,20,12
5,21,12
5,22,12
5,23,12
5,24,12
5,25,12
5,26,12
5,27,12
5,28,12
5,29,12
5,30,12
5,31,12
5,32,12
5,33,12
5,34,12
5,35,12
5,36,2
5,37,2
5,38,2
5,39,12
5,40,12
5,41,12
5,42,12
5,43,12
5,44,23
5,45,12
5,46,16
5,47,16
5,48,12
5,49,12
5,50,2
5,51,2
5,52,2
5,53,2
5,54,2
5,55,2
5,56,12
5,57,12
5,58,12
5,59,18
5,60,18
5,61,18
5,62,18
5,63,18
5,64,26
5,65,26
5,66,26
5,67,26
5,68,12
5,69,12
5,70,21
5,71,21
5,72,16
5,73,16
5,74,16
5,75,16
5,76,16
5,77,12
5,78,12
5,79,2
5,80,18
5,81,18
5,82,23
5,83,23
5,84,21
5,85,21
5,86,18
5,87,18
5,88,29
5,89,29
5,90,12
5,91,12
5,92,12
5,93,12
5,94,16
5,95,16
5,96,16
5,97,16
5,98,23
5,99,12
5,100,12
5,101,12
6,0,2
6,1,2
6,2,12
6,3,12
6,4,12
6,5,12
6,6,12
6,7,12
6,8,12
6,9,12
6,10,12
6,11,12
6,12,12
6,13,12
6,14,12
6,15,12
6,16,12
6,17,12
6,18,12
6,19,29
6,20,29
6,21,29
6,22,12
6,23,12
6,24,12
6,25,12
6,26,12
6,27,12
6,28,12
6,29,12
6,30,12
6,31,12
6,32,12
6,33,12
6,34,12
6,35,12
6,36,20
6,37,2
6,38,41
6,39,41
6,40,12
6,41,12
6,42,12
6,43,12
6,44,12
6,45,12
6,46,12
6,47,16
6,48,12
6,49,12
6,50,12
6,51,2
6,52,2
6,53,2
6,54,2
6,55,23
6,56,12
6,57,12
6,58,12
6,59,12
6,60,18
6,61,18
6,62,18
6,63,18
6,64,26
6,65,26
6,66,26
6,67,26
6,68,12
6,69,12
6,70,12
6,71,21
6,72,16
6,73,16
6,74,21
6,75,16
6,76,16
6,77,16
6,78,12
6,79,12
6,80,18
6,81,18
6,82,18
6,83,23
6,84,23
6,85,23
6,86,18
6,87,18
6,88,29
6,89,29
6,90,21
6,91,12
6,92,16
6,93,12
6,94,12
6,95,12
6,96,16
6,98,29
6,100,12
7,0,2
7,1,2
7,2,2
7,3,2
7,4,12
7,5,12
7,6,12
7,7,12
7,8,12
7,9,12
7,10,12
7,11,12
7,12,12
7,13,12
7,14,29
7,15,12
7,16,12
7,17,12
7,18,12
7,19,12
7,20,29
7,21,29
7,22,12
7,23,12
7,24,12
7,25,12
7,26,12
7,27,12
7,28,12
7,29,12
7,30,12
7,31,12
7,32,12
7,33,12
7,34,12
7,35,12
7,36,20
7,37,20
7,38,41
7,39,41
7,40,12
7,41,12
7,42,12
7,43,23
7,44,12
7,45,16
7,46,12
7,47,16
7,48,12
7,49,12
7,50,3
7,51,3
7,52,12
7,53,18
7,54,23
7,55,23
7,56,12
7,57,12
7,58,12
7,59,12
7,60,29
7,61,18
7,62,18
7,63,18
7,64,26
7,65,26
7,66,26
7,67,12
7,68,12
7,69,12
7,70,12
7,71,12
7,72,16
7,73,16
7,74,16
7,75,16
7,76,16
7,77,16
7,78,21
7,79,21
7,80,12
7,81,18
7,82,18
7,83,18
7,84,23
7,85,23
7,86,23
7,87,18
7,88,29
7,89,29
7,90,18
7,91,21
7,92,16
7,93,16
7,94,16
8,0,12
8,1,12
8,2,12
8,3,12
8,4,12
8,5,12
8,6,12
8,7,12
8,8,12
8,9,12
8,10,12
8,11,12
8,12,12
8,13,12
8,14,12
8,15,29
8,16,12
8,17,12
8,18,12
8,19,29
8,20,12
8,21,29
8,22,29
8,23,12
8,24,12
8,25,12
8,26,12
8,27,12
8,28,12
8,29,12
8,30,12
8,31,12
8,32,12
8,33,12
8,34,12
8,35,12
8,36,12
8,37,2
8,38,16
8,39,16
8,40,16
8,41,12
8,42,12
8,43,12
8,44,12
8,45,12
8,46,16
8,47,16
8,48,16
8,49,3
8,50,3
8,51,12
8,52,12
8,53,12
8,54,12
8,55,12
8,56,16
8,57,16
8,58,12
8,59,12
8,60,29
8,61,29
8,62,18
8,63,18
8,64,26
8,65,26
8,66,12
8,67,12
8,68,12
8,69,2
8,70,2
8,71,12
8,72,12
8,73,16
8,74,12
8,75,12
8,76,29
8,77,40
8,78,12
8,79,12
8,80,12
8,81,12
8,82,18
8,83,18
8,84,23
8,85,23
8,86,23
8,87,23
8,88,18
8,89,18
8,90,18
8,91,23
8,92,12
8,93,16
8,94,16
9,0,3
9,1,12
9,2,12
9,3,12
9,4,12
9,5,12
9,6,12
9,7,12
9,8,12
9,9,12
9,10,12
9,11,12
9,12,12
9,13,12
9,14,12
9,15,29
9,16,20
9,17,12
9,18,12
9,19,29
9,20,29
9,21,29
9,22,29
9,23,12
9,24,12
9,25,12
9,26,12
9,27,12
9,28,12
9,29,12
9,30,12
9,31,12
9,32,12
9,33,12
9,34,12
9,35,12
9,36,12
9,37,2
9,38,12
9,39,16
9,40,12
9,41,12
9,42,12
9,43,12
9,44,12
9,45,12
9,46,12
9,47,12
9,48,12
9,49,12
9,50,41
9,51,18
9,52,12
9,53,12
9,54,12
9,55,12
9,56,16
9,57,16
9,58,12
9,59,12
9,60,29
9,61,29
9,62,29
9,63,29
9,64,26
9,65,12
9,66,12
9,67,12
9,68,12
9,69,12
9,70,21
9,71,12
9,72,12
9,73,21
9,74,12
9,75,12
9,76,29
9,77,40
9,78,23
9,79,12
9,80,12
9,81,12
9,82,12
9,83,18
9,84,23
9,85,23
9,86,23
9,87,23
9,88,18
9,89,18
9,90,18
9,91,18
9,92,12
9,93,16
10,0,18
10,1,18
10,2,18
10,3,12
10,4,12
10,5,12
10,6,12
10,7,12
10,8,12
10,9,12
10,10,12
10,11,12
10,12,12
10,13,12
10,14,12
10,15,29
10,16,29
10,17,12
10,18,12
10,19,12
10,20,29
10,21,29
10,22,29
10,23,12
10,24,12
10,25,12
10,26,12
10,27,12
10,28,12
10,29,12
10,30,12
10,31,12
10,32,12
10,33,12
10,34,12
10,35,12
10,36,12
10,37,12
10,38,12
10,39,12
10,40,12
10,41,12
10,42,12
10,43,12
10,44,12
10,45,12
10,46,12
10,47,3
10,48,12
10,49,12
10,50,18
10,51,18
10,52,12
10,53,12
10,54,12
10,55,23
10,56,16
10,57,12
10,58,12
10,59,12
10,60,12
10,61,12
10,62,12
10,63,29
10,64,12
10,65,12
10,66,12
10,67,12
10,68,12
10,69,12
10,70,21
10,71,12
10,72,12
10,73,12
10,74,12
10,75,23
10,76,23
10,77,40
10,78,23
10,79,21
10,80,16
10,81,12
10,82,12
10,83,23
10,84,23
10,85,23
10,86,23
10,87,23
10,88,18
10,89,18
10,90,18
10,91,18
10,92,12
10,93,12
11,0,18
11,1,18
11,2,18
11,3,18
11,4,12
11,5,12
11,6,12
11,7,12
11,8,12
11,9,12
11,10,12
11,11,12
11,12,12
11,13,29
11,14,29
11,15,29
11,16,12
11,17,12
11,18,12
11,19,12
11,20,29
11,21,29
11,22,23
11,23,12
11,24,12
11,25,12
11,26,12
11,27,12
11,28,12
11,29,12
11,30,12
11,31,12
11,32,29
11,33,12
11,34,12
11,35,12
11,36,12
11,37,12
11,38,12
11,39,12
11,40,40
11,41,2
11,42,12
11,43,12
11,44,12
11,45,12
11,46,12
11,47,12
11,48,12
11,49,12
11,50,12
11,51,18
11,52,29
11,53,12
11,54,12
11,55,12
11,56,12
11,57,12
11,58,12
11,59,12
11,60,12
11,61,12
11,62,12
11,63,12
11,64,12
11,65,12
11,66,12
11,67,12
11,68,12
11,69,12
11,70,12
11,71,12
11,72,12
11,73,12
11,74,12
11,75,23
11,76,23
11,77,23
11,78,40
11,79,23
11,80,12
11,81,12
11,82,12
11,83,23
11,84,23
11,85,23
11,86,23
11,87,23
11,88,18
11,89,18
11,90,18
11,91,12
11,92,12
12,0,12
12,1,12
12,2,12
12,3,18
12,4,18
12,5,12
12,6,12
12,7,12
12,8,12
12,9,12
12,10,12
12,11,12
12,12,12
12,13,12
12,14,23
12,15,29
12,16,12
12,17,12
12,18,12
12,19,12
12,20,12
12,21,12
12,22,12
12,23,23
12,24,29
12,25,12
12,26,12
12,27,12
12,28,12
12,29,12
12,30,12
12,31,12
12,32,12
12,33,16
12,34,12
12,35,12
12,36,12
12,37,12
12,38,12
12,39,40
12,40,21
12,41,12
12,42,12
12,43,12
12,44,12
12,45,12
12,46,12
12,47,12
12,48,12
12,49,12
12,50,12
12,51,12
12,52,12
12,53,12
12,54,12
12,55,12
12,56,2
12,57,2
12,58,12
12,59,12
12,60,12
12,61,12
12,62,16
12,63,12
12,64,12
12,65,12
12,66,12
12,67,12
12,68,18
12,69,18
12,70,18
12,71,29
12,72,29
12,73,12
12,74,12
12,75,12
12,76,12
12,77,12
12,78,12
12,79,12
12,80,12
12,81,12
12,82,12
12,83,12
12,84,12
12,85,12
12,86,12
12,87,12
12,88,12
12,89,18
12,90,12
12,91,12
13,0,12
13,1,12
13,2,12
13,3,12
13,4,12
13,5,12
13,6,12
13,7,12
13,8,12
13,9,12
13,10,12
13,11,12
13,12,12
13,13,12
13,14,12
13,15,12
13,16,12
13,17,12
13,18,12
13,19,12
13,20,12
13,21,12
13,22,12
13,23,12
13,24,2
13,25,18
13,26,18
13,27,12
13,28,12
13,29,12
13,30,12
13,31,12
13,32,16
13,33,16
13,34,12
13,35,12
13,36,12
13,37,12
13,38,12
13,39,2
13,40,21
13,41,12
13,42,12
13,43,12
13,44,12
13,45,16
13,46,12
13,47,18
13,48,12
13,49,12
13,50,12
13,51,12
13,52,12
13,53,12
13,54,12
13,55,12
13,56,18
13,57,2
13,58,2
13,59,12
13,60,12
13,61,16
13,62,16
13,63,12
13,64,12
13,65,12
13,66,12
13,67,12
13,68,18
13,69,18
13,70,18
13,71,23
13,72,23
13,73,23
13,74,18
13,75,12
13,76,12
13,77,12
13,78,12
13,79,12
13,80,12
13,81,12
13,82,12
13,83,12
13,84,12
13,85,12
13,86,12
13,87,12
13,88,12
13,89,12
13,90,12
14,0,12
14,1,12
14,2,12
14,3,12
14,4,12
14,5,12
14,6,12
14,7,12
14,8,12
14,9,12
14,10,20
14,11,12
14,12,12
14,13,12
14,14,12
14,15,12
14,16,12
14,17,12
14,18,12
14,19,12
14,20,12
14,21,12
14,22,12
14,23,2
14,24,20
14,25,18
14,26,12
14,27,12
14,28,12
14,29,12
14,30,12
14,31,12
14,32,12
14,33,12
14,34,12
14,35,12
14,36,12
14,37,12
14,38,12
14,39,2
14,40,21
14,41,12
14,42,12
14,43,12
14,44,12
14,45,12
14,46,12
14,47,12
14,48,12
14,49,12
14,50,12
14,51,12
14,52,12
14,53,12
14,54,12
14,55,12
14,56,18
14,57,18
14,58,18
14,59,18
14,60,16
14,61,16
14,62,12
14,63,12
14,64,18
14,65,18
14,66,29
14,67,29
14,68,23
14,69,18
14,70,23
14,71,23
14,72,23
14,73,18
14,74,18
14,75,12
14,76,12
14,77,23
14,78,23
14,79,12
14,80,12
14,81,12
14,82,12
14,83,12
14,84,12
15,0,12
15,1,12
15,2,12
15,3,12
15,4,12
15,5,12
15,6,12
15,7,12
15,8,12
15,9,12
15,10,12
15,11,20
15,12,12
15,13,12
15,14,12
15,15,12
15,16,29
15,17,29
15,18,12
15,19,12
15,20,12
15,21,12
15,22,12
15,23,2
15,24,2
15,25,12
15,26,12
15,27,12
15,28,12
15,29,12
15,30,12
15,31,12
15,32,12
15,33,12
15,34,12
15,35,12
15,36,12
15,37,12
15,38,12
15,39,40
15,40,16
15,41,16
15,42,12
15,43,12
15,44,12
15,45,12
15,46,12
15,47,12
15,48,12
15,49,12
15,50,18
15,51,12
15,52,18
15,53,12
15,54,12
15,55,12
15,56,18
15,57,18
15,58,18
15,59,18
15,60,16
15,61,12
15,62,12
15,63,20
15,64,2
15,65,18
15,66,29
15,67,29
15,68,23
15,69,23
15,70,18
15,71,18
15,72,23
15,73,23
15,74,23
15,75,12
15,76,12
15,77,23
15,78,23
15,79,23
15,80,16
15,81,12
15,82,12
15,83,12
16,0,12
16,1,12
16,2,12
16,3,12
16,4,12
16,5,12
16,6,12
16,7,12
16,8,12
16,9,12
16,10,12
16,11,12
16,12,12
16,13,12
16,14,12
16,15,12
16,16,12
16,17,12
16,18,12
16,19,12
16,20,12
16,21,12
16,22,12
16,23,12
16,24,2
16,25,12
16,26,18
16,27,18
16,28,12
16,29,12
16,30,2
16,31,2
16,32,12
16,33,18
16,34,18
16,35,12
16,36,12
16,37,12
16,38,12
16,39,12
16,40,12
16,41,12
16,42,12
16,43,12
16,44,12
16,45,12
16,46,2
16,47,18
16,48,18
16,49,12
16,50,12
16,51,12
16,52,18
16,53,12
16,54,12
16,55,12
16,56,18
16,57,18
16,58,23
16,59,23
16,60,12
16,61,12
16,62,12
16,63,12
16,64,23
16,65,23
16,66,23
16,67,23
16,68,23
16,69,23
16,70,29
16,71,29
16,72,18
16,73,12
16,74,12
16,75,12
16,76,16
16,77,12
16,78,12
16,79,2
16,80,21
16,81,12
16,82,12
16,83,12
17,0,12
17,1,12
17,2,12
17,3,12
17,4,12
17,5,12
17,6,12
17,7,12
17,8,12
17,9,12
17,10,12
17,11,29
17,12,12
17,13,12
17,14,12
17,15,12
17,16,12
17,17,12
17,18,12
17,19,12
17,20,12
17,21,12
17,22,12
17,23,18
17,24,2
17,25,12
17,26,21
17,27,18
17,28,12
17,29,2
17,30,16
17,31,2
17,32,12
17,33,12
17,34,12
17,35,12
17,36,12
17,37,12
17,38,12
17,39,12
17,40,12
17,41,12
17,42,12
17,43,12
17,44,12
17,45,12
17,46,2
17,47,2
17,48,12
17,49,12
17,50,12
17,51,12
17,52,12
17,53,12
17,54,12
17,55,18
17,56,18
17,57,2
17,58,2
17,59,23
17,60,12
17,61,12
17,62,18
17,63,12
17,64,23
17,65,12
17,66,16
17,67,16
17,68,23
17,69,12
17,70,29
17,71,29
17,72,18
17,73,12
17,74,12
17,75,12
17,76,16
17,77,2
17,78,2
17,79,2
17,80,21
17,81,12
17,82,2
17,83,12
18,0,12
18,1,12
18,2,12
18,3,12
18,4,12
18,5,12
18,6,12
18,7,12
18,8,29
18,9,29
18,10,12
18,11,12
18,12,12
18,13,12
18,14,12
18,15,12
18,16,12
18,17,12
18,18,12
18,19,12
18,20,12
18,21,12
18,22,12
18,23,12
18,24,12
18,25,12
18,26,21
18,27,21
18,28,16
18,29,16
18,30,16
18,31,16
18,32,12
18,33,12
18,34,12
18,35,12
18,36,12
18,37,12
18,38,18
18,39,2
18,40,21
18,41,12
18,42,12
18,43,12
18,44,12
18,45,12
18,46,12
18,47,2
18,48,12
18,49,12
18,50,12
18,51,12
18,52,12
18,53,12
18,54,12
18,55,12
18,56,12
18,57,2
18,58,21
18,59,12
18,60,12
18,61,12
18,62,12
18,63,12
18,64,23
18,65,23
18,66,16
18,67,12
18,68,12
18,69,12
18,70,29
18,71,29
18,72,18
18,73,18
18,74,12
18,75,12
18,76,21
18,77,2
18,78,2
18,79,12
18,80,12
18,81,12
18,82,12
19,0,12
19,1,12
19,2,12
19,3,12
19,4,12
19,5,12
19,6,12
19,7,12
19,8,29
19,9,29
19,10,29
19,11,12
19,12,12
19,13,12
19,14,12
19,15,12
19,16,12
19,17,12
19,18,12
19,19,12
19,20,12
19,21,12
19,22,12
19,23,12
19,24,12
19,25,12
19,26,16
19,27,16
19,28,16
19,29,16
19,30,16
19,31,16
19,32,12
19,33,12
19,34,12
19,35,12
19,36,12
19,37,12
19,38,12
19,39,2
19,40,16
19,41,12
19,42,12
19,43,12
19,44,12
19,45,12
19,46,18
19,47,18
19,48,12
19,49,12
19,50,12
19,51,2
19,52,12
19,53,12
19,54,12
19,55,12
19,56,12
19,57,12
19,58,21
19,59,12
19,60,12
19,61,12
19,62,12
19,63,12
19,64,23
19,65,12
19,66,12
19,67,12
19,68,12
19,69,12
19,70,29
19,71,29
19,72,12
19,73,18
19,74,23
19,75,23
19,76,12
19,77,2
19,78,16
19,79,12
19,80,12
19,81,12
20,0,12
20,1,12
20,2,12
20,3,12
20,4,12
20,5,12
20,6,12
20,7,12
20,8,12
20,9,12
20,10,12
20,11,12
20,12,12
20,13,12
20,14,12
20,15,12
20,16,12
20,17,12
20,18,12
20,19,12
20,20,12
20,21,12
20,22,12
20,23,29
20,24,12
20,25,12
20,26,12
20,27,12
20,28,18
20,29,18
20,30,12
20,31,16
20,32,12
20,33,12
20,34,12
20,35,12
20,36,12
20,37,12
20,38,12
20,39,12
20,40,12
20,41,16
20,42,12
20,43,12
20,44,12
20,45,16
20,46,12
20,47,12
20,48,12
20,49,12
20,50,12
20,51,16
20,52,12
20,53,12
20,54,12
20,55,12
20,56,12
20,57,12
20,58,12
20,59,12
20,60,26
20,61,26
20,62,23
20,63,23
20,64,29
20,65,29
20,66,23
20,67,12
20,68,23
20,69,29
20,70,12
20,71,12
20,72,29
20,73,29
20,74,29
20,75,12
20,76,12
20,77,12
20,78,12
20,79,12
20,80,12
20,81,12
21,0,12
21,1,12
21,2,12
21,3,12
21,4,12
21,5,12
21,6,12
21,7,12
21,8,12
21,9,12
21,10,12
21,11,12
21,12,12
21,13,12
21,14,12
21,15,12
21,16,18
21,17,18
21,18,12
21,19,12
21,20,12
21,21,12
21,22,12
21,23,12
21,24,12
21,25,12
21,26,12
21,27,12
21,28,12
21,29,12
21,30,12
21,31,16
21,32,12
21,33,12
21,34,20
21,35,20
21,36,18
21,37,20
21,38,2
21,39,2
21,40,12
21,41,12
21,42,12
21,43,12
21,44,12
21,45,16
21,46,12
21,47,12
21,48,12
21,49,12
21,50,12
21,51,16
21,52,21
21,53,12
21,54,12
21,55,12
21,56,12
21,57,12
21,58,23
21,59,23
21,60,26
21,61,26
21,62,26
21,63,23
21,64,29
21,65,29
21,66,29
21,67,12
21,68,12
21,69,21
21,70,2
21,71,12
21,72,12
21,73,12
21,74,12
21,75,12
21,76,16
21,77,16
21,78,12
21,79,12
21,80,12
21,81,12
22,0,12
22,1,12
22,2,12
22,3,12
22,4,12
22,5,12
22,6,12
22,7,12
22,8,12
22,9,12
22,10,12
22,11,12
22,12,12
22,13,12
22,14,12
22,15,12
22,16,18
22,17,2
22,18,12
22,19,12
22,20,12
22,21,12
22,22,12
22,23,12
22,24,12
22,25,12
22,26,12
22,27,12
22,28,12
22,29,12
22,30,12
22,31,12
22,32,12
22,33,12
22,34,12
22,35,20
22,36,2
22,37,2
22,38,2
22,39,12
22,40,12
22,41,12
22,42,16
22,43,12
22,44,12
22,45,12
22,46,12
22,47,12
22,48,29
22,49,29
22,50,12
22,51,12
22,52,21
22,53,21
22,54,12
22,55,12
22,56,21
22,57,12
22,58,23
22,59,23
22,60,26
22,61,26
22,62,26
22,63,26
22,64,29
22,65,29
22,66,29
22,67,18
22,68,12
22,69,21
22,70,2
22,71,12
22,72,12
22,73,12
22,74,12
22,75,12
22,76,12
22,77,12
22,78,12
22,79,12
22,80,12
22,81,12
23,0,12
23,1,12
23,2,12
23,3,12
23,4,12
23,5,12
23,6,12
23,7,12
23,8,12
23,9,12
23,10,12
23,11,12
23,12,12
23,13,12
23,14,12
23,15,12
23,16,12
23,17,29
23,18,12
23,19,12
23,20,12
23,21,12
23,22,29
23,23,12
23,24,12
23,25,12
23,26,12
23,27,12
23,28,12
23,29,12
23,30,12
23,31,12
23,32,12
23,33,12
23,34,12
23,35,12
23,36,2
23,37,12
23,38,12
23,39,12
23,40,12
23,41,12
23,42,12
23,43,12
23,44,16
23,45,12
23,46,12
23,47,12
23,48,12
23,49,29
23,50,29
23,51,12
23,52,2
23,53,21
23,54,12
23,55,12
23,56,12
23,57,23
23,58,23
23,59,29
23,60,26
23,61,26
23,62,29
23,63,23
23,64,23
23,65,23
23,66,18
23,67,18
23,68,12
23,69,12
23,70,2
23,71,2
23,72,12
23,73,12
23,74,12
23,75,12
23,76,12
23,77,12
23,78,12
23,79,12
23,80,12
23,81,12
24,0,12
24,1,12
24,2,12
24,3,12
24,4,12
24,5,12
24,6,12
24,7,12
24,8,12
24,9,12
24,10,12
24,11,12
24,12,12
24,13,12
24,14,12
24,15,12
24,16,18
24,17,2
24,18,2
24,19,18
24,20,18
24,21,18
24,22,18
24,23,18
24,24,12
24,25,12
24,26,16
24,27,16
24,28,16
24,29,16
24,30,12
24,31,12
24,32,12
24,33,12
24,34,12
24,35,12
24,36,16
24,37,2
24,38,2
24,39,12
24,40,12
24,41,12
24,42,12
24,43,16
24,44,16
24,45,12
24,46,12
24,47,2
24,48,12
24,49,18
24,50,23
24,51,23
24,52,16
24,53,2
24,54,12
24,55,12
24,56,23
24,57,23
24,58,26
24,59,26
24,60,26
24,61,12
24,62,12
24,63,23
24,64,23
24,65,15
24,66,15
24,67,15
24,68,16
24,69,18
24,70,12
24,71,12
24,72,12
24,73,26
24,74,26
24,75,12
24,76,12
24,77,12
24,78,12
24,79,12
24,80,12
24,81,12
24,82,2
25,0,12
25,1,12
25,2,12
25,3,12
25,4,12
25,5,12
25,6,12
25,7,12
25,8,12
25,9,12
25,10,12
25,11,12
25,12,12
25,13,12
25,14,12
25,15,12
25,16,18
25,17,18
25,18,2
25,19,18
25,20,29
25,21,29
25,22,29
25,23,12
25,24,12
25,25,18
25,26,18
25,27,16
25,28,16
25,29,2
25,30,2
25,31,12
25,32,12
25,33,12
25,34,12
25,35,12
25,36,12
25,37,21
25,38,12
25,39,12
25,40,12
25,41,12
25,42,12
25,43,12
25,44,16
25,45,16
25,46,2
25,47,2
25,48,12
25,49,12
25,50,12
25,51,23
25,52,16
25,53,16
25,54,12
25,55,12
25,56,26
25,57,26
25,58,26
25,59,26
25,60,16
25,61,16
25,62,26
25,63,23
25,64,15
25,65,15
25,66,15
25,67,15
25,68,16
25,69,18
25,70,12
25,71,12
25,72,12
25,73,12
25,74,26
25,75,12
25,76,12
25,77,12
25,78,12
25,79,12
25,80,23
25,81,2
25,82,2
25,83,12
26,0,12
26,1,12
26,2,12
26,3,12
26,4,12
26,5,12
26,6,12
26,7,12
26,8,12
26,9,29
26,10,12
26,11,12
26,12,12
26,13,18
26,14,18
26,15,2
26,16,18
26,17,18
26,18,18
26,19,18
26,20,12
26,21,12
26,22,12
26,23,12
26,24,12
26,25,12
26,26,12
26,27,16
26,28,2
26,29,12
26,30,12
26,31,12
26,32,12
26,33,12
26,34,40
26,35,12
26,36,21
26,37,21
26,38,12
26,39,12
26,40,12
26,41,12
26,42,12
26,43,18
26,44,16
26,45,16
26,46,2
26,47,21
26,48,12
26,49,12
26,50,12
26,51,12
26,52,12
26,53,12
26,54,12
26,55,12
26,56,26
26,57,26
26,58,26
26,59,26
26,60,26
26,61,29
26,62,26
26,63,26
26,64,18
26,65,15
26,66,15
26,67,12
26,68,18
26,69,12
26,70,12
26,71,12
26,72,12
26,73,12
26,74,12
26,75,12
26,76,12
26,77,12
26,78,12
26,79,16
26,80,23
26,81,23
26,82,18
26,83,12
27,0,12
27,1,12
27,2,12
27,3,12
27,4,12
27,5,12
27,6,12
27,7,12
27,8,12
27,9,12
27,10,12
27,11,12
27,12,12
27,13,12
27,14,12
27,15,2
27,16,12
27,17,18
27,18,12
27,19,18
27,20,18
27,21,12
27,22,18
27,23,18
27,24,12
27,25,12
27,26,12
27,27,12
27,28,12
27,29,12
27,30,12
27,31,12
27,32,12
27,33,12
27,34,12
27,35,12
27,36,21
27,37,12
27,38,12
27,39,12
27,40,12
27,41,12
27,42,12
27,43,18
27,44,12
27,45,2
27,46,2
27,47,2
27,48,12
27,49,12
27,50,12
27,51,12
27,52,12
27,53,12
27,54,12
27,55,12
27,56,29
27,57,26
27,58,26
27,59,26
27,60,26
27,61,29
27,62,26
27,63,26
27,64,18
27,65,2
27,66,20
27,67,12
27,68,18
27,69,18
27,70,12
27,71,12
27,72,12
27,73,12
27,74,12
27,75,12
27,76,12
27,77,12
27,78,12
27,79,16
27,80,12
27,81,12
27,82,23
27,83,12
27,84,12
27,85,12
28,0,12
28,1,12
28,2,12
28,3,12
28,4,12
28,5,12
28,6,12
28,7,12
28,8,12
28,9,12
28,10,12
28,11,18
28,12,12
28,13,12
28,14,12
28,15,12
28,16,16
28,17,12
28,18,12
28,19,12
28,20,18
28,21,18
28,22,18
28,23,18
28,24,16
28,25,12
28,26,12
28,27,12
28,28,12
28,29,12
28,30,12
28,31,2
28,32,12
28,33,12
28,34,16
28,35,16
28,36,16
28,37,16
28,38,16
28,39,18
28,40,12
28,41,12
28,42,12
28,43,12
28,44,2
28,45,2
28,46,12
28,47,12
28,48,18
28,49,18
28,50,12
28,51,12
28,52,12
28,53,18
28,54,12
28,55,12
28,56,12
28,57,26
28,58,12
28,59,12
28,60,18
28,61,18
28,62,18
28,63,18
28,64,12
28,65,23
28,66,12
28,67,12
28,68,12
28,69,12
28,70,12
28,71,12
28,72,12
28,73,12
28,74,12
28,75,12
28,76,40
28,77,12
28,78,12
28,79,35
28,80,12
28,81,12
28,82,12
28,83,23
28,84,40
28,85,2
28,86,2
28,87,21
29,0,12
29,1,12
29,2,12
29,3,12
29,4,12
29,5,12
29,6,12
29,7,12
29,8,12
29,9,12
29,10,12
29,11,12
29,12,12
29,13,12
29,14,12
29,15,12
29,16,16
29,17,12
29,18,12
29,19,12
29,20,18
29,21,18
29,22,18
29,23,12
29,24,12
29,25,12
29,26,12
29,27,12
29,28,12
29,29,12
29,30,12
29,31,2
29,32,21
29,33,12
29,34,12
29,35,16
29,36,12
29,37,12
29,38,29
29,39,29
29,40,18
29,41,18
29,42,18
29,43,12
29,44,2
29,45,2
29,46,12
29,47,12
29,48,18
29,49,18
29,50,18
29,51,18
29,52,12
29,53,18
29,54,12
29,55,12
29,56,12
29,57,12
29,58,2
29,59,18
29,60,18
29,61,18
29,62,18
29,63,18
29,64,12
29,65,12
29,66,12
29,67,12
29,68,12
29,69,12
29,70,12
29,71,12
29,72,16
29,73,16
29,74,16
29,75,16
29,76,26
29,77,26
29,78,12
29,79,35
29,80,12
29,81,12
29,82,21
29,83,21
29,84,2
29,85,21
29,86,21
29,87,21
30,0,12
30,1,12
30,2,12
30,3,12
30,4,12
30,5,12
30,6,12
30,7,12
30,8,12
30,9,12
30,10,12
30,11,12
30,12,12
30,13,12
30,14,12
30,15,29
30,16,12
30,17,12
30,18,12
30,19,12
30,20,12
30,21,12
30,22,18
30,23,16
30,24,12
30,25,12
30,26,12
30,27,12
30,28,12
30,29,12
30,30,12
30,31,2
30,32,21
30,33,12
30,34,12
30,35,12
30,36,16
30,37,12
30,38,12
30,39,29
30,40,18
30,41,18
30,42,18
30,43,12
30,44,12
30,45,12
30,46,23
30,47,23
30,48,23
30,49,23
30,50,18
30,51,18
30,52,12
30,53,18
30,54,18
30,55,12
30,56,12
30,57,12
30,58,21
30,59,18
30,60,18
30,61,18
30,62,18
30,63,12
30,64,12
30,65,18
30,66,18
30,67,29
30,68,12
30,69,12
30,70,12
30,71,12
30,72,16
30,73,16
30,74,16
30,75,16
30,76,26
30,77,26
30,78,26
30,79,12
30,80,12
30,81,12
30,82,18
30,83,2
30,84,2
30,85,12
30,86,21
30,87,21
31,0,12
31,1,12
31,2,12
31,3,12
31,4,12
31,5,12
31,6,12
31,7,12
31,8,12
31,9,12
31,10,12
31,11,12
31,12,12
31,13,12
31,14,12
31,15,29
31,16,12
31,17,12
31,18,12
31,19,12
31,20,18
31,21,18
31,22,18
31,23,16
31,24,12
31,25,12
31,26,12
31,27,12
31,28,12
31,29,12
31,30,12
31,31,12
31,32,2
31,33,12
31,34,12
31,35,18
31,36,16
31,37,16
31,38,12
31,39,12
31,40,18
31,41,18
31,42,12
31,43,12
31,44,12
31,45,12
31,46,23
31,47,23
31,48,23
31,49,23
31,50,12
31,51,12
31,52,12
31,53,12
31,54,18
31,55,18
31,56,12
31,57,12
31,58,21
31,59,18
31,60,18
31,61,18
31,62,18
31,63,18
31,64,18
31,65,18
31,66,18
31,67,29
31,68,12
31,69,12
31,70,12
31,71,21
31,72,2
31,73,16
31,74,16
31,75,16
31,76,16
31,77,26
31,78,26
31,79,12
31,80,12
31,81,18
31,82,18
31,83,18
31,84,12
31,85,12
31,86,21
31,87,12
31,88,12
32,0,12
32,1,12
32,2,12
32,3,12
32,4,12
32,5,12
32,6,12
32,7,12
32,8,12
32,9,12
32,10,12
32,11,12
32,12,12
32,13,12
32,14,12
32,15,12
32,16,12
32,17,23
32,18,23
32,19,12
32,20,12
32,21,12
32,22,12
32,23,12
32,24,3
32,25,3
32,26,3
32,27,12
32,28,12
32,29,12
32,30,12
32,31,12
32,32,12
32,33,12
32,34,16
32,35,12
32,36,12
32,37,2
32,38,16
32,39,16
32,40,29
32,41,12
32,42,12
32,43,12
32,44,12
32,45,23
32,46,23
32,47,23
32,48,12
32,49,12
32,50,2
32,51,2
32,52,18
32,53,18
32,54,18
32,55,29
32,56,12
32,57,12
32,58,12
32,59,18
32,60,12
32,61,12
32,62,18
32,63,18
32,64,29
32,65,12
32,66,12
32,67,18
32,68,12
32,69,12
32,70,12
32,71,2
32,72,2
32,73,2
32,74,12
32,75,12
32,76,29
32,77,18
32,78,18
32,79,29
32,80,26
32,81,18
32,82,18
32,83,18
32,84,12
32,85,12
32,86,40
32,87,23
32,88,12
33,0,12
33,1,12
33,2,12
33,3,12
33,4,12
33,5,12
33,6,12
33,7,12
33,8,12
33,9,12
33,10,12
33,11,12
33,12,29
33,13,12
33,14,12
33,15,12
33,16,12
33,17,12
33,18,12
33,19,12
33,20,12
33,21,2
33,22,2
33,23,12
33,24,2
33,25,2
33,26,2
33,27,12
33,28,21
33,29,40
33,30,40
33,31,12
33,32,12
33,33,12
33,34,16
33,35,12
33,36,12
33,37,21
33,38,2
33,39,12
33,40,23
33,41,12
33,42,12
33,43,12
33,44,12
33,45,23
33,46,23
33,47,23
33,48,12
33,49,12
33,50,2
33,51,2
33,52,18
33,53,29
33,54,29
33,55,23
33,56,12
33,57,12
33,58,12
33,59,18
33,60,12
33,61,12
33,62,12
33,63,18
33,64,12
33,65,12
33,66,29
33,67,18
33,68,12
33,69,12
33,70,12
33,71,12
33,72,2
33,73,2
33,74,12
33,75,12
33,76,29
33,77,18
33,78,18
33,79,26
33,80,12
33,81,12
33,82,12
33,83,12
33,84,12
33,85,21
33,86,21
33,87,23
33,88,12
33,89,12
34,0,12
34,1,12
34,2,12
34,3,12
34,4,12
34,5,12
34,6,12
34,7,12
34,8,12
34,9,12
34,10,12
34,11,12
34,12,29
34,13,12
34,14,12
34,15,12
34,16,12
34,17,12
34,18,12
34,19,12
34,20,12
34,21,2
34,22,2
34,23,2
34,24,2
34,25,2
34,26,12
34,27,12
34,28,12
34,29,40
34,30,16
34,31,16
34,32,12
34,33,12
34,34,12
34,35,12
34,36,12
34,37,2
34,38,2
34,39,12
34,40,23
34,41,12
34,42,12
34,43,12
34,44,23
34,45,23
34,46,23
34,47,23
34,48,12
34,49,12
34,50,12
34,51,12
34,52,18
34,53,18
34,54,23
34,55,23
34,56,12
34,57,12
34,58,12
34,59,18
34,60,12
34,61,12
34,62,12
34,63,12
34,64,18
34,65,12
34,66,18
34,67,18
34,68,12
34,69,12
34,70,12
34,71,12
34,72,2
34,73,2
34,74,12
34,75,18
34,76,23
34,77,18
34,78,26
34,79,26
34,80,12
34,81,12
34,82,12
34,83,12
34,84,12
34,85,2
34,86,12
34,87,12
34,88,12
34,89,12
35,0,12
35,1,12
35,2,12
35,3,12
35,4,12
35,5,18
35,6,12
35,7,12
35,8,12
35,9,12
35,10,12
35,11,12
35,12,12
35,13,12
35,14,12
35,15,12
35,16,12
35,17,16
35,18,12
35,19,12
35,20,12
35,21,2
35,22,2
35,23,2
35,24,2
35,25,2
35,26,12
35,27,23
35,28,12
35,29,2
35,30,16
35,31,16
35,32,12
35,33,12
35,34,12
35,35,12
35,36,12
35,37,12
35,38,12
35,39,18
35,40,23
35,41,12
35,42,12
35,43,12
35,44,12
35,45,23
35,46,23
35,47,29
35,48,12
35,49,12
35,50,29
35,51,12
35,52,23
35,53,23
35,54,23
35,55,12
35,56,12
35,57,12
35,58,12
35,59,12
35,60,18
35,61,18
35,62,18
35,63,12
35,64,18
35,65,18
35,66,18
35,67,18
35,68,29
35,69,12
35,70,12
35,71,23
35,72,16
35,73,16
35,74,16
35,75,12
35,76,18
35,77,18
35,78,29
35,79,29
35,80,26
35,81,12
35,82,12
35,83,12
35,84,12
35,85,12
35,86,12
35,87,12
35,88,12
35,89,12
36,0,12
36,1,12
36,2,12
36,3,12
36,4,18
36,5,18
36,6,2
36,7,2
36,8,18
36,9,12
36,10,12
36,11,12
36,12,12
36,13,12
36,14,12
36,15,29
36,16,16
36,17,16
36,18,16
36,19,16
36,20,16
36,21,12
36,22,12
36,23,12
36,24,12
36,25,2
36,26,12
36,27,12
36,28,12
36,29,12
36,30,16
36,31,16
36,32,12
36,33,12
36,34,12
36,35,12
36,36,12
36,37,35
36,38,18
36,39,18
36,40,18
36,41,12
36,42,12
36,43,12
36,44,18
36,45,29
36,46,29
36,47,29
36,48,12
36,49,12
36,50,12
36,51,23
36,52,23
36,53,18
36,54,18
36,55,18
36,56,12
36,57,12
36,58,12
36,59,12
36,60,12
36,61,12
36,62,18
36,63,18
36,64,18
36,65,12
36,66,18
36,67,18
36,68,29
36,69,18
36,70,18
36,71,23
36,72,21
36,73,2
36,74,16
36,75,16
36,76,18
36,77,18
36,78,18
36,79,18
36,80,12
36,81,12
36,82,12
36,83,12
36,84,12
36,85,12
36,86,21
36,87,23
36,88,12
36,89,12
36,90,12
37,0,12
37,1,12
37,2,12
37,3,12
37,4,18
37,5,18
37,6,18
37,7,2
37,8,12
37,9,12
37,10,12
37,11,12
37,12,12
37,13,12
37,14,12
37,15,29
37,16,16
37,17,16
37,18,16
37,19,16
37,20,16
37,21,12
37,22,12
37,23,16
37,24,21
37,25,40
37,26,12
37,27,12
37,28,40
37,29,16
37,30,16
37,31,12
37,32,12
37,33,18
37,34,18
37,35,18
37,36,12
37,37,12
37,38,12
37,39,23
37,40,18
37,41,18
37,42,21
37,43,12
37,44,12
37,45,12
37,46,29
37,47,16
37,48,12
37,49,16
37,50,12
37,51,23
37,52,23
37,53,18
37,54,18
37,55,18
37,56,12
37,57,12
37,58,20
37,59,12
37,60,26
37,61,26
37,62,18
37,63,18
37,64,18
37,65,18
37,66,18
37,67,18
37,68,18
37,69,18
37,70,18
37,71,18
37,72,12
37,73,2
37,74,2
37,75,16
37,76,18
37,77,18
37,78,29
37,79,18
37,80,26
37,81,12
37,82,12
37,83,12
37,84,12
37,85,21
37,86,21
37,87,18
37,88,12
37,89,12
37,90,12
38,0,12
38,1,12
38,2,12
38,3,12
38,4,12
38,5,18
38,6,18
38,7,18
38,8,12
38,9,12
38,10,12
38,11,12
38,12,12
38,13,12
38,14,12
38,15,12
38,16,12
38,17,12
38,18,16
38,19,16
38,20,16
38,21,16
38,22,12
38,23,12
38,24,21
38,25,2
38,26,2
38,27,40
38,28,20
38,29,12
38,30,12
38,31,12
38,32,12
38,33,18
38,34,18
38,35,18
38,36,29
38,37,29
38,38,12
38,39,23
38,40,18
38,41,2
38,42,2
38,43,12
38,44,12
38,45,12
38,46,12
38,47,16
38,48,12
38,49,12
38,50,12
38,51,23
38,52,23
38,53,18
38,54,18
38,55,18
38,56,18
38,57,12
38,58,12
38,59,12
38,60,26
38,61,26
38,62,26
38,63,18
38,64,18
38,65,18
38,66,23
38,67,23
38,68,23
38,69,18
38,70,18
38,71,18
38,72,12
38,73,12
38,74,12
38,75,16
38,76,18
38,77,18
38,78,29
38,79,29
38,80,12
38,81,26
38,82,12
38,83,12
38,84,12
38,85,12
38,86,18
38,87,18
38,88,40
38,89,12
38,90,12
39,0,2
39,1,12
39,2,12
39,3,12
39,4,12
39,5,18
39,6,18
39,7,18
39,8,12
39,9,12
39,10,12
39,11,12
39,12,12
39,13,12
39,14,12
39,15,12
39,16,12
39,17,12
39,18,12
39,19,12
39,20,12
39,21,12
39,22,12
39,23,12
39,24,16
39,25,16
39,26,12
39,27,12
39,28,12
39,29,12
39,30,12
39,31,12
39,32,12
39,33,12
39,34,18
39,35,18
39,36,29
39,37,23
39,38,23
39,39,18
39,40,12
39,41,12
39,42,2
39,43,12
39,44,18
39,45,12
39,46,12
39,47,12
39,48,12
39,49,12
39,50,23
39,51,23
39,52,23
39,53,12
39,54,12
39,55,12
39,56,12
39,57,12
39,58,12
39,59,12
39,60,29
39,61,26
39,62,26
39,63,29
39,64,23
39,65,18
39,66,18
39,67,23
39,68,23
39,69,18
39,70,18
39,71,18
39,72,40
39,73,12
39,74,12
39,75,12
39,76,12
39,77,12
39,78,12
39,79,12
39,80,12
39,81,12
39,82,12
39,83,12
39,84,12
39,85,2
39,86,18
39,87,40
39,88,23
39,89,21
39,90,12
40,0,12
40,1,12
40,2,12
40,3,12
40,4,12
40,5,12
40,6,12
40,7,18
40,8,18
40,9,2
40,10,2
40,11,12
40,12,12
40,13,12
40,14,12
40,15,12
40,16,12
40,17,12
40,18,12
40,19,2
40,20,12
40,21,12
40,22,12
40,23,12
40,24,12
40,25,12
40,26,12
40,27,12
40,28,18
40,29,12
40,30,2
40,31,2
40,32,2
40,33,12
40,34,12
40,35,12
40,36,12
40,37,29
40,38,23
40,39,12
40,40,12
40,41,35
40,42,12
40,43,12
40,44,12
40,45,18
40,46,12
40,47,16
40,48,12
40,49,12
40,50,12
40,51,12
40,52,12
40,53,12
40,54,12
40,55,29
40,56,12
40,57,12
40,58,12
40,59,12
40,60,23
40,61,26
40,62,26
40,63,23
40,64,29
40,65,23
40,66,18
40,67,18
40,68,18
40,69,18
40,70,18
40,71,12
40,72,12
40,73,12
40,74,12
40,75,12
40,76,18
40,77,18
40,78,18
40,79,18
40,80,12
40,81,12
40,82,12
40,83,12
40,84,2
40,85,21
40,86,21
40,87,16
40,88,21
40,89,2
40,90,2
40,91,2
41,0,12
41,1,12
41,2,12
41,3,12
41,4,12
41,5,12
41,6,12
41,7,12
41,8,12
41,9,12
41,10,12
41,11,12
41,12,12
41,13,12
41,14,12
41,15,12
41,16,12
41,17,12
41,18,12
41,19,2
41,20,12
41,21,12
41,22,12
41,23,12
41,24,18
41,25,12
41,26,12
41,27,12
41,28,12
41,29,12
41,30,12
41,31,2
41,32,12
41,33,12
41,34,12
41,35,12
41,36,12
41,37,12
41,38,12
41,39,12
41,40,12
41,41,12
41,42,12
41,43,12
41,44,21
41,45,21
41,46,12
41,47,12
41,48,12
41,49,12
41,50,12
41,51,12
41,52,12
41,53,12
41,54,12
41,55,12
41,56,20
41,57,12
41,58,12
41,59,12
41,60,26
41,61,26
41,62,26
41,63,23
41,64,29
41,65,23
41,66,23
41,67,18
41,68,18
41,69,12
41,70,12
41,71,12
41,72,12
41,73,12
41,74,12
41,75,12
41,76,18
41,77,18
41,78,18
41,79,18
41,80,12
41,81,12
41,82,12
41,83,12
41,84,2
41,85,2
41,86,21
41,87,16
41,88,12
41,89,2
41,90,2
41,91,2
42,0,18
42,1,12
42,2,12
42,3,12
42,4,12
42,5,12
42,6,12
42,7,12
42,8,12
42,9,12
42,10,18
42,11,12
42,12,12
42,13,12
42,14,12
42,15,12
42,16,12
42,17,12
42,18,12
42,19,12
42,20,12
42,21,12
42,22,12
42,23,12
42,24,18
42,25,12
42,26,12
42,27,12
42,28,12
42,29,12
42,30,12
42,31,12
42,32,12
42,33,35
42,34,35
42,35,12
42,36,12
42,37,18
42,38,18
42,39,12
42,40,12
42,41,12
42,42,12
42,43,12
42,44,21
42,45,21
42,46,21
42,47,12
42,48,12
42,49,12
42,50,12
42,51,12
42,52,12
42,53,12
42,54,12
42,55,2
42,56,20
42,57,12
42,58,12
42,59,23
42,60,26
42,61,26
42,62,26
42,63,26
42,64,40
42,65,26
42,66,26
42,67,12
42,68,12
42,69,12
42,70,12
42,71,12
42,72,12
42,73,12
42,74,12
42,75,18
42,76,18
42,77,18
42,78,18
42,79,12
42,80,12
42,81,12
42,82,12
42,83,12
42,84,12
42,85,12
42,86,12
42,87,12
42,88,23
42,89,40
42,90,40
42,91,2
43,0,12
43,1,12
43,2,12
43,3,2
43,4,2
43,5,2
43,6,12
43,7,12
43,8,18
43,9,18
43,10,18
43,11,18
43,12,12
43,13,18
43,14,18
43,15,12
43,16,12
43,17,12
43,18,2
43,19,12
43,20,12
43,21,12
43,22,12
43,23,12
43,24,12
43,25,12
43,26,12
43,27,12
43,28,12
43,29,12
43,30,12
43,31,12
43,32,23
43,33,35
43,34,18
43,35,12
43,36,12
43,37,23
43,38,18
43,39,18
43,40,12
43,41,12
43,42,12
43,43,12
43,44,12
43,45,21
43,46,2
43,47,12
43,48,18
43,49,12
43,50,12
43,51,12
43,52,12
43,53,12
43,54,18
43,55,2
43,56,12
43,57,12
43,58,23
43,59,23
43,60,26
43,61,26
43,62,26
43,63,26
43,64,26
43,65,12
43,66,18
43,67,12
43,68,12
43,69,12
43,70,12
43,71,12
43,72,12
43,73,12
43,74,12
43,75,18
43,76,18
43,77,18
43,78,12
43,79,12
43,80,12
43,81,12
43,82,12
43,83,12
43,84,12
43,85,12
43,86,12
43,87,23
43,88,23
43,89,21
43,90,12
43,91,12
44,0,12
44,1,12
44,2,12
44,3,12
44,4,12
44,5,18
44,6,12
44,7,12
44,8,18
44,9,18
44,10,18
44,11,12
44,12,12
44,13,12
44,14,12
44,15,12
44,16,12
44,17,12
44,18,12
44,19,12
44,20,2
44,21,2
44,22,12
44,23,12
44,24,12
44,25,29
44,26,29
44,27,12
44,28,21
44,29,21
44,30,12
44,31,12
44,32,18
44,33,18
44,34,18
44,35,12
44,36,23
44,37,23
44,38,23
44,39,12
44,40,12
44,41,12
44,42,12
44,43,12
44,44,12
44,45,2
44,46,2
44,47,12
44,48,12
44,49,18
44,50,12
44,51,12
44,52,18
44,53,18
44,54,12
44,55,12
44,56,12
44,57,23
44,58,23
44,59,23
44,60,23
44,61,26
44,62,26
44,63,26
44,64,26
44,65,12
44,66,12
44,67,18
44,68,18
44,69,12
44,70,12
44,71,18
44,72,12
44,73,12
44,74,18
44,75,18
44,76,12
44,77,12
44,78,18
44,79,18
44,80,18
44,81,18
44,82,18
44,83,12
44,84,12
44,85,16
44,86,12
44,87,23
44,88,23
44,89,23
44,90,12
44,91,12
45,0,12
45,1,12
45,2,12
45,3,12
45,4,18
45,5,18
45,6,12
45,7,12
45,8,12
45,9,12
45,10,12
45,11,12
45,12,12
45,13,12
45,14,12
45,15,12
45,16,12
45,17,12
45,18,12
45,19,40
45,20,2
45,21,2
45,22,12
45,23,12
45,24,12
45,25,29
45,26,12
45,27,12
45,28,12
45,29,12
45,30,21
45,31,12
45,32,18
45,33,18
45,34,18
45,35,12
45,36,21
45,37,12
45,38,12
45,39,12
45,40,12
45,41,12
45,42,12
45,43,12
45,44,12
45,45,16
45,46,16
45,47,18
45,48,18
45,49,18
45,50,18
45,51,12
45,52,18
45,53,18
45,54,12
45,55,12
45,56,12
45,57,23
45,58,23
45,59,40
45,60,26
45,61,26
45,62,26
45,63,26
45,64,26
45,65,26
45,66,18
45,67,18
45,68,2
45,69,12
45,70,12
45,71,12
45,72,12
45,73,18
45,74,18
45,75,18
45,76,12
45,77,12
45,78,12
45,79,12
45,80,12
45,81,12
45,82,12
45,83,12
45,84,2
45,85,16
45,86,12
45,87,12
45,88,23
45,89,23
45,90,12
45,91,12
46,0,12
46,1,12
46,2,12
46,3,12
46,4,18
46,5,23
46,6,12
46,7,12
46,8,12
46,9,12
46,10,12
46,11,12
46,12,18
46,13,18
46,14,12
46,15,12
46,16,12
46,17,12
46,18,12
46,19,12
46,20,12
46,21,2
46,22,2
46,23,12
46,24,18
46,25,12
46,26,12
46,27,12
46,28,12
46,29,12
46,30,12
46,31,12
46,32,12
46,33,18
46,34,18
46,35,12
46,36,21
46,37,12
46,38,12
46,39,18
46,40,12
46,41,12
46,42,12
46,43,12
46,44,16
46,45,16
46,46,18
46,47,18
46,48,12
46,49,12
46,50,12
46,51,12
46,52,12
46,53,12
46,54,12
46,55,12
46,56,23
46,57,23
46,58,40
46,59,26
46,60,26
46,61,26
46,62,12
46,63,12
46,64,26
46,65,26
46,66,26
46,67,26
46,68,20
46,69,2
46,70,12
46,71,12
46,72,12
46,73,18
46,74,18
46,75,18
46,76,18
46,77,12
46,78,12
46,79,12
46,80,12
46,81,12
46,82,12
46,83,12
46,84,2
46,85,21
46,86,21
46,87,12
46,88,23
46,89,12
46,90,12
46,91,12
47,0,12
47,1,12
47,2,12
47,3,12
47,4,12
47,5,12
47,6,12
47,7,12
47,8,12
47,9,12
47,10,18
47,11,18
47,12,18
47,13,18
47,14,12
47,15,12
47,16,12
47,17,12
47,18,12
47,19,12
47,20,12
47,21,12
47,22,2
47,23,12
47,24,18
47,25,18
47,26,12
47,27,12
47,28,12
47,29,12
47,30,12
47,31,12
47,32,12
47,33,12
47,34,12
47,35,12
47,36,12
47,37,12
47,38,12
47,39,18
47,40,12
47,41,12
47,42,12
47,43,12
47,44,12
47,45,18
47,46,18
47,47,12
47,48,12
47,49,12
47,50,12
47,51,12
47,52,2
47,53,2
47,54,2
47,55,18
47,56,18
47,57,23
47,58,23
47,59,40
47,60,26
47,61,12
47,62,12
47,63,12
47,64,23
47,65,23
47,66,26
47,67,26
47,68,20
47,69,20
47,70,12
47,71,12
47,72,18
47,73,18
47,74,18
47,75,12
47,76,18
47,77,18
47,78,18
47,79,12
47,80,18
47,81,12
47,82,12
47,83,12
47,84,2
47,85,21
47,86,18
47,87,18
47,88,18
47,89,2
47,90,12
48,0,12
48,1,12
48,2,12
48,3,12
48,4,12
48,5,12
48,6,12
48,7,18
48,8,12
48,9,12
48,10,2
48,11,2
48,12,12
48,13,12
48,14,12
48,15,12
48,16,12
48,17,12
48,18,12
48,19,12
48,20,12
48,21,12
48,22,12
48,23,12
48,24,12
48,25,12
48,26,12
48,27,12
48,28,12
48,29,12
48,30,12
48,31,12
48,32,12
48,33,12
48,34,12
48,35,12
48,36,18
48,37,12
48,38,12
48,39,12
48,40,12
48,41,12
48,42,18
48,43,12
48,44,12
48,45,12
48,46,12
48,47,12
48,48,12
48,49,16
48,50,16
48,51,12
48,52,18
48,53,18
48,54,18
48,55,12
48,56,12
48,57,12
48,58,12
48,59,12
48,60,26
48,61,26
48,62,12
48,63,12
48,64,23
48,65,29
48,66,29
48,67,26
48,68,12
48,69,12
48,70,12
48,71,12
48,72,12
48,73,23
48,74,23
48,75,23
48,76,12
48,77,12
48,78,12
48,79,12
48,80,12
48,81,12
48,82,21
48,83,21
48,84,23
48,85,23
48,86,2
48,87,2
48,88,2
48,89,2
49,0,12
49,1,12
49,2,12
49,3,12
49,4,12
49,5,12
49,6,12
49,7,12
49,8,18
49,9,18
49,10,12
49,11,2
49,12,12
49,13,12
49,14,12
49,15,16
49,16,12
49,17,12
49,18,12
49,19,2
49,20,40
49,21,40
49,22,12
49,23,12
49,24,12
49,25,12
49,26,12
49,27,12
49,28,12
49,29,12
49,30,12
49,31,12
49,32,18
49,33,18
49,34,18
49,35,12
49,36,18
49,37,12
49,38,12
49,39,12
49,40,12
49,41,12
49,42,2
49,43,2
49,44,12
49,45,20
49,46,20
49,47,20
49,48,12
49,49,12
49,50,16
49,51,16
49,52,16
49,53,16
49,54,18
49,55,18
49,56,12
49,57,12
49,58,12
49,59,12
49,60,26
49,61,26
49,62,26
49,63,26
49,64,23
49,65,29
49,66,12
49,67,12
49,68,12
49,69,12
49,70,12
49,71,12
49,72,12
49,73,23
49,74,23
49,75,23
49,76,23
49,77,18
49,78,18
49,79,12
49,80,12
49,81,12
49,82,12
49,83,12
49,84,12
49,85,23
49,87,2
50,0,12
50,1,12
50,2,18
50,3,18
50,4,12
50,5,12
50,6,12
50,7,12
50,8,18
50,9,18
50,10,12
50,11,12
50,12,2
50,13,12
50,14,12
50,15,16
50,16,12
50,17,12
50,18,12
50,19,12
50,20,2
50,21,23
50,22,23
50,23,23
50,24,23
50,25,23
50,26,12
50,27,12
50,28,12
50,29,12
50,30,12
50,31,12
50,32,18
50,33,18
50,34,12
50,35,12
50,36,12
50,37,12
50,38,12
50,39,12
50,40,12
50,41,12
50,42,20
50,43,2
50,44,12
50,45,12
50,46,2
50,47,2
50,48,12
50,49,16
50,50,12
50,51,16
50,52,16
50,53,12
50,54,12
50,55,16
50,56,12
50,57,12
50,58,12
50,59,40
50,60,26
50,61,12
50,62,12
50,63,26
50,64,23
50,65,29
50,66,12
50,67,12
50,68,12
50,69,12
50,70,12
50,71,12
50,72,12
50,73,12
50,74,23
50,75,23
50,76,23
50,77,18
50,78,18
50,79,18
50,80,12
50,81,21
50,82,21
50,83,12
50,84,12
51,0,12
51,1,12
51,2,12
51,3,18
51,4,12
51,5,12
51,6,12
51,7,12
51,8,12
51,9,12
51,10,12
51,11,12
51,12,12
51,13,2
51,14,16
51,15,16
51,16,12
51,17,12
51,18,12
51,19,2
51,20,12
51,21,12
51,22,23
51,23,23
51,24,23
51,25,23
51,26,12
51,27,12
51,28,12
51,29,12
51,30,12
51,31,12
51,32,12
51,33,12
51,34,12
51,35,12
51,36,12
51,37,12
51,38,12
51,39,12
51,40,12
51,41,20
51,42,20
51,43,18
51,44,12
51,45,12
51,46,12
51,47,12
51,48,18
51,49,18
51,50,12
51,51,16
51,52,12
51,53,12
51,54,23
51,55,16
51,56,12
51,57,12
51,58,12
51,59,40
51,60,26
51,61,26
51,62,23
51,63,26
51,64,26
51,65,12
51,66,12
51,67,21
51,68,2
51,69,12
51,70,12
51,71,18
51,72,12
51,73,12
51,74,12
51,75,23
51,76,18
51,77,18
51,78,12
51,79,12
51,80,12
51,81,21
51,82,21
51,83,12
52,0,12
52,1,12
52,2,12
52,3,12
52,4,12
52,5,12
52,6,12
52,7,12
52,8,12
52,9,12
52,10,12
52,11,12
52,12,12
52,13,12
52,14,12
52,15,16
52,16,12
52,17,12
52,18,12
52,19,12
52,20,12
52,21,12
52,22,12
52,23,23
52,24,23
52,25,23
52,26,12
52,27,12
52,28,18
52,29,3
52,30,12
52,31,12
52,32,12
52,33,12
52,34,12
52,35,12
52,36,12
52,37,12
52,38,12
52,39,12
52,40,12
52,41,12
52,42,15
52,43,15
52,44,18
52,45,12
52,46,12
52,47,16
52,48,12
52,49,16
52,50,16
52,51,18
52,52,12
52,53,12
52,54,12
52,55,16
52,56,12
52,57,12
52,58,12
52,59,12
52,60,12
52,61,12
52,62,26
52,63,26
52,64,26
52,65,26
52,66,12
52,67,12
52,68,12
52,69,12
52,70,12
52,71,12
52,72,29
52,73,12
52,74,12
52,75,12
52,76,12
52,77,18
52,78,18
52,79,18
52,80,12
52,81,12
52,82,12
52,83,12
53,0,12
53,1,12
53,2,12
53,3,12
53,4,12
53,5,12
53,6,12
53,7,12
53,8,12
53,9,12
53,10,12
53,11,23
53,12,12
53,13,12
53,14,12
53,15,12
53,16,12
53,17,12
53,18,12
53,19,12
53,20,12
53,21,12
53,22,12
53,23,12
53,24,23
53,25,23
53,26,12
53,27,12
53,28,2
53,29,12
53,30,12
53,31,12
53,32,12
53,33,12
53,34,12
53,35,12
53,36,12
53,37,12
53,38,12
53,39,12
53,40,12
53,41,12
53,42,12
53,43,15
53,44,12
53,45,16
53,46,12
53,47,12
53,48,12
53,49,16
53,50,16
53,51,12
53,52,18
53,53,12
53,54,12
53,55,12
53,56,16
53,57,20
53,58,12
53,59,12
53,60,12
53,61,12
53,62,12
53,63,12
53,64,12
53,65,12
53,66,12
53,67,12
53,68,12
53,69,12
53,70,12
53,71,12
53,72,29
53,73,29
53,74,12
53,75,12
53,76,12
53,77,18
53,78,18
53,79,12
53,80,12
53,81,12
53,82,12
53,83,12
54,0,12
54,1,12
54,2,12
54,3,12
54,4,2
54,5,12
54,6,12
54,7,12
54,8,12
54,9,12
54,10,12
54,11,12
54,12,12
54,13,12
54,14,12
54,15,12
54,16,12
54,17,12
54,18,12
54,19,12
54,20,12
54,21,12
54,22,12
54,23,12
54,24,23
54,25,23
54,26,12
54,27,12
54,28,2
54,29,2
54,30,12
54,31,12
54,32,12
54,33,12
54,34,12
54,35,12
54,36,12
54,37,12
54,38,2
54,39,2
54,40,12
54,41,12
54,42,12
54,43,12
54,44,12
54,45,12
54,46,12
54,47,12
54,48,12
54,49,16
54,50,12
54,51,12
54,52,18
54,53,12
54,54,12
54,55,12
54,56,16
54,57,16
54,58,26
54,59,26
54,60,12
54,61,12
54,62,12
54,63,12
54,64,12
54,65,12
54,66,12
54,67,12
54,68,12
54,69,12
54,70,12
54,71,12
54,72,18
54,73,18
54,74,18
54,75,12
54,76,18
54,77,18
54,78,12
54,79,12
54,80,12
54,81,12
54,82,12
55,0,12
55,1,12
55,2,12
55,3,12
55,4,2
55,5,2
55,6,12
55,7,12
55,8,12
55,9,12
55,10,12
55,11,12
55,12,12
55,13,12
55,14,12
55,15,2
55,16,12
55,17,12
55,18,40
55,19,12
55,20,12
55,21,12
55,22,12
55,23,12
55,24,23
55,25,23
55,26,12
55,27,12
55,28,2
55,29,2
55,30,12
55,31,12
55,32,12
55,33,12
55,34,12
55,35,12
55,36,12
55,37,12
55,38,2
55,39,12
55,40,12
55,41,12
55,42,12
55,43,12
55,44,12
55,45,12
55,46,12
55,47,12
55,48,2
55,49,16
55,50,12
55,51,12
55,52,18
55,53,12
55,54,12
55,55,12
55,56,21
55,57,26
55,58,26
55,59,26
55,60,12
55,61,12
55,62,12
55,63,12
55,64,12
55,65,12
55,66,12
55,67,12
55,68,12
55,69,12
55,70,12
55,71,12
55,72,18
55,73,18
55,74,18
55,75,12
55,76,12
55,77,12
55,78,12
55,79,12
55,80,12
56,0,12
56,1,12
56,2,12
56,3,12
56,4,12
56,5,12
56,6,2
56,7,2
56,8,12
56,9,12
56,10,12
56,11,12
56,12,12
56,13,20
56,14,20
56,15,3
56,16,12
56,17,12
56,18,12
56,19,12
56,20,12
56,21,12
56,22,12
56,23,12
56,24,12
56,25,12
56,26,12
56,27,12
56,28,12
56,29,12
56,30,12
56,31,12
56,32,12
56,33,12
56,34,12
56,35,12
56,36,12
56,37,12
56,38,12
56,39,18
56,40,12
56,41,12
56,42,12
56,43,12
56,44,12
56,45,12
56,46,12
56,47,12
56,48,20
56,49,20
56,50,18
56,51,18
56,52,18
56,53,12
56,54,12
56,55,12
56,56,23
56,57,12
56,58,12
56,59,12
56,60,12
56,61,12
56,66,12
56,67,21
56,68,21
56,69,21
56,70,21
56,71,12
56,72,12
56,73,12
56,74,12
56,75,12
56,76,12
56,77,18
56,78,12
57,0,12
57,1,12
57,2,18
57,3,18
57,4,18
57,5,12
57,6,12
57,7,2
57,8,12
57,9,12
57,10,12
57,11,12
57,12,12
57,13,12
57,14,3
57,15,12
57,16,12
57,17,12
57,18,12
57,19,12
57,20,12
57,21,12
57,22,12
57,23,12
57,24,12
57,25,12
57,26,12
57,27,12
57,28,12
57,29,12
57,30,12
57,31,12
57,32,12
57,33,12
57,34,12
57,35,12
57,36,12
57,37,12
57,38,12
57,39,18
57,40,18
57,41,12
57,42,12
57,43,12
57,44,12
57,45,12
57,46,12
57,47,12
57,48,20
57,49,2
57,50,18
57,51,18
57,52,12
57,53,12
57,54,12
57,55,23
57,56,23
57,57,23
57,58,12
57,59,18
57,60,12
57,61,12
57,69,12
57,70,12
57,71,12
57,72,16
57,73,12
57,74,12
57,75,12
57,76,12
57,77,18
57,78,12
58,0,18
58,1,18
58,2,18
58,3,18
58,4,12
58,5,12
58,6,12
58,7,12
58,8,12
58,9,12
58,10,12
58,11,12
58,12,12
58,13,3
58,14,3
58,15,3
58,16,12
58,17,12
58,18,12
58,19,12
58,20,12
58,21,12
58,22,12
58,23,12
58,24,12
58,25,12
58,26,12
58,27,12
58,28,12
58,29,12
58,30,12
58,31,12
58,32,12
58,33,12
58,34,12
58,35,12
58,36,12
58,37,12
58,38,18
58,39,18
58,40,18
58,41,12
58,42,12
58,43,2
58,44,12
58,45,12
58,46,12
58,47,12
58,48,12
58,49,16
58,50,16
58,51,29
58,52,2
58,53,12
58,54,12
58,55,23
58,56,29
58,57,23
58,58,12
58,59,12
58,60,12
58,70,12
58,72,16
58,73,12
58,74,12
58,75,12
58,76,12
59,0,18
59,1,18
59,2,18
59,3,18
59,4,12
59,5,12
59,6,12
59,7,12
59,8,12
59,9,12
59,10,12
59,11,12
59,12,12
59,13,3
59,14,3
59,15,3
59,16,12
59,17,12
59,18,12
59,19,12
59,20,12
59,21,12
59,22,12
59,23,12
59,24,3
59,25,12
59,26,12
59,27,12
59,28,12
59,29,12
59,30,12
59,31,12
59,32,12
59,33,12
59,34,12
59,35,12
59,36,12
59,37,12
59,38,12
59,39,18
59,40,12
59,41,12
59,42,12
59,43,12
59,44,12
59,45,18
59,46,12
59,47,12
59,48,16
59,49,16
59,50,12
59,51,12
59,52,12
59,53,12
59,54,23
59,55,23
59,56,23
59,57,23
59,58,12
59,59,12
59,60,12
59,74,12
59,75,12
60,0,23
60,1,18
60,2,18
60,3,18
60,4,12
60,5,12
60,6,12
60,7,12
60,8,12
60,9,12
60,10,12
60,11,12
60,12,12
60,13,12
60,14,12
60,15,12
60,16,2
60,17,12
60,18,12
60,19,12
60,20,20
60,21,20
60,22,12
60,23,12
60,24,12
60,25,12
60,26,12
60,27,12
60,28,12
60,29,12
60,30,12
60,31,12
60,32,12
60,33,12
60,34,12
60,35,12
60,36,12
60,37,12
60,38,12
60,39,12
60,40,12
60,41,12
60,42,12
60,43,12
60,44,12
60,45,12
60,46,12
60,47,12
60,48,12
60,49,12
60,50,12
60,51,12
60,52,12
60,53,16
60,54,16
60,55,26
60,56,26
60,57,23
60,58,12
60,59,12
61,0,23
61,1,23
61,2,12
61,3,12
61,4,12
61,5,12
61,6,12
61,7,12
61,8,18
61,9,18
61,10,2
61,11,12
61,12,12
61,13,12
61,14,12
61,15,12
61,16,2
61,17,20
61,18,20
61,19,20
61,20,20
61,21,2
61,22,3
61,23,3
61,24,12
61,25,12
61,26,12
61,27,12
61,28,12
61,29,12
61,30,12
61,31,12
61,32,2
61,33,2
61,34,12
61,35,12
61,36,12
61,37,12
61,38,12
61,39,12
61,40,12
61,41,12
61,42,12
61,43,12
61,44,23
61,45,12
61,46,12
61,47,12
61,48,12
61,49,12
61,50,12
61,51,12
61,52,12
61,53,12
61,54,12
61,55,26
61,56,26
61,57,12
61,58,12
61,59,12
62,0,23
62,1,23
62,2,12
62,3,12
62,4,12
62,5,12
62,6,12
62,7,12
62,8,12
62,9,18
62,10,2
62,11,2
62,12,12
62,13,12
62,14,3
62,15,3
62,16,2
62,17,2
62,18,20
62,19,20
62,20,20
62,21,2
62,22,2
62,23,12
62,24,12
62,25,12
62,26,12
62,27,12
62,28,12
62,29,12
62,30,12
62,31,12
62,32,2
62,33,2
62,34,12
62,35,12
62,36,12
62,37,12
62,38,12
62,39,12
62,40,12
62,41,12
62,42,12
62,43,12
62,44,23
62,45,23
62,46,12
62,47,12
62,48,12
62,49,12
62,50,12
62,51,12
62,52,12
62,53,12
62,54,12
62,55,12
62,56,12
62,57,12
62,58,12
62,59,12
63,0,12
63,1,12
63,2,12
63,3,12
63,4,12
63,5,12
63,6,12
63,7,12
63,8,12
63,9,12
63,10,12
63,11,12
63,12,12
63,13,12
63,14,3
63,15,3
63,16,2
63,17,2
63,18,2
63,19,2
63,20,2
63,21,2
63,22,2
63,23,12
63,24,12
63,25,12
63,26,12
63,27,12
63,28,12
63,29,12
63,30,12
63,31,2
63,32,2
63,33,20
63,34,20
63,35,18
63,36,12
63,37,18
63,38,18
63,39,12
63,40,12
63,41,12
63,42,12
63,43,12
63,44,12
63,45,2
63,46,2
63,47,2
63,48,12
63,49,12
63,50,12
63,51,12
63,52,12
63,53,12
63,54,12
63,55,35
63,56,12
63,57,12
63,58,12
63,59,12
64,0,12
64,1,12
64,2,12
64,3,12
64,4,18
64,5,18
64,6,12
64,7,12
64,8,12
64,9,12
64,10,12
64,11,12
64,12,3
64,13,3
64,14,3
64,15,2
64,16,2
64,17,2
64,18,2
64,19,2
64,20,2
64,21,2
64,22,2
64,23,2
64,24,12
64,25,12
64,26,12
64,27,12
64,28,12
64,29,12
64,30,12
64,31,12
64,32,12
64,33,12
64,34,12
64,35,12
64,36,12
64,37,12
64,38,12
64,39,12
64,40,23
64,41,12
64,42,12
64,43,12
64,44,12
64,45,12
64,46,12
64,47,12
64,48,12
64,49,12
64,50,12
64,51,12
64,52,12
64,53,12
64,54,35
64,55,35
64,56,23
64,57,12
64,58,12
64,59,12
64,65,21
64,66,12
64,67,12
64,68,12
64,69,12
64,70,23
64,71,23
65,0,12
65,1,12
65,2,12
65,3,12
65,4,18
65,5,18
65,6,12
65,7,12
65,8,12
65,9,12
65,10,12
65,11,12
65,12,3
65,13,3
65,14,3
65,15,3
65,16,2
65,17,2
65,18,2
65,19,2
65,20,2
65,21,2
65,22,2
65,23,2
65,24,12
65,25,12
65,26,12
65,27,12
65,28,12
65,29,12
65,30,12
65,31,12
65,32,12
65,33,12
65,34,12
65,35,12
65,36,12
65,37,12
65,38,12
65,39,12
65,40,23
65,41,23
65,42,12
65,43,12
65,44,12
65,45,12
65,46,12
65,47,12
65,48,12
65,49,12
65,50,12
65,51,12
65,52,18
65,53,18
65,54,18
65,55,35
65,56,23
65,57,12
65,58,12
65,59,12
65,64,21
65,65,21
65,66,12
65,67,12
65,68,12
65,69,12
65,70,23
65,71,23
66,0,12
66,1,18
66,2,12
66,3,12
66,4,3
66,5,18
66,6,20
66,7,12
66,8,12
66,9,12
66,10,12
66,11,12
66,12,20
66,13,3
66,14,2
66,15,3
66,16,2
66,17,2
66,18,2
66,19,2
66,20,2
66,21,2
66,22,2
66,23,10
66,24,2
66,25,12
66,26,12
66,27,12
66,28,12
66,29,12
66,30,12
66,31,12
66,32,12
66,33,12
66,34,12
66,35,12
66,36,12
66,37,12
66,38,12
66,39,12
66,40,12
66,41,12
66,42,12
66,43,12
66,44,12
66,45,12
66,46,12
66,47,12
66,48,12
66,49,12
66,50,12
66,51,12
66,52,18
66,53,18
66,54,18
66,55,23
66,56,23
66,57,12
66,58,12
66,59,12
66,64,21
66,65,21
66,66,12
66,67,12
66,68,12
66,69,12
66,70,23
66,71,12
67,0,12
67,1,12
67,2,12
67,3,12
67,4,3
67,5,3
67,6,20
67,7,12
67,8,12
67,9,12
67,10,12
67,11,12
67,12,2
67,13,2
67,14,2
67,15,2
67,16,2
67,17,2
67,18,2
67,19,2
67,20,2
67,21,2
67,22,2
67,23,2
67,24,12
67,25,2
67,26,12
67,27,12
67,28,12
67,29,12
67,30,12
67,31,12
67,32,12
67,33,12
67,34,12
67,35,12
67,36,12
67,37,12
67,38,12
67,39,12
67,40,12
67,41,12
67,42,12
67,43,12
67,44,12
67,45,12
67,46,12
67,47,12
67,48,12
67,49,12
67,50,12
67,51,12
67,52,18
67,53,18
67,54,12
67,55,23
67,56,23
67,57,12
67,58,12
67,59,12
67,63,12
67,64,21
67,65,21
67,66,12
67,67,12
67,68,12
67,69,12
67,70,12
67,71,12
68,0,12
68,1,12
68,2,12
68,3,12
68,4,12
68,5,2
68,6,2
68,7,12
68,8,2
68,9,2
68,10,12
68,11,12
68,12,2
68,13,2
68,14,2
68,15,2
68,16,2
68,17,12
68,18,12
68,19,2
68,20,2
68,21,2
68,22,2
68,23,3
68,24,12
68,25,12
68,26,12
68,27,12
68,28,12
68,29,12
68,30,2
68,31,12
68,32,12
68,33,23
68,34,23
68,35,23
68,36,23
68,37,23
68,38,23
68,39,23
68,40,12
68,41,12
68,42,12
68,43,12
68,44,12
68,45,12
68,46,12
68,47,12
68,48,12
68,49,12
68,50,12
68,51,12
68,52,12
68,53,18
68,54,41
68,55,41
68,56,12
68,57,12
68,58,12
68,59,12
68,60,12
68,61,12
68,62,12
68,63,12
68,64,12
68,65,12
68,66,12
68,67,18
68,68,12
68,69,12
68,70,12
68,71,12
69,0,12
69,1,12
69,2,12
69,3,12
69,4,12
69,5,12
69,6,12
69,7,12
69,8,12
69,9,12
69,10,12
69,11,12
69,12,12
69,13,12
69,14,12
69,15,12
69,16,2
69,17,3
69,18,2
69,19,2
69,20,10
69,21,2
69,22,2
69,23,3
69,24,12
69,25,12
69,26,12
69,27,12
69,28,12
69,29,12
69,30,12
69,31,12
69,32,12
69,33,12
69,34,12
69,35,23
69,36,23
69,37,23
69,38,23
69,39,23
69,40,23
69,41,23
69,42,23
69,43,23
69,44,12
69,45,12
69,46,12
69,47,12
69,48,2
69,49,12
69,50,12
69,51,12
69,52,18
69,53,18
69,54,41
69,55,35
69,56,12
69,57,12
69,58,12
69,59,12
69,60,12
69,61,12
69,62,12
69,63,12
69,64,12
69,65,12
69,66,12
69,67,12
69,68,12
69,69,12
69,70,12
69,71,12
70,0,6
70,1,6
70,2,12
70,3,12
70,4,12
70,5,12
70,6,12
70,7,12
70,8,12
70,9,12
70,10,12
70,11,12
70,12,12
70,13,12
70,14,12
70,15,12
70,16,3
70,17,3
70,18,2
70,19,2
70,20,2
70,21,10
70,22,2
70,23,2
70,24,12
70,25,12
70,26,12
70,27,12
70,28,12
70,29,12
70,30,12
70,31,12
70,32,12
70,33,12
70,34,12
70,35,12
70,36,23
70,37,23
70,38,23
70,39,23
70,40,23
70,41,23
70,42,23
70,43,12
70,44,12
70,45,12
70,46,12
70,47,12
70,48,12
70,49,12
70,50,12
70,51,12
70,52,18
70,53,18
70,54,41
70,55,41
70,56,12
70,57,12
70,58,12
70,59,12
70,60,12
70,61,12
70,62,12
70,63,12
70,64,12
70,65,12
70,66,12
70,67,12
70,68,12
70,69,12
70,70,12
70,71,12
71,0,12
71,1,6
71,2,6
71,3,6
71,4,12
71,5,12
71,6,12
71,7,12
71,8,12
71,9,12
71,10,12
71,11,12
71,12,12
71,13,12
71,14,12
71,15,12
71,16,12
71,17,3
71,18,3
71,19,2
71,20,2
71,21,12
71,22,12
71,23,12
71,24,12
71,25,12
71,26,12
71,27,12
71,28,12
71,29,2
71,30,12
71,31,12
71,32,12
71,33,12
71,34,12
71,35,12
71,36,23
71,37,23
71,38,23
71,39,23
71,40,23
71,41,23
71,42,23
71,43,12
71,44,12
71,45,2
71,46,2
71,47,12
71,48,12
71,49,12
71,50,12
71,51,12
71,52,18
71,53,18
71,54,41
71,55,41
71,56,12
71,57,12
71,58,12
71,59,12
71,60,12
71,61,12
71,62,12
71,63,12
71,64,12
71,65,2
71,66,12
71,67,12
71,68,18
71,69,18
71,70,12
71,71,12
72,0,12
72,1,12
72,2,12
72,3,12
72,4,12
72,5,18
72,6,12
72,7,12
72,8,12
72,9,12
72,10,12
72,11,12
72,12,12
72,13,12
72,14,12
72,15,12
72,16,20
72,17,2
72,18,2
72,19,12
72,20,3
72,21,3
72,22,12
72,23,12
72,24,12
72,25,12
72,26,12
72,27,12
72,28,12
72,29,12
72,30,12
72,31,12
72,32,12
72,33,12
72,34,18
72,35,18
72,36,23
72,37,23
72,38,23
72,39,23
72,40,23
72,41,23
72,42,12
72,43,12
72,44,2
72,45,12
72,46,12
72,47,12
72,48,12
72,49,12
72,50,12
72,51,12
72,52,18
72,53,18
72,54,12
72,55,12
72,56,23
72,57,23
72,58,12
72,59,12
72,60,12
72,61,12
72,62,12
72,63,12
72,64,12
72,65,12
72,66,12
72,67,12
72,68,12
72,69,12
72,70,12
72,71,12
73,0,12
73,1,12
73,2,12
73,3,12
73,4,12
73,5,18
73,6,18
73,7,12
73,8,12
73,9,2
73,10,12
73,11,12
73,12,12
73,13,12
73,14,12
73,15,12
73,16,12
73,17,2
73,18,12
73,19,12
73,20,12
73,21,3
73,22,2
73,23,12
73,24,12
73,25,12
73,26,12
73,27,20
73,28,20
73,29,2
73,30,2
73,31,12
73,32,12
73,33,12
73,34,18
73,35,18
73,36,23
73,37,23
73,38,23
73,39,23
73,40,23
73,41,23
73,42,12
73,43,12
73,44,2
73,45,2
73,46,12
73,47,12
73,48,12
73,49,12
73,50,12
73,51,12
73,52,18
73,53,18
73,54,12
73,55,23
73,56,23
73,57,18
73,58,12
73,59,12
73,60,12
73,61,12
73,62,12
73,63,12
73,64,12
73,65,12
73,66,12
73,67,12
73,68,12
73,69,12
73,70,12
74,0,12
74,1,12
74,2,12
74,3,12
74,4,12
74,5,18
74,6,18
74,7,18
74,8,12
74,9,12
74,10,12
74,11,12
74,12,12
74,13,12
74,14,12
74,15,12
74,16,2
74,17,21
74,18,12
74,19,12
74,20,12
74,21,2
74,22,2
74,23,12
74,24,12
74,25,12
74,26,12
74,27,12
74,28,2
74,29,2
74,30,2
74,31,12
74,32,12
74,33,12
74,34,12
74,35,12
74,36,23
74,37,23
74,38,23
74,39,23
74,40,23
74,41,12
74,42,12
74,43,12
74,44,2
74,45,2
74,46,2
74,47,12
74,48,12
74,49,12
74,50,12
74,51,12
74,52,12
74,53,18
74,54,12
74,55,23
74,56,23
74,57,18
74,58,12
74,59,12
74,60,12
74,61,2
74,62,2
74,63,12
74,64,12
74,65,12
74,66,12
74,67,12
74,68,12
74,69,12
74,70,12
75,0,2
75,1,18
75,2,12
75,3,12
75,4,12
75,5,12
75,6,12
75,7,12
75,8,12
75,9,12
75,10,12
75,11,12
75,12,12
75,13,12
75,14,12
75,15,12
75,16,2
75,17,21
75,18,21
75,19,2
75,20,12
75,21,12
75,22,12
75,23,12
75,24,12
75,25,12
75,26,12
75,27,12
75,28,2
75,29,2
75,30,2
75,31,12
75,32,12
75,33,12
75,34,12
75,35,12
75,36,12
75,37,23
75,38,23
75,39,23
75,40,23
75,41,12
75,42,12
75,43,12
75,44,2
75,45,2
75,46,2
75,47,12
75,48,12
75,49,12
75,50,12
75,51,12
75,52,12
75,53,12
75,54,35
75,55,35
75,56,23
75,57,18
75,58,12
75,59,12
75,60,12
75,61,12
75,62,12
75,63,12
75,64,12
75,65,12
75,66,12
75,67,12
75,68,12
75,69,12
75,70,12
76,0,12
76,1,12
76,2,12
76,3,12
76,4,12
76,5,12
76,6,12
76,7,12
76,8,12
76,9,12
76,10,12
76,11,12
76,12,12
76,13,12
76,14,12
76,15,12
76,16,2
76,17,12
76,18,18
76,19,12
76,20,12
76,21,12
76,22,12
76,23,12
76,24,12
76,25,12
76,26,12
76,27,12
76,28,12
76,29,12
76,30,12
76,31,2
76,32,12
76,33,12
76,34,12
76,35,12
76,36,12
76,37,12
76,38,12
76,39,23
76,40,12
76,41,12
76,42,12
76,43,12
76,44,12
76,45,12
76,46,12
76,47,12
76,48,12
76,49,12
76,50,12
76,51,23
76,52,23
76,53,23
76,54,40
76,55,18
76,56,18
76,57,41
76,58,12
76,59,12
76,60,12
76,61,12
76,62,12
76,63,12
76,64,2
76,65,4
76,66,4
76,67,4
76,68,18
76,69,2
77,0,12
77,1,12
77,2,12
77,3,12
77,4,12
77,5,12
77,6,12
77,7,12
77,8,12
77,9,12
77,10,12
77,11,12
77,12,18
77,13,12
77,14,12
77,15,12
77,16,12
77,17,12
77,18,12
77,19,12
77,20,12
77,21,12
77,22,12
77,23,12
77,24,12
77,25,12
77,26,12
77,27,12
77,28,12
77,29,12
77,30,12
77,31,12
77,32,12
77,33,12
77,34,12
77,35,12
77,36,12
77,37,12
77,38,12
77,39,12
77,40,12
77,41,12
77,42,12
77,43,12
77,44,12
77,45,12
77,46,12
77,47,12
77,48,12
77,49,12
77,50,12
77,51,12
77,52,23
77,53,23
77,54,23
77,55,40
77,56,18
77,57,12
77,58,12
77,59,12
77,60,12
77,61,12
77,62,12
77,63,12
77,64,12
77,65,12
77,66,12
77,67,18
77,68,18
78,0,12
78,1,12
78,2,12
78,3,2
78,4,12
78,5,12
78,6,12
78,7,12
78,8,12
78,9,12
78,10,12
78,11,12
78,12,18
78,13,18
78,14,12
78,15,12
78,16,12
78,17,12
78,18,20
78,19,40
78,20,12
78,21,12
78,22,12
78,23,12
78,24,12
78,25,12
78,26,12
78,27,12
78,28,12
78,29,12
78,30,12
78,31,12
78,32,12
78,33,12
78,34,12
78,35,12
78,36,12
78,37,12
78,38,12
78,39,12
78,40,12
78,41,12
78,42,12
78,43,12
78,44,12
78,45,12
78,46,12
78,47,12
78,48,12
78,49,12
78,50,12
78,51,12
78,52,18
78,53,12
78,54,12
78,55,12
78,56,18
78,57,12
78,58,12
78,59,12
78,60,12
78,61,12
78,62,12
78,63,12
78,64,12
78,65,12
78,66,12
78,67,12
78,68,12
79,0,12
79,1,12
79,2,12
79,3,12
79,4,12
79,5,12
79,6,12
79,7,12
79,8,12
79,9,12
79,10,12
79,11,12
79,12,12
79,13,18
79,14,12
79,15,12
79,16,2
79,17,2
79,18,20
79,19,20
79,20,12
79,21,12
79,22,12
79,23,2
79,24,12
79,25,12
79,26,12
79,27,12
79,28,12
79,29,12
79,30,12
79,31,12
79,32,12
79,33,12
79,34,12
79,35,12
79,36,12
79,37,12
79,38,12
79,39,12
79,40,12
79,41,12
79,42,12
79,43,12
79,44,12
79,45,12
79,46,12
79,47,12
79,48,12
79,49,12
79,50,12
79,51,12
79,52,12
79,53,12
79,54,12
79,55,12
79,56,12
79,57,12
79,58,12
79,59,12
79,60,12
79,61,12
79,62,12
79,63,2
79,64,12
79,65,12
79,66,12
79,67,12
79,68,12
80,0,23
80,1,12
80,2,12
80,3,12
80,4,12
80,5,12
80,6,12
80,7,12
80,8,12
80,9,12
80,10,12
80,11,12
80,12,12
80,13,40
80,14,12
80,15,12
80,16,12
80,17,12
80,18,12
80,19,12
80,20,12
80,21,12
80,22,12
80,23,2
80,24,12
80,25,12
80,26,12
80,27,12
80,28,12
80,29,12
80,30,12
80,31,18
80,32,18
80,33,12
80,34,12
80,35,12
80,36,12
80,37,12
80,38,12
80,39,12
80,40,12
80,41,12
80,42,2
80,43,12
80,44,12
80,45,12
80,46,12
80,47,12
80,48,12
80,49,12
80,50,12
80,51,12
80,52,40
80,53,18
80,54,12
80,55,12
80,56,12
80,57,12
80,58,12
80,59,12
80,60,12
80,61,12
80,62,12
80,63,2
80,64,12
80,65,12
80,66,12
80,67,12
80,68,18
80,69,12
80,70,12
81,0,23
81,1,23
81,2,23
81,3,12
81,4,12
81,5,12
81,6,12
81,7,12
81,8,12
81,9,12
81,10,12
81,11,12
81,12,12
81,13,12
81,14,12
81,15,12
81,16,12
81,17,12
81,18,12
81,19,12
81,20,12
81,21,12
81,22,12
81,23,2
81,24,12
81,25,12
81,26,12
81,27,12
81,28,12
81,29,12
81,30,12
81,31,18
81,32,12
81,33,12
81,34,12
81,35,23
81,36,12
81,37,12
81,38,12
81,39,2
81,40,12
81,41,12
81,42,12
81,43,2
81,44,12
81,45,12
81,46,12
81,47,12
81,48,12
81,49,12
81,50,12
81,51,12
81,52,12
81,53,18
81,54,12
81,55,12
81,56,2
81,57,12
81,58,12
81,59,12
81,60,12
81,61,12
81,62,12
81,63,2
81,64,12
81,65,12
81,66,12
81,67,12
81,68,18
81,69,12
81,70,12
81,71,12
82,0,23
82,1,29
82,2,23
82,3,12
82,4,12
82,5,12
82,6,12
82,7,12
82,8,12
82,9,12
82,10,12
82,11,12
82,12,12
82,13,12
82,14,12
82,15,12
82,16,18
82,17,12
82,18,12
82,19,12
82,20,35
82,21,12
82,22,12
82,23,2
82,24,2
82,25,12
82,26,12
82,27,12
82,28,12
82,29,12
82,30,12
82,31,12
82,32,12
82,33,12
82,34,12
82,35,12
82,36,12
82,37,12
82,38,12
82,39,12
82,40,12
82,41,12
82,42,12
82,43,12
82,44,12
82,45,12
82,46,12
82,47,12
82,48,18
82,49,18
82,50,12
82,51,12
82,52,12
82,53,12
82,54,12
82,55,12
82,56,12
82,57,12
82,58,18
82,59,18
82,60,12
82,61,12
82,62,12
82,63,2
82,64,12
82,65,12
82,66,12
82,67,12
82,68,18
82,69,18
82,70,12
82,71,15
83,0,23
83,1,29
83,2,23
83,3,12
83,4,12
83,5,12
83,6,12
83,7,2
83,8,12
83,9,12
83,10,12
83,11,12
83,12,12
83,13,12
83,14,12
83,15,12
83,16,18
83,17,2
83,18,12
83,19,21
83,20,35
83,21,12
83,22,12
83,23,2
83,24,2
83,25,12
83,26,12
83,27,12
83,28,12
83,29,12
83,30,12
83,31,12
83,32,12
83,33,12
83,34,12
83,35,12
83,36,12
83,37,12
83,38,12
83,39,12
83,40,12
83,41,12
83,42,12
83,43,12
83,44,12
83,45,12
83,46,12
83,47,12
83,48,18
83,49,18
83,50,18
83,51,18
83,52,21
83,53,12
83,54,12
83,55,12
83,56,12
83,57,12
83,58,12
83,59,12
83,60,12
83,61,12
83,62,12
83,63,12
83,64,12
83,65,12
83,66,12
83,67,12
83,68,12
83,69,18
83,70,18
83,71,15
84,0,12
84,1,23
84,2,23
84,3,12
84,4,12
84,5,12
84,6,12
84,7,12
84,8,12
84,9,12
84,10,12
84,11,12
84,12,12
84,13,12
84,14,12
84,15,12
84,16,12
84,17,12
84,18,12
84,19,12
84,20,12
84,21,12
84,22,12
84,23,12
84,24,12
84,25,12
84,26,12
84,27,12
84,28,12
84,29,12
84,30,12
84,31,12
84,32,12
84,33,12
84,34,12
84,35,18
84,36,12
84,37,12
84,38,12
84,39,12
84,40,12
84,41,12
84,42,23
84,43,12
84,44,12
84,45,12
84,46,12
84,47,18
84,48,18
84,49,18
84,50,18
84,51,18
84,52,18
84,53,18
84,54,18
84,55,18
84,56,12
84,57,12
84,58,12
84,59,12
84,60,12
84,61,12
84,62,12
84,63,12
84,64,12
84,65,12
84,66,12
84,67,12
84,68,12
84,69,12
84,70,18
84,71,18
84,72,2
85,0,40
85,1,23
85,2,23
85,3,12
85,4,12
85,5,12
85,6,12
85,7,12
85,8,12
85,9,12
85,10,12
85,11,12
85,12,12
85,13,12
85,14,12
85,15,12
85,16,12
85,17,12
85,18,12
85,19,12
85,20,40
85,21,12
85,22,12
85,23,12
85,24,12
85,25,12
85,26,12
85,27,12
85,28,12
85,29,12
85,30,12
85,31,12
85,32,12
85,33,12
85,34,12
85,35,12
85,36,12
85,37,12
85,38,12
85,39,12
85,40,12
85,41,12
85,42,23
85,43,12
85,44,12
85,45,12
85,46,12
85,47,12
85,48,18
85,49,18
85,50,18
85,51,18
85,52,18
85,53,18
85,54,18
85,55,18
85,56,12
85,57,12
85,58,12
85,59,12
85,60,12
85,61,12
85,62,12
85,63,12
85,64,12
85,65,12
85,66,12
85,67,12
85,68,12
85,69,12
85,70,12
85,71,18
85,72,2
85,73,2
86,0,18
86,1,23
86,2,18
86,3,18
86,4,18
86,5,40
86,6,18
86,7,12
86,8,12
86,9,12
86,10,12
86,11,12
86,12,12
86,13,12
86,14,12
86,15,12
86,16,12
86,17,12
86,18,12
86,19,12
86,20,12
86,21,12
86,22,12
86,23,12
86,24,12
86,25,12
86,26,12
86,27,12
86,28,12
86,29,12
86,30,18
86,31,18
86,32,12
86,33,12
86,34,12
86,35,12
86,36,12
86,37,12
86,38,12
86,39,12
86,40,12
86,41,12
86,42,23
86,43,12
86,44,12
86,45,12
86,46,12
86,47,12
86,48,12
86,49,12
86,50,12
86,51,18
86,52,18
86,53,18
86,54,18
86,55,18
86,56,12
86,57,12
86,58,12
86,59,12
86,60,12
86,61,12
86,62,12
86,63,12
86,64,12
86,65,12
86,66,12
86,67,12
86,68,12
86,69,12
86,70,12
86,71,12
86,72,18
86,73,2
87,0,18
87,1,18
87,2,18
87,3,18
87,4,18
87,5,18
87,6,18
87,7,18
87,8,12
87,9,12
87,10,12
87,11,12
87,12,12
87,13,12
87,14,12
87,15,12
87,16,12
87,17,12
87,18,12
87,19,12
87,20,12
87,21,12
87,22,12
87,23,12
87,24,18
87,25,18
87,26,12
87,27,12
87,28,18
87,29,18
87,30,18
87,31,23
87,32,12
87,33,12
87,34,12
87,35,12
87,36,12
87,37,12
87,38,12
87,39,12
87,40,12
87,41,12
87,42,12
87,43,12
87,44,12
87,45,12
87,46,12
87,47,12
87,48,12
87,49,12
87,50,18
87,51,18
87,52,18
87,53,18
87,54,18
87,55,18
87,56,12
87,57,12
87,58,12
87,59,12
87,60,12
87,61,12
87,62,12
87,63,12
87,64,12
87,65,12
87,66,12
87,67,12
87,68,12
87,69,12
87,70,12
87,71,12
87,72,21
87,73,21
87,74,20
88,0,12
88,1,12
88,2,12
88,3,12
88,4,12
88,5,18
88,6,18
88,7,12
88,8,12
88,9,12
88,10,12
88,11,12
88,12,12
88,13,12
88,14,12
88,15,12
88,16,12
88,17,12
88,18,12
88,19,40
88,20,12
88,21,12
88,22,12
88,23,12
88,24,18
88,25,12
88,26,12
88,27,12
88,28,12
88,29,12
88,30,23
88,31,23
88,32,12
88,33,12
88,34,12
88,35,12
88,36,12
88,37,12
88,38,12
88,39,12
88,40,12
88,41,12
88,42,12
88,43,12
88,44,12
88,45,12
88,46,12
88,47,12
88,48,12
88,49,12
88,50,12
88,51,18
88,52,12
88,53,2
88,54,18
88,55,18
88,56,12
88,57,12
88,58,12
88,59,12
88,60,12
88,61,12
88,62,12
88,63,12
88,64,12
88,65,12
88,66,12
88,67,18
88,68,12
88,69,18
88,70,12
88,71,12
88,72,12
88,73,20
88,74,20
88,75,20
88,76,23
88,79,16
88,80,23
88,81,23
88,82,23
88,84,18
88,85,18
88,86,18
88,87,18
88,90,12
88,91,12
89,0,12
89,1,12
89,2,12
89,3,12
89,4,12
89,5,12
89,6,12
89,7,12
89,8,12
89,9,12
89,10,12
89,11,12
89,12,12
89,13,12
89,14,12
89,15,12
89,16,12
89,17,12
89,18,12
89,19,12
89,20,12
89,21,12
89,22,12
89,23,12
89,24,12
89,25,12
89,26,12
89,27,12
89,28,12
89,29,12
89,30,12
89,31,12
89,32,12
89,33,12
89,34,12
89,35,12
89,36,12
89,37,12
89,38,12
89,39,12
89,40,12
89,41,12
89,42,12
89,43,12
89,44,12
89,45,12
89,46,12
89,47,12
89,48,12
89,49,12
89,50,12
89,51,12
89,52,12
89,53,12
89,54,35
89,55,12
89,56,2
89,57,12
89,58,12
89,59,12
89,60,12
89,61,18
89,62,12
89,63,12
89,64,18
89,65,12
89,66,12
89,67,12
89,68,18
89,69,12
89,70,18
89,71,12
89,72,23
89,73,20
89,74,20
89,75,20
89,76,23
89,77,23
89,78,23
89,79,23
89,80,23
89,81,23
89,82,23
89,83,23
89,84,18
89,85,21
89,86,21
89,87,18
89,88,12
89,89,12
89,90,12
89,91,12
90,0,12
90,1,12
90,2,12
90,3,12
90,4,12
90,5,12
90,6,12
90,7,12
90,8,12
90,9,12
90,10,12
90,11,12
90,12,12
90,13,12
90,14,12
90,15,18
90,16,2
90,17,12
90,18,12
90,19,23
90,20,12
90,21,12
90,22,12
90,23,12
90,24,12
90,25,12
90,26,12
90,27,12
90,28,12
90,29,12
90,30,12
90,31,12
90,32,12
90,33,12
90,34,12
90,35,12
90,36,12
90,37,12
90,38,12
90,39,12
90,40,12
90,41,12
90,42,12
90,43,12
90,44,12
90,45,12
90,46,12
90,47,12
90,48,12
90,49,2
90,50,2
90,51,12
90,52,12
90,53,12
90,54,40
90,55,35
90,56,12
90,57,2
90,58,12
90,59,12
90,60,12
90,61,18
90,62,18
90,63,12
90,64,12
90,65,12
90,66,12
90,67,12
90,68,18
90,69,18
90,70,18
90,71,18
90,72,23
90,73,12
90,74,20
90,75,20
90,76,23
90,77,23
90,78,23
90,79,23
90,80,23
90,81,23
90,82,23
90,83,23
90,84,18
90,85,21
90,86,21
90,87,21
90,88,12
90,89,12
90,90,12
90,91,29
90,92,18
91,0,12
91,1,12
91,2,18
91,3,18
91,4,12
91,5,12
91,6,12
91,7,12
91,8,12
91,9,12
91,10,12
91,11,12
91,12,12
91,13,12
91,14,12
91,15,12
91,16,2
91,17,12
91,18,12
91,19,23
91,20,12
91,21,12
91,22,12
91,23,12
91,24,12
91,25,12
91,26,12
91,27,12
91,28,12
91,29,12
91,30,12
91,31,12
91,32,12
91,33,12
91,34,12
91,35,12
91,36,12
91,37,18
91,38,18
91,39,18
91,40,12
91,41,12
91,42,12
91,43,12
91,44,12
91,45,12
91,46,12
91,47,12
91,48,12
91,49,2
91,50,2
91,51,12
91,52,12
91,53,12
91,54,2
91,55,2
91,56,12
91,57,12
91,58,12
91,59,12
91,60,12
91,61,12
91,62,18
91,63,12
91,64,12
91,65,12
91,66,12
91,67,12
91,68,12
91,69,18
91,70,18
91,71,12
91,72,23
91,73,12
91,74,20
91,75,20
91,76,23
91,77,23
91,78,23
91,79,23
91,80,23
91,81,23
91,82,18
91,83,23
91,84,18
91,85,21
91,86,12
91,87,12
91,88,21
91,89,21
91,90,12
91,91,12
91,92,18
91,93,18
92,0,12
92,1,12
92,2,2
92,3,12
92,4,12
92,5,12
92,6,12
92,7,12
92,8,12
92,9,12
92,10,12
92,11,18
92,12,12
92,13,12
92,14,12
92,15,12
92,16,12
92,17,12
92,18,12
92,19,12
92,20,12
92,21,12
92,22,12
92,23,12
92,24,12
92,25,12
92,26,12
92,27,12
92,28,12
92,29,12
92,30,12
92,31,12
92,32,12
92,33,12
92,34,12
92,35,12
92,36,12
92,37,18
92,38,12
92,39,12
92,40,12
92,41,12
92,42,12
92,43,12
92,44,18
92,45,18
92,46,18
92,47,12
92,48,12
92,49,12
92,50,12
92,51,12
92,52,12
92,53,12
92,54,12
92,55,12
92,56,12
92,57,12
92,58,12
92,59,12
92,60,12
92,61,12
92,62,12
92,63,12
92,64,12
92,65,12
92,66,12
92,67,12
92,68,12
92,69,12
92,70,12
92,71,12
92,72,12
92,73,12
92,74,20
92,75,20
92,76,23
92,77,21
92,78,18
92,79,18
92,80,12
92,81,12
92,82,12
92,83,15
92,84,12
92,85,12
92,86,12
92,87,12
92,88,12
92,89,12
92,90,12
92,91,12
92,92,12
92,93,29
92,94,18
92,95,41
93,0,12
93,1,12
93,2,12
93,3,12
93,4,12
93,5,12
93,6,12
93,7,12
93,8,12
93,9,12
93,10,18
93,11,18
93,12,12
93,13,12
93,14,12
93,15,12
93,16,12
93,17,12
93,18,12
93,19,23
93,20,12
93,21,12
93,22,12
93,23,12
93,24,12
93,25,12
93,26,12
93,27,12
93,28,12
93,29,12
93,30,12
93,31,12
93,32,12
93,33,12
93,34,12
93,35,12
93,36,12
93,37,12
93,38,12
93,39,12
93,40,12
93,41,12
93,42,12
93,43,12
93,44,12
93,45,18
93,46,12
93,47,12
93,48,12
93,49,20
93,50,20
93,51,20
93,52,12
93,53,12
93,54,12
93,55,12
93,56,12
93,57,12
93,58,12
93,59,12
93,60,12
93,61,12
93,62,12
93,63,12
93,64,12
93,65,12
93,66,12
93,67,12
93,68,12
93,69,12
93,70,12
93,71,23
93,72,23
93,73,12
93,74,12
93,75,2
93,76,21
93,77,21
93,78,18
93,79,18
93,80,12
93,81,12
93,82,12
93,83,12
93,84,12
93,85,12
93,86,12
93,87,12
93,88,12
93,89,12
93,90,12
93,91,12
93,92,12
93,93,12
93,94,12
93,95,12
93,96,18
93,97,18
93,98,21
94,0,12
94,1,12
94,2,12
94,3,12
94,4,12
94,5,12
94,6,18
94,7,12
94,8,12
94,9,12
94,10,12
94,11,12
94,12,12
94,13,12
94,14,12
94,15,2
94,16,12
94,17,12
94,18,12
94,19,12
94,20,12
94,21,12
94,22,12
94,23,12
94,24,18
94,25,18
94,26,12
94,27,12
94,28,12
94,29,12
94,30,12
94,31,12
94,32,12
94,33,12
94,34,12
94,35,12
94,36,12
94,37,12
94,38,12
94,39,12
94,40,12
94,41,12
94,42,12
94,43,12
94,44,12
94,45,12
94,46,12
94,47,12
94,48,7
94,49,7
94,50,12
94,51,12
94,52,20
94,53,12
94,54,12
94,55,12
94,56,12
94,57,12
94,58,12
94,59,12
94,60,12
94,61,12
94,62,12
94,63,12
94,64,12
94,65,12
94,66,12
94,67,12
94,68,12
94,69,23
94,70,23
94,71,23
94,72,23
94,73,12
94,74,12
94,75,2
94,76,20
94,77,21
94,78,20
94,79,18
94,80,12
94,81,12
94,82,12
94,83,12
94,84,12
94,85,12
94,86,12
94,87,12
94,88,12
94,89,12
94,90,12
94,91,12
94,92,12
94,93,12
94,94,12
94,95,12
94,96,12
94,97,18
94,98,12
94,99,12
95,0,12
95,1,12
95,2,12
95,3,12
95,4,12
95,5,12
95,6,18
95,7,12
95,8,12
95,9,12
95,10,12
95,11,12
95,12,12
95,13,12
95,14,12
95,15,2
95,16,12
95,17,12
95,18,12
95,19,12
95,20,23
95,21,12
95,22,12
95,23,18
95,24,18
95,25,18
95,26,18
95,27,18
95,28,12
95,29,12
95,30,12
95,31,12
95,32,12
95,33,12
95,34,12
95,35,12
95,36,12
95,37,12
95,38,12
95,39,12
95,40,12
95,41,12
95,42,12
95,43,12
95,44,12
95,45,12
95,46,12
95,47,12
95,48,7
95,49,12
95,50,12
95,51,12
95,52,12
95,53,12
95,54,12
95,55,12
95,56,12
95,57,12
95,58,12
95,59,12
95,60,12
95,61,12
95,62,12
95,63,12
95,64,12
95,65,12
95,66,12
95,67,12
95,68,12
95,69,23
95,70,23
95,71,23
95,72,23
95,73,12
95,74,12
95,75,2
95,76,20
95,77,20
95,78,20
95,79,20
95,80,12
95,81,12
95,82,12
95,83,12
95,84,12
95,85,12
95,86,12
95,87,12
95,88,12
95,89,12
95,90,12
95,91,12
95,92,2
95,93,12
95,94,12
95,95,12
95,96,18
95,97,18
95,98,12
95,99,12
96,0,12
96,1,12
96,2,12
96,3,12
96,4,12
96,5,12
96,6,12
96,7,18
96,8,12
96,9,12
96,10,12
96,11,12
96,12,12
96,13,12
96,14,12
96,15,12
96,16,12
96,17,12
96,18,40
96,19,12
96,20,12
96,21,12
96,22,12
96,23,12
96,24,23
96,25,23
96,26,18
96,27,18
96,28,12
96,29,12
96,30,12
96,31,12
96,32,12
96,33,12
96,34,12
96,35,12
96,36,12
96,37,12
96,38,12
96,39,12
96,40,12
96,41,12
96,42,12
96,43,2
96,44,12
96,45,12
96,46,12
96,47,12
96,48,12
96,49,7
96,50,7
96,51,12
96,52,12
96,53,12
96,54,12
96,55,12
96,56,12
96,57,12
96,58,12
96,59,12
96,60,12
96,61,12
96,62,12
96,63,12
96,64,12
96,65,12
96,66,12
96,67,12
96,68,12
96,69,12
96,70,18
96,71,12
96,72,21
96,73,21
96,74,23
96,75,23
96,76,23
96,77,23
96,78,2
96,79,20
96,80,12
96,81,12
96,82,12
96,83,20
96,84,2
96,85,20
96,86,20
96,87,20
96,88,20
96,89,20
96,90,2
96,91,12
96,92,12
96,93,12
96,94,12
96,95,12
96,96,12
96,97,12
96,98,12
96,99,12
96,100,12
97,0,2
97,1,12
97,2,12
97,3,12
97,4,12
97,5,12
97,6,12
97,7,12
97,8,12
97,9,12
97,10,12
97,11,12
97,12,12
97,13,12
97,14,2
97,15,12
97,16,12
97,17,12
97,18,40
97,19,12
97,20,12
97,21,12
97,22,12
97,23,12
97,24,23
97,25,23
97,26,18
97,27,12
97,28,12
97,29,12
97,30,12
97,31,12
97,32,12
97,33,12
97,34,12
97,35,12
97,36,12
97,37,12
97,38,12
97,39,12
97,40,2
97,41,2
97,42,2
97,43,2
97,44,12
97,45,12
97,46,12
97,47,12
97,48,12
97,49,7
97,50,2
97,51,2
97,52,12
97,53,12
97,54,12
97,55,12
97,56,12
97,57,12
97,58,12
97,59,12
97,60,18
97,61,12
97,62,12
97,63,12
97,64,12
97,65,12
97,66,12
97,67,12
97,68,12
97,69,12
97,70,12
97,71,12
97,72,21
97,73,21
97,74,23
97,75,23
97,76,23
97,77,20
97,78,20
97,79,20
97,80,20
97,81,20
97,82,20
97,83,20
97,84,20
97,85,20
97,86,23
97,87,23
97,88,20
97,89,20
97,90,20
97,91,12
97,92,12
97,93,12
97,94,12
97,95,12
97,96,12
97,97,12
97,98,12
97,99,12
98,0,12
98,1,12
98,2,12
98,3,12
98,4,12
98,5,12
98,6,12
98,7,12
98,8,12
98,9,12
98,10,12
98,11,12
98,12,12
98,13,2
98,14,2
98,15,12
98,16,12
98,17,21
98,18,21
98,19,12
98,20,12
98,21,2
98,22,12
98,23,12
98,24,23
98,25,18
98,26,12
98,27,12
98,28,12
98,29,12
98,30,12
98,31,12
98,32,12
98,33,12
98,34,12
98,35,12
98,36,18
98,37,12
98,38,12
98,39,12
98,40,2
98,41,2
98,42,2
98,43,2
98,44,12
98,45,12
98,46,12
98,47,12
98,48,12
98,49,2
98,50,2
98,51,2
98,52,41
98,53,40
98,54,18
98,55,12
98,56,12
98,57,12
98,58,12
98,59,12
98,60,12
98,61,18
98,62,12
98,63,12
98,64,12
98,65,12
98,66,12
98,67,12
98,68,12
98,69,12
98,70,12
98,71,12
98,72,12
98,73,12
98,74,23
98,75,23
98,76,20
98,77,20
98,78,12
98,79,12
98,80,20
98,81,20
98,82,20
98,83,20
98,84,23
98,85,23
98,86,18
98,87,18
98,88,20
98,89,20
98,90,20
98,91,20
98,92,12
98,93,12
98,94,12
98,95,12
98,96,12
98,97,12
98,98,12
98,99,21
99,0,12
99,1,12
99,2,12
99,3,12
99,4,12
99,5,12
99,6,12
99,7,12
99,8,12
99,9,12
99,10,12
99,11,12
99,12,12
99,13,12
99,14,2
99,15,12
99,16,12
99,17,12
99,18,12
99,19,12
99,20,12
99,21,12
99,22,12
99,23,12
99,24,12
99,25,12
99,26,12
99,27,12
99,28,12
99,29,12
99,30,12
99,31,12
99,32,12
99,33,12
99,34,12
99,35,12
99,36,18
99,37,12
99,38,12
99,39,12
99,40,2
99,41,2
99,42,2
99,43,2
99,44,12
99,45,18
99,46,18
99,47,12
99,48,12
99,49,12
99,50,2
99,51,18
99,52,40
99,53,40
99,54,18
99,55,18
99,56,12
99,57,12
99,58,12
99,59,12
99,60,12
99,61,12
99,62,12
99,63,12
99,64,12
99,65,12
99,66,12
99,67,12
99,68,12
99,69,12
99,70,12
99,71,12
99,72,12
99,73,12
99,74,12
99,75,23
99,76,20
99,77,20
99,78,12
99,79,12
99,80,20
99,81,20
99,82,20
99,83,23
99,84,18
99,85,23
99,86,23
99,87,18
99,88,23
99,89,23
99,90,23
99,91,20
99,92,12
99,93,2
99,94,12
99,95,12
99,96,12
99,97,21
99,98,21
99,99,21
100,0,12
100,1,12
100,2,12
100,3,12
100,4,12
100,5,12
100,6,12
100,7,12
100,8,18
100,9,18
100,10,12
100,11,12
100,12,12
100,13,12
100,14,12
100,15,12
100,16,12
100,17,12
100,18,40
100,19,12
100,20,12
100,21,12
100,22,12
100,23,12
100,24,12
100,25,12
100,26,12
100,27,12
100,28,12
100,29,12
100,30,12
100,31,12
100,32,12
100,33,23
100,34,12
100,35,12
100,36,12
100,37,12
100,38,12
100,39,12
100,40,12
100,41,12
100,42,12
100,43,12
100,44,12
100,45,12
100,46,12
100,47,12
100,48,12
100,49,41
100,50,41
100,51,41
100,52,23
100,53,23
100,54,23
100,55,12
100,56,12
100,57,12
100,58,12
100,59,12
100,60,20
100,61,12
100,62,12
100,63,12
100,64,12
100,65,12
100,66,12
100,67,12
100,68,12
100,69,12
100,70,12
100,71,12
100,72,12
100,73,12
100,74,12
100,75,12
100,76,16
100,77,16
100,78,16
100,79,12
100,80,20
100,81,20
100,82,23
100,83,23
100,84,18
100,85,18
100,86,18
100,87,18
100,88,18
100,89,23
100,90,20
100,91,23
100,92,12
100,93,2
100,94,12
100,95,20
100,96,21
100,97,21
101,0,12
101,1,12
101,2,12
101,3,12
101,4,12
101,5,12
101,6,12
101,7,12
101,8,18
101,9,18
101,10,18
101,11,12
101,12,12
101,13,40
101,14,12
101,15,12
101,16,40
101,17,12
101,18,12
101,19,12
101,20,12
101,21,12
101,22,12
101,23,12
101,24,12
101,25,2
101,26,12
101,27,12
101,28,12
101,29,12
101,30,12
101,31,12
101,32,12
101,33,12
101,34,12
101,35,12
101,36,12
101,37,12
101,38,12
101,39,12
101,40,12
101,41,12
101,42,12
101,43,12
101,44,12
101,45,12
101,46,12
101,47,12
101,48,18
101,49,18
101,50,41
101,51,41
101,52,23
101,53,23
101,54,23
101,55,12
101,56,23
101,57,23
101,58,23
101,59,23
101,60,20
101,61,20
101,62,12
101,63,12
101,64,12
101,65,12
101,66,12
101,67,12
101,68,12
101,69,12
101,70,12
101,71,12
101,72,20
101,73,20
101,74,12
101,75,18
101,76,16
101,77,16
101,78,16
101,79,16
101,80,20
101,81,20
101,82,23
101,83,23
101,84,23
101,85,18
101,86,23
101,87,23
101,88,23
101,89,23
101,90,23
101,91,23
101,92,12
101,93,2
101,94,2
101,95,20
102,0,18
102,1,12
102,2,12
102,3,12
102,4,12
102,5,12
102,6,12
102,7,18
102,8,18
102,9,18
102,10,18
102,11,12
102,12,12
102,13,40
102,14,12
102,15,12
102,16,12
102,17,12
102,18,12
102,19,12
102,20,12
102,21,12
102,22,12
102,23,12
102,24,12
102,25,2
102,26,12
102,27,12
102,28,12
102,29,12
102,30,12
102,31,12
102,32,12
102,33,12
102,34,12
102,35,12
102,36,12
102,37,12
102,38,12
102,39,12
102,40,2
102,41,12
102,42,12
102,43,12
102,44,12
102,45,12
102,46,12
102,47,18
102,48,18
102,49,18
102,50,18
102,51,18
102,52,23
102,53,18
102,54,18
102,55,2
102,56,23
102,57,23
102,58,23
102,59,23
102,60,23
102,61,20
102,62,12
102,63,12
102,64,12
102,65,12
102,66,12
102,67,12
102,68,12
102,69,12
102,70,12
102,71,12
102,72,20
102,73,20
102,74,20
102,75,18
102,76,18
102,77,25
102,78,25
102,79,25
102,80,20
102,81,20
102,82,23
102,83,23
102,84,23
102,85,23
102,86,23
102,87,23
102,88,23
102,89,23
102,90,23
102,91,23
102,92,2
102,93,2
102,94,20
102,95,20
103,0,18
103,1,12
103,2,12
103,3,12
103,4,12
103,5,18
103,6,18
103,7,18
103,8,18
103,9,18
103,10,12
103,11,12
103,12,12
103,13,12
103,14,12
103,15,12
103,16,12
103,17,2
103,18,2
103,19,2
103,20,12
103,21,20
103,22,12
103,23,12
103,24,12
103,25,2
103,26,12
103,27,12
103,28,12
103,29,12
103,30,12
103,31,12
103,32,12
103,33,12
103,34,12
103,35,12
103,36,12
103,37,12
103,38,12
103,39,12
103,40,18
103,41,18
103,42,12
103,43,12
103,44,12
103,45,12
103,46,18
103,47,18
103,48,18
103,49,18
103,50,23
103,51,23
103,52,23
103,53,18
103,54,18
103,55,20
103,56,23
103,57,23
103,58,23
103,59,23
103,60,23
103,61,23
103,62,18
103,63,12
103,64,12
103,65,12
103,66,12
103,67,12
103,68,12
103,69,2
103,70,2
103,71,12
103,72,20
103,73,20
103,74,20
103,75,18
103,76,23
103,77,23
103,78,25
103,79,25
103,80,25
103,81,23
103,82,23
103,83,23
103,84,23
103,85,23
103,86,23
103,87,23
103,88,23
103,89,23
103,90,23
103,91,23
103,92,2
103,93,2
103,94,20
103,95,20
104,0,12
104,1,12
104,2,12
104,3,12
104,4,12
104,5,12
104,6,12
104,7,12
104,8,12
104,9,12
104,10,12
104,11,12
104,12,12
104,13,12
104,14,12
104,15,12
104,16,12
104,17,12
104,18,12
104,19,12
104,20,12
104,21,12
104,22,12
104,23,12
104,24,2
104,25,12
104,26,12
104,27,12
104,28,12
104,29,12
104,30,12
104,31,12
104,32,2
104,33,12
104,34,12
104,35,12
104,36,12
104,37,12
104,38,12
104,39,12
104,40,3
104,41,12
104,42,12
104,43,12
104,44,23
104,45,23
104,46,18
104,47,18
104,48,12
104,49,29
104,50,29
104,51,23
104,52,23
104,53,23
104,54,18
104,55,12
104,56,23
104,57,23
104,58,18
104,59,18
104,60,18
104,61,18
104,62,18
104,63,12
104,64,12
104,65,12
104,66,12
104,67,12
104,68,12
104,69,12
104,70,2
104,71,2
104,72,20
104,73,20
104,74,29
104,75,23
104,76,23
104,77,23
104,78,23
104,79,23
104,80,23
104,81,23
104,82,23
104,83,23
104,84,23
104,85,23
104,86,23
104,87,23
104,88,23
104,89,23
104,90,23
104,91,23
104,92,20
104,93,20
104,94,23
104,95,25
105,0,2
105,1,12
105,2,12
105,3,12
105,4,12
105,5,12
105,6,12
105,7,12
105,8,12
105,9,2
105,10,2
105,11,12
105,12,40
105,13,40
105,14,12
105,15,12
105,16,12
105,17,12
105,18,12
105,19,12
105,20,12
105,21,12
105,22,12
105,23,12
105,24,2
105,25,2
105,26,2
105,27,2
105,28,12
105,29,12
105,30,12
105,31,12
105,32,2
105,33,12
105,34,12
105,35,12
105,36,12
105,37,12
105,38,12
105,39,23
105,40,3
105,41,12
105,42,12
105,43,12
105,44,23
105,45,23
105,46,18
105,47,18
105,48,12
105,49,12
105,50,18
105,51,23
105,52,23
105,53,18
105,54,18
105,55,12
105,56,12
105,57,18
105,58,18
105,59,18
105,60,23
105,61,23
105,62,18
105,63,12
105,64,12
105,65,12
105,66,12
105,67,12
105,68,12
105,69,12
105,70,2
105,71,2
105,72,20
105,73,20
105,74,20
105,75,20
105,76,21
105,77,23
105,78,23
105,79,23
105,80,23
105,81,23
105,82,23
105,83,23
105,84,23
105,85,23
105,86,23
105,87,23
105,88,23
105,89,23
105,90,23
105,91,18
105,92,23
105,93,23
105,94,23
105,95,25
106,0,2
106,1,2
106,2,2
106,3,12
106,4,12
106,5,12
106,6,12
106,7,12
106,8,2
106,9,2
106,10,2
106,11,12
106,12,40
106,13,18
106,14,18
106,15,12
106,16,12
106,17,12
106,18,12
106,19,12
106,20,12
106,21,12
106,22,12
106,23,12
106,24,2
106,25,2
106,26,2
106,27,12
106,28,12
106,29,12
106,30,12
106,31,12
106,32,2
106,33,12
106,34,12
106,35,12
106,36,12
106,37,12
106,38,12
106,39,23
106,40,23
106,41,12
106,42,12
106,43,12
106,44,23
106,45,23
106,46,23
106,47,23
106,48,12
106,49,18
106,50,18
106,51,18
106,52,23
106,53,18
106,54,18
106,55,18
106,56,12
106,57,12
106,58,18
106,59,23
106,60,23
106,61,23
106,62,23
106,63,12
106,64,12
106,65,12
106,66,2
106,67,12
106,68,12
106,69,12
106,70,2
106,71,2
106,72,20
106,73,20
106,74,20
106,75,20
106,76,20
106,77,21
106,78,23
106,79,23
106,80,23
106,81,23
106,82,23
106,83,23
106,84,23
106,85,23
106,86,23
106,87,23
106,88,23
106,89,23
106,90,23
106,91,23
106,92,21
106,93,23
106,94,23
106,95,23
107,0,2
107,1,2
107,2,12
107,3,12
107,4,12
107,5,12
107,6,12
107,7,12
107,8,12
107,9,2
107,10,2
107,11,12
107,12,12
107,13,18
107,14,18
107,15,12
107,16,12
107,17,12
107,18,12
107,19,12
107,20,12
107,21,12
107,22,12
107,23,12
107,24,12
107,25,12
107,26,12
107,27,12
107,28,12
107,29,12
107,30,12
107,31,12
107,32,12
107,33,12
107,34,12
107,35,12
107,36,23
107,37,18
107,38,23
107,39,23
107,40,23
107,41,23
107,42,12
107,43,23
107,44,23
107,45,23
107,46,23
107,47,23
107,48,18
107,49,18
107,50,18
107,51,18
107,52,18
107,53,18
107,54,18
107,55,18
107,56,18
107,57,18
107,58,23
107,59,23
107,60,23
107,61,23
107,62,12
107,63,12
107,64,12
107,65,12
107,66,2
107,67,2
107,68,2
107,69,2
107,70,2
107,71,2
107,72,2
107,73,20
107,74,20
107,75,20
107,76,20
107,77,20
107,78,23
107,79,23
107,80,23
107,81,23
107,82,23
107,83,23
107,84,23
107,85,23
107,86,23
107,87,23
107,88,23
107,89,23
107,90,23
107,91,23
107,92,23
107,93,23
107,94,23
107,95,23
107,96,23
108,0,18
108,1,18
108,2,18
108,3,12
108,4,12
108,5,12
108,6,12
108,7,12
108,8,12
108,9,12
108,10,12
108,11,12
108,12,12
108,13,12
108,14,12
108,15,12
108,16,12
108,17,12
108,18,12
108,19,12
108,20,12
108,21,12
108,22,12
108,23,12
108,24,12
108,25,12
108,26,12
108,27,12
108,28,18
108,29,18
108,30,12
108,31,12
108,32,12
108,33,12
108,34,12
108,35,12
108,36,12
108,37,12
108,38,23
108,39,23
108,40,23
108,41,23
108,42,23
108,43,23
108,44,23
108,45,23
108,46,23
108,47,18
108,48,18
108,49,18
108,50,18
108,51,18
108,52,12
108,53,12
108,54,23
108,55,18
108,56,12
108,57,12
108,58,12
108,59,16
108,60,12
108,61,12
108,62,12
108,63,12
108,64,16
108,65,16
108,66,12
108,67,16
108,68,25
108,69,20
108,70,12
108,71,12
108,72,2
108,73,2
108,74,20
108,75,20
108,76,20
108,77,20
108,78,20
108,79,20
108,80,20
108,81,20
108,82,23
108,83,23
108,84,23
108,85,23
108,86,23
108,87,23
108,88,23
108,89,23
108,90,23
108,91,23
108,92,23
108,93,23
108,94,23
108,95,23
108,96,23
108,97,23
108,98,23
109,0,18
109,1,18
109,2,18
109,3,12
109,4,12
109,5,12
109,6,12
109,7,12
109,8,12
109,9,12
109,10,12
109,11,12
109,12,40
109,13,40
109,14,12
109,15,12
109,16,12
109,17,12
109,18,12
109,19,12
109,20,12
109,21,12
109,22,12
109,23,12
109,24,12
109,25,12
109,26,12
109,27,12
109,28,18
109,29,18
109,30,12
109,31,12
109,32,12
109,33,12
109,34,12
109,35,12
109,36,12
109,37,12
109,38,23
109,39,23
109,40,23
109,41,18
109,42,18
109,43,18
109,44,23
109,45,23
109,46,18
109,47,18
109,48,18
109,49,18
109,50,18
109,51,12
109,52,12
109,53,12
109,54,23
109,55,23
109,56,12
109,57,12
109,58,12
109,59,12
109,60,12
109,61,12
109,62,12
109,63,12
109,64,16
109,65,16
109,66,16
109,67,16
109,68,25
109,69,25
109,70,16
109,71,16
109,72,16
109,73,16
109,74,16
109,75,2
109,76,25
109,77,25
109,78,20
109,79,20
109,80,23
109,81,23
109,82,23
109,83,23
109,84,23
109,85,23
109,86,23
109,87,29
109,88,23
109,89,23
109,90,23
109,91,23
109,92,23
109,93,23
109,94,23
109,95,23
109,96,23
109,97,23
109,98,23
110,0,18
110,1,23
110,2,23
110,3,23
110,4,12
110,5,12
110,6,12
110,7,12
110,8,12
110,9,12
110,10,12
110,11,12
110,12,40
110,13,40
110,14,40
110,15,12
110,16,12
110,17,12
110,18,12
110,19,12
110,20,12
110,21,12
110,22,12
110,23,12
110,24,2
110,25,12
110,26,12
110,27,12
110,28,12
110,29,12
110,30,12
110,31,12
110,32,18
110,33,18
110,34,18
110,35,12
110,36,12
110,37,12
110,38,12
110,39,12
110,40,23
110,41,23
110,42,18
110,43,18
110,44,23
110,45,23
110,46,18
110,47,18
110,48,18
110,49,18
110,50,18
110,51,18
110,52,12
110,53,12
110,54,12
110,55,18
110,56,12
110,57,12
110,58,12
110,59,2
110,60,12
110,61,20
110,62,2
110,63,2
110,64,18
110,65,16
110,66,16
110,67,16
110,68,25
110,69,25
110,70,16
110,71,16
110,72,23
110,73,18
110,74,16
110,75,12
110,76,25
110,77,25
110,78,18
110,79,18
110,80,23
110,81,23
110,82,23
110,83,23
110,84,7
110,85,23
110,86,23
110,87,23
110,88,23
110,89,23
110,90,23
110,91,23
110,92,23
110,93,23
110,94,23
110,95,23
110,96,23
110,97,23
110,98,23
111,0,23
111,1,23
111,2,23
111,3,23
111,4,23
111,5,12
111,6,12
111,7,12
111,8,12
111,9,12
111,10,12
111,11,12
111,12,12
111,13,12
111,14,12
111,15,12
111,16,12
111,17,12
111,18,12
111,19,12
111,20,12
111,21,12
111,22,12
111,23,12
111,24,2
111,25,12
111,26,12
111,27,12
111,28,12
111,29,12
111,30,12
111,31,12
111,32,12
111,33,18
111,34,18
111,35,12
111,36,12
111,37,12
111,38,18
111,39,18
111,40,18
111,41,23
111,42,23
111,43,23
111,44,23
111,45,23
111,46,18
111,47,18
111,48,18
111,49,18
111,50,18
111,51,18
111,52,12
111,53,12
111,54,12
111,55,18
111,56,12
111,57,12
111,58,12
111,59,12
111,60,20
111,61,20
111,62,2
111,63,2
111,64,23
111,65,23
111,66,23
111,67,25
111,68,25
111,69,18
111,70,23
111,71,18
111,72,18
111,73,21
111,74,18
111,75,12
111,76,25
111,77,25
111,78,25
111,79,25
111,80,23
111,81,23
111,82,23
111,83,23
111,84,23
111,85,23
111,86,23
111,87,23
111,88,23
111,89,23
111,90,23
111,91,23
111,92,23
111,93,23
111,94,23
111,95,23
111,96,23
111,97,23
111,98,23
111,99,23
112,0,23
112,1,23
112,2,23
112,3,23
112,4,23
112,5,18
112,6,12
112,7,12
112,8,12
112,9,12
112,10,12
112,11,12
112,12,12
112,13,40
112,14,40
112,15,12
112,16,12
112,17,12
112,18,12
112,19,12
112,20,12
112,21,2
112,22,2
112,23,12
112,24,12
112,25,12
112,26,12
112,27,12
112,28,12
112,29,23
112,30,23
112,31,12
112,32,12
112,33,12
112,34,12
112,35,12
112,36,18
112,37,12
112,38,12
112,39,18
112,40,23
112,41,23
112,42,23
112,43,23
112,44,23
112,45,23
112,46,23
112,47,23
112,48,18
112,49,18
112,50,12
112,51,12
112,52,18
112,53,12
112,54,12
112,55,12
112,56,12
112,57,12
112,58,12
112,59,12
112,60,12
112,61,12
112,62,12
112,63,18
112,64,23
112,65,18
112,66,18
112,67,23
112,68,25
112,69,25
112,70,25
112,71,18
112,72,21
112,73,23
112,74,23
112,75,23
112,76,23
112,77,18
112,78,18
112,79,21
112,80,23
112,81,23
112,82,18
112,83,23
112,84,23
112,85,23
112,86,23
112,87,23
112,88,18
112,89,18
112,90,18
112,91,18
112,92,23
112,93,23
112,94,23
112,95,23
112,96,23
112,97,23
112,98,23
113,0,23
113,1,23
113,2,23
113,3,23
113,4,18
113,5,12
113,6,12
113,7,12
113,8,12
113,9,12
113,10,12
113,11,12
113,12,12
113,13,12
113,14,21
113,15,40
113,16,12
113,17,12
113,18,12
113,19,12
113,20,12
113,21,2
113,22,2
113,23,12
113,24,12
113,25,12
113,26,12
113,27,12
113,28,12
113,29,23
113,30,23
113,31,23
113,32,12
113,33,12
113,34,12
113,35,12
113,36,18
113,37,18
113,38,12
113,39,12
113,40,23
113,41,23
113,42,23
113,43,23
113,44,23
113,45,23
113,46,23
113,47,23
113,48,12
113,49,2
113,50,12
113,51,12
113,52,12
113,53,12
113,54,12
113,55,12
113,56,12
113,57,12
113,58,12
113,59,12
113,60,12
113,61,18
113,62,18
113,63,18
113,64,23
113,65,23
113,66,23
113,67,23
113,68,23
113,69,25
113,70,25
113,71,18
113,72,18
113,73,23
113,74,23
113,75,23
113,76,23
113,77,18
113,78,18
113,79,18
113,80,23
113,81,23
113,82,23
113,83,23
113,84,23
113,85,23
113,86,23
113,87,23
113,88,18
113,89,18
113,90,18
113,91,18
113,92,23
113,93,23
113,94,23
113,95,23
114,0,12
114,1,12
114,2,12
114,3,18
114,4,12
114,5,12
114,6,12
114,7,12
114,8,12
114,9,12
114,10,12
114,11,2
114,12,12
114,13,12
114,14,12
114,15,40
114,16,12
114,17,12
114,18,12
114,19,2
114,20,2
114,21,2
114,22,2
114,23,2
114,24,12
114,25,12
114,26,12
114,27,12
114,28,12
114,29,23
114,30,23
114,31,12
114,32,18
114,33,18
114,34,12
114,35,12
114,36,18
114,37,18
114,38,12
114,39,12
114,40,23
114,41,23
114,42,23
114,43,23
114,44,23
114,45,23
114,46,23
114,47,12
114,48,12
114,49,2
114,50,2
114,51,12
114,52,12
114,53,12
114,54,12
114,55,12
114,56,12
114,57,12
114,58,12
114,59,12
114,60,18
114,61,18
114,62,18
114,63,18
114,64,23
114,65,23
114,66,23
114,67,23
114,68,23
114,69,23
114,70,25
114,71,18
114,72,18
114,73,23
114,74,25
114,75,25
114,76,23
114,77,25
114,78,18
114,79,18
114,80,23
114,81,23
114,82,23
114,83,23
114,84,23
114,85,29
114,86,29
114,87,23
114,88,23
114,89,23
114,90,23
114,91,23
114,92,23
114,93,23
114,94,23
114,95,23
115,0,12
115,1,12
115,2,12
115,3,12
115,4,12
115,5,12
115,6,12
115,7,12
115,8,12
115,9,12
115,10,12
115,11,2
115,12,12
115,13,12
115,14,12
115,15,40
115,16,12
115,17,12
115,18,12
115,19,12
115,20,12
115,21,12
115,22,12
115,23,2
115,24,12
115,25,12
115,26,12
115,27,12
115,28,12
115,29,12
115,30,12
115,31,12
115,32,12
115,33,18
115,34,12
115,35,12
115,36,18
115,37,18
115,38,12
115,39,12
115,40,23
115,41,23
115,42,23
115,43,23
115,44,23
115,45,23
115,46,23
115,47,12
115,48,12
115,49,12
115,50,23
115,51,2
115,52,12
115,53,12
115,54,12
115,55,18
115,56,12
115,57,12
115,58,12
115,59,12
115,60,12
115,61,18
115,62,18
115,63,18
115,64,23
115,65,23
115,66,23
115,67,23
115,68,23
115,69,23
115,70,18
115,71,18
115,72,23
115,73,23
115,74,23
115,75,25
115,76,23
115,77,23
115,78,25
115,79,18
115,80,18
115,81,18
115,82,18
115,83,23
115,84,23
115,85,29
115,86,29
115,87,29
115,88,23
115,89,23
115,90,23
115,91,23
115,92,23
115,93,23
115,94,23
115,95,23
116,0,12
116,1,2
116,2,23
116,3,23
116,4,18
116,5,18
116,6,12
116,7,18
116,8,12
116,9,12
116,10,12
116,11,12
116,12,12
116,13,12
116,14,12
116,15,12
116,16,12
116,17,2
116,18,12
116,19,12
116,20,12
116,21,12
116,22,2
116,23,12
116,24,12
116,25,12
116,26,12
116,27,12
116,28,12
116,29,12
116,30,12
116,31,12
116,32,12
116,33,12
116,34,12
116,35,12
116,36,18
116,37,18
116,38,18
116,39,12
116,40,23
116,41,23
116,42,23
116,43,23
116,44,23
116,45,12
116,46,12
116,47,12
116,48,12
116,49,23
116,50,23
116,51,23
116,52,2
116,53,12
116,54,12
116,55,12
116,56,12
116,57,12
116,58,12
116,59,12
116,60,12
116,61,18
116,62,18
116,63,18
116,64,23
116,65,23
116,66,23
116,67,23
116,68,23
116,69,23
116,70,23
116,71,18
116,72,18
116,73,23
116,74,18
116,75,20
116,76,23
116,77,21
116,78,23
116,79,23
116,80,23
116,81,18
116,82,23
116,83,23
116,84,18
116,85,23
116,86,23
116,87,23
116,90,23
116,91,23
116,92,23
116,93,23
117,0,23
117,1,23
117,2,23
117,3,23
117,4,18
117,5,18
117,6,18
117,7,18
117,8,12
117,9,12
117,10,12
117,11,12
117,12,12
117,13,12
117,14,12
117,15,12
117,16,12
117,17,12
117,18,12
117,19,12
117,20,18
117,21,12
117,22,12
117,23,12
117,24,12
117,25,12
117,26,12
117,27,12
117,28,12
117,29,12
117,30,18
117,31,12
117,32,12
117,33,12
117,34,12
117,35,12
117,36,20
117,37,18
117,38,18
117,39,12
117,40,23
117,41,23
117,42,23
117,43,23
117,44,12
117,45,12
117,46,12
117,47,12
117,48,23
117,49,23
117,50,23
117,51,23
117,52,2
117,53,12
117,54,12
117,55,12
117,56,16
117,57,16
117,58,16
117,59,12
117,60,23
117,61,23
117,62,23
117,63,18
117,64,23
117,65,23
117,66,23
117,67,23
117,68,23
117,69,18
117,70,18
117,71,23
117,72,23
117,73,20
117,74,21
117,75,20
117,76,23
117,77,21
117,78,23
117,79,23
117,80,23
117,81,23
117,82,18
117,83,23
117,84,18
117,85,23
117,86,23
117,87,23
117,91,23
117,92,23
118,0,23
118,1,23
118,2,23
118,3,23
118,4,18
118,5,18
118,6,18
118,7,18
118,8,12
118,9,12
118,10,12
118,11,12
118,12,18
118,13,12
118,14,12
118,15,12
118,16,12
118,17,12
118,18,12
118,19,12
118,20,18
118,21,12
118,22,12
118,23,12
118,24,12
118,25,12
118,26,12
118,27,12
118,28,18
118,29,18
118,30,18
118,31,18
118,32,12
118,33,12
118,34,12
118,35,2
118,36,20
118,37,21
118,38,21
118,39,23
118,40,23
118,41,23
118,42,23
118,43,12
118,44,12
118,45,12
118,46,23
118,47,23
118,48,23
118,49,23
118,50,23
118,51,23
118,52,2
118,53,12
118,54,12
118,55,12
118,56,12
118,57,12
118,58,12
118,59,12
118,60,21
118,61,23
118,62,21
118,63,21
118,64,23
118,65,23
118,66,23
118,67,18
118,68,23
118,69,18
118,70,21
118,71,21
118,72,20
118,73,21
118,74,21
118,75,23
118,76,20
118,77,21
118,78,23
118,79,23
118,80,23
118,81,23
118,82,18
118,83,23
118,84,23
118,85,23
118,86,23
118,87,23
119,0,23
119,1,23
119,2,23
119,3,23
119,4,18
119,5,18
119,6,18
119,7,18
119,8,12
119,9,12
119,10,12
119,11,12
119,12,12
119,13,12
119,14,12
119,15,12
119,16,12
119,17,12
119,18,12
119,19,12
119,20,12
119,21,12
119,22,12
119,23,12
119,24,12
119,25,12
119,26,12
119,27,12
119,28,29
119,29,18
119,30,18
119,31,18
119,32,12
119,33,12
119,34,2
119,35,20
119,36,20
119,37,21
119,38,23
119,39,23
119,40,23
119,41,23
119,42,23
119,43,23
119,44,12
119,45,12
119,46,23
119,47,23
119,48,23
119,49,23
119,50,23
119,51,23
119,52,2
119,53,12
119,54,12
119,55,12
119,56,12
119,57,12
119,58,12
119,59,12
119,60,16
119,61,21
119,62,21
119,63,23
119,64,23
119,65,23
119,66,23
119,67,23
119,68,23
119,69,18
119,70,21
119,71,21
119,72,20
119,73,21
119,74,16
119,75,23
119,76,20
119,77,20
119,78,20
119,79,16
119,80,18
119,81,18
119,82,18
119,83,18
119,84,23
119,85,23
119,86,23
119,87,23
120,0,23
120,1,23
120,2,23
120,3,23
120,4,23
120,5,18
120,6,12
120,7,12
120,8,12
120,9,12
120,10,12
120,11,2
120,12,12
120,13,12
120,14,40
120,15,12
120,16,12
120,17,12
120,18,12
120,19,12
120,20,12
120,21,12
120,22,12
120,23,12
120,24,12
120,25,12
120,26,12
120,27,12
120,28,29
120,29,29
120,30,18
120,31,18
120,32,12
120,33,12
120,34,18
120,35,18
120,36,23
120,37,23
120,38,23
120,39,23
120,40,21
120,41,21
120,42,23
120,43,12
120,44,18
120,45,18
120,46,23
120,47,23
120,48,23
120,49,23
120,50,23
120,51,23
120,52,41
120,53,41
120,54,2
120,55,20
120,56,16
120,57,16
120,58,16
120,59,16
120,60,16
120,61,20
120,62,23
120,63,23
120,64,23
120,65,23
120,66,23
120,67,23
120,68,16
120,69,21
120,70,21
120,71,21
120,72,20
120,73,2
120,74,16
120,75,2
120,76,20
120,77,2
120,78,2
120,79,20
120,80,20
120,81,18
120,82,18
120,83,23
120,84,23
120,85,23
120,86,23
120,87,23
121,0,23
121,1,23
121,2,23
121,3,23
121,4,16
121,5,12
121,6,12
121,7,12
121,8,12
121,9,12
121,10,12
121,11,2
121,12,12
121,13,12
121,14,12
121,15,12
121,16,12
121,17,12
121,18,12
121,19,12
121,20,12
121,21,12
121,22,12
121,23,12
121,24,12
121,25,12
121,26,12
121,27,12
121,28,18
121,29,18
121,30,18
121,31,18
121,32,12
121,33,12
121,34,12
121,35,20
121,36,23
121,37,23
121,38,23
121,39,23
121,40,18
121,41,21
121,42,12
121,43,12
121,44,18
121,45,18
121,46,18
121,47,23
121,48,23
121,49,23
121,50,23
121,51,23
121,52,41
121,53,41
121,54,20
121,55,20
121,56,2
121,57,2
121,58,16
121,59,16
121,60,16
121,61,23
121,62,23
121,63,23
121,64,23
121,65,23
121,66,23
121,67,23
121,68,16
121,69,16
121,70,21
121,71,16
121,72,16
121,73,16
121,74,2
121,75,2
121,76,2
121,77,2
121,78,20
121,79,20
121,80,20
121,81,23
121,82,18
121,83,23
121,84,23
121,85,23
121,86,23
121,87,23
122,0,23
122,1,23
122,2,23
122,3,23
122,4,12
122,5,12
122,6,12
122,7,12
122,8,12
122,9,12
122,10,12
122,11,2
122,12,2
122,13,12
122,14,12
122,15,40
122,16,12
122,17,12
122,18,12
122,19,12
122,20,16
122,21,12
122,22,16
122,23,16
122,24,12
122,25,12
122,26,12
122,27,12
122,28,18
122,29,18
122,30,18
122,31,18
122,32,12
122,33,12
122,34,20
122,35,20
122,36,23
122,37,23
122,38,23
122,39,23
122,40,18
122,41,12
122,42,12
122,43,12
122,44,18
122,45,21
122,46,18
122,47,18
122,48,23
122,49,23
122,50,23
122,51,23
122,52,41
122,53,41
122,54,41
122,55,2
122,56,20
122,57,20
122,58,20
122,59,16
122,60,23
122,61,23
122,62,23
122,63,23
122,64,23
122,65,16
122,66,16
122,67,16
122,68,16
122,69,16
122,70,16
122,71,18
122,72,16
122,73,16
122,74,16
122,75,16
122,76,16
122,77,20
122,78,20
122,79,20
122,80,23
122,81,23
122,82,23
122,83,23
122,84,23
122,85,23
122,86,23
122,87,23
123,0,23
123,1,23
123,2,23
123,3,16
123,4,12
123,5,2
123,6,12
123,7,12
123,8,12
123,9,12
123,10,12
123,11,2
123,12,2
123,13,2
123,14,40
123,15,12
123,16,18
123,17,18
123,18,12
123,19,12
123,20,16
123,21,16
123,22,16
123,23,12
123,24,12
123,25,12
123,26,12
123,27,12
123,28,18
123,29,18
123,30,12
123,31,12
123,32,12
123,33,20
123,34,20
123,35,20
123,36,23
123,37,23
123,38,18
123,39,18
123,40,2
123,41,12
123,42,12
123,43,12
123,44,12
123,45,21
123,46,18
123,47,18
123,48,23
123,49,23
123,50,23
123,51,41
123,52,41
123,53,41
123,54,41
123,55,2
123,56,20
123,57,20
123,58,2
123,59,16
123,60,18
123,61,18
123,62,18
123,63,18
123,64,16
123,65,16
123,66,16
123,67,16
123,68,2
123,69,18
123,70,18
123,71,18
123,72,16
123,73,16
123,74,16
123,75,16
123,76,16
123,77,20
123,78,20
123,79,23
123,80,23
123,81,23
123,82,23
123,83,23
123,84,23
123,85,23
123,86,23
123,87,23
124,0,23
124,1,23
124,2,23
124,3,23
124,4,20
124,5,2
124,6,12
124,7,18
124,8,12
124,9,12
124,10,12
124,11,12
124,12,12
124,13,12
124,14,12
124,15,12
124,16,12
124,17,12
124,18,12
124,19,12
124,20,2
124,21,12
124,22,12
124,23,12
124,24,12
124,25,12
124,26,12
124,27,12
124,28,12
124,29,12
124,30,12
124,31,12
124,32,18
124,33,20
124,34,20
124,35,20
124,36,18
124,37,18
124,38,2
124,39,2
124,40,12
124,41,12
124,42,12
124,43,12
124,44,21
124,45,21
124,46,18
124,47,16
124,48,16
124,49,20
124,50,23
124,51,23
124,52,41
124,53,41
124,54,20
124,55,20
124,56,12
124,57,12
124,58,20
124,59,2
124,60,20
124,61,18
124,62,18
124,63,18
124,64,16
124,65,16
124,66,16
124,67,16
124,68,18
124,69,18
124,70,18
124,71,18
124,72,21
124,73,21
124,74,16
124,75,16
124,76,16
124,77,20
124,78,23
124,79,23
124,80,23
124,81,23
124,82,23
124,83,23
124,84,23
124,85,23
125,0,23
125,1,23
125,2,23
125,3,23
125,4,12
125,5,12
125,6,12
125,7,18
125,8,18
125,9,12
125,10,12
125,11,12
125,12,12
125,13,12
125,14,12
125,15,12
125,16,12
125,17,12
125,18,12
125,19,12
125,20,2
125,21,12
125,22,12
125,23,12
125,24,12
125,25,12
125,26,12
125,27,12
125,28,12
125,29,12
125,30,12
125,31,12
125,32,18
125,33,18
125,34,2
125,35,2
125,36,18
125,37,12
125,38,12
125,39,12
125,40,12
125,41,12
125,42,12
125,43,12
125,44,12
125,45,12
125,46,16
125,47,16
125,48,20
125,49,20
125,50,23
125,51,23
125,52,41
125,53,41
125,54,41
125,55,20
125,56,12
125,57,12
125,58,12
125,59,20
125,60,12
125,61,12
125,62,18
125,63,18
125,64,18
125,65,16
125,66,16
125,67,16
125,68,12
125,69,16
125,70,16
125,71,18
125,72,21
125,73,21
125,74,21
125,75,21
125,76,23
125,77,23
125,78,23
125,79,26
125,80,23
125,81,23
125,82,23
125,83,23
125,84,23
125,85,23
126,0,12
126,1,12
126,2,23
126,3,23
126,4,12
126,5,12
126,6,18
126,7,18
126,8,18
126,9,12
126,10,23
126,11,12
126,12,12
126,13,12
126,14,21
126,15,12
126,16,12
126,17,12
126,18,12
126,19,2
126,20,2
126,21,12
126,22,12
126,23,12
126,24,12
126,25,12
126,26,12
126,27,2
126,28,2
126,29,12
126,30,12
126,31,12
126,32,18
126,33,12
126,34,12
126,35,15
126,36,12
126,37,12
126,38,12
126,39,12
126,40,12
126,41,12
126,42,12
126,43,12
126,44,12
126,45,12
126,46,16
126,47,16
126,48,20
126,49,20
126,50,29
126,51,29
126,52,41
126,53,41
126,54,12
126,55,12
126,56,12
126,57,12
126,58,12
126,59,12
126,60,12
126,61,12
126,62,12
126,63,18
126,64,18
126,65,12
126,66,18
126,67,18
126,68,12
126,69,12
126,70,16
126,71,16
126,72,16
126,73,23
126,74,21
126,75,23
126,76,23
126,77,26
126,78,23
126,79,26
126,80,23
126,81,23
126,82,23
126,83,23
127,0,12
127,1,12
127,2,23
127,3,23
127,4,23
127,5,23
127,6,23
127,7,12
127,8,12
127,9,12
127,10,23
127,11,12
127,12,12
127,13,12
127,14,40
127,15,12
127,16,12
127,17,12
127,18,2
127,19,2
127,20,2
127,21,2
127,22,12
127,23,12
127,24,12
127,25,12
127,26,12
127,27,2
127,28,2
127,29,20
127,30,12
127,31,12
127,32,18
127,33,18
127,34,12
127,35,12
127,36,12
127,37,12
127,38,12
127,39,12
127,40,12
127,41,12
127,42,12
127,43,12
127,44,12
127,45,12
127,46,16
127,47,16
127,48,20
127,49,2
127,50,2
127,51,21
127,52,12
127,53,12
127,54,12
127,55,12
127,56,12
127,57,18
127,58,18
127,59,12
127,60,12
127,61,12
127,62,12
127,63,12
127,64,2
127,65,18
127,66,18
127,67,2
127,68,16
127,69,16
127,70,16
127,71,16
127,72,18
127,73,23
127,74,23
127,75,23
127,76,23
127,77,26
127,78,23
127,79,23
127,80,23
127,81,23
127,82,23
127,83,23
