x,y,clc
0,0,29
0,1,24
0,2,25
0,3,24
0,4,12
0,5,18
0,6,18
0,7,20
0,8,20
0,9,12
0,10,20
0,11,20
0,12,25
0,13,25
0,14,25
0,15,25
0,16,18
0,17,18
0,18,20
0,19,20
0,20,21
0,21,21
0,22,21
0,23,25
0,24,25
0,25,21
0,26,25
0,27,23
0,28,21
0,29,21
0,30,21
0,31,23
0,32,25
0,33,21
0,34,20
0,35,2
0,36,18
0,37,18
0,38,21
0,39,21
0,40,23
0,41,23
0,42,23
0,43,25
0,44,23
0,45,23
0,46,23
0,47,25
0,48,12
0,49,12
0,50,25
0,51,18
0,52,12
0,53,12
0,54,21
0,55,21
0,56,12
0,57,12
0,58,41
0,59,20
0,60,18
0,61,18
0,62,25
0,63,24
0,64,24
0,65,24
0,66,24
0,67,25
0,68,29
0,69,29
0,70,21
0,71,21
0,72,24
0,73,24
0,74,18
0,75,18
0,76,12
0,77,25
0,78,12
0,79,12
0,80,12
0,81,12
0,82,12
0,83,18
0,84,12
0,85,12
0,86,12
0,87,12
0,88,12
0,89,12
0,90,12
0,91,12
0,92,20
0,93,21
0,94,21
0,95,12
0,96,21
0,97,21
0,98,24
0,99,18
0,100,2
0,101,24
0,102,24
0,103,24
0,104,24
0,105,24
0,106,12
0,107,12
0,108,25
0,109,21
0,110,21
0,111,24
0,112,24
0,113,24
0,114,24
0,115,24
0,116,24
0,117,24
0,118,24
0,119,12
0,120,12
0,121,12
0,122,23
0,123,21
0,124,20
0,125,20
0,126,12
0,127,12
1,0,21
1,1,24
1,2,24
1,3,29
1,4,12
1,5,18
1,6,18
1,7,21
1,8,21
1,9,20
1,10,20
1,11,25
1,12,25
1,13,25
1,14,25
1,15,25
1,16,25
1,17,25
1,18,25
1,19,20
1,20,21
1,21,21
1,22,21
1,23,21
1,24,25
1,25,25
1,26,25
1,27,25
1,28,21
1,29,21
1,30,24
1,31,24
1,32,25
1,33,21
1,34,21
1,35,18
1,36,18
1,37,18
1,38,21
1,39,29
1,40,18
1,41,18
1,42,18
1,43,25
1,44,23
1,45,23
1,46,23
1,47,25
1,48,20
1,49,20
1,50,25
1,51,18
1,52,12
1,53,21
1,54,21
1,55,21
1,56,12
1,57,20
1,58,20
1,59,20
1,60,18
1,61,18
1,62,25
1,63,25
1,64,24
1,65,29
1,66,24
1,67,24
1,68,29
1,69,29
1,70,21
1,71,21
1,72,21
1,73,23
1,74,18
1,75,18
1,76,20
1,77,25
1,78,25
1,79,12
1,80,12
1,81,12
1,82,12
1,83,18
1,84,12
1,85,12
1,86,12
1,87,12
1,88,12
1,89,12
1,90,12
1,91,12
1,92,20
1,93,21
1,94,21
1,95,21
1,96,12
1,97,24
1,98,24
1,99,24
1,100,24
1,101,24
1,102,24
1,103,24
1,104,24
1,105,24
1,106,20
1,107,20
1,108,25
1,109,25
1,110,25
1,111,25
1,112,24
1,113,24
1,114,24
1,115,24
1,116,21
1,117,21
1,118,29
1,119,29
1,120,12
1,121,23
1,122,21
1,123,21
1,124,20
1,125,12
1,126,12
1,127,12
2,0,25
2,1,18
2,2,24
2,3,29
2,4,18
2,5,18
2,6,18
2,7,29
2,8,21
2,9,20
2,10,20
2,11,20
2,12,21
2,13,21
2,14,25
2,15,25
2,16,25
2,17,25
2,18,25
2,19,25
2,20,25
2,21,21
2,22,21
2,23,21
2,24,25
2,25,25
2,26,25
2,27,41
2,28,23
2,29,18
2,30,24
2,31,24
2,32,23
2,33,23
2,34,18
2,35,18
2,36,18
2,37,18
2,38,21
2,39,21
2,40,18
2,41,18
2,42,18
2,43,18
2,44,20
2,45,18
2,46,18
2,47,25
2,48,12
2,49,20
2,50,20
2,51,18
2,52,12
2,53,21
2,54,21
2,55,21
2,56,21
2,57,20
2,58,20
2,59,20
2,60,25
2,61,18
2,62,12
2,63,25
2,64,25
2,65,29
2,66,29
2,67,24
2,68,12
2,69,12
2,70,21
2,71,21
2,72,21
2,73,25
2,74,18
2,75,18
2,76,20
2,77,20
2,78,24
2,79,12
2,80,12
2,81,12
2,82,18
2,83,18
2,84,12
2,85,12
2,86,12
2,87,12
2,88,12
2,89,12
2,90,12
2,91,12
2,92,21
2,93,21
2,94,12
2,95,21
2,96,12
2,97,12
2,98,20
2,99,24
2,100,24
2,101,24
2,102,24
2,103,24
2,104,24
2,105,20
2,106,20
2,107,20
2,108,12
2,109,18
2,110,25
2,111,24
2,112,24
2,113,24
2,114,24
2,115,24
2,116,21
2,117,12
2,118,12
2,119,29
2,120,23
2,121,23
2,122,12
2,123,12
2,124,12
2,125,12
2,126,12
2,127,23
3,0,25
3,1,25
3,2,21
3,3,25
3,4,18
3,5,18
3,6,21
3,7,29
3,8,20
3,9,20
3,10,20
3,11,20
3,12,21
3,13,21
3,14,21
3,15,25
3,16,25
3,17,25
3,18,25
3,19,25
3,20,24
3,21,24
3,22,25
3,23,25
3,24,23
3,25,23
3,26,41
3,27,41
3,28,21
3,29,21
3,30,24
3,31,23
3,32,23
3,33,18
3,34,18
3,35,20
3,36,18
3,37,21
3,38,21
3,39,21
3,40,18
3,41,21
3,42,18
3,43,18
3,44,20
3,45,20
3,46,18
3,47,25
3,48,12
3,49,12
3,50,20
3,51,20
3,52,12
3,53,12
3,54,21
3,55,21
3,56,21
3,57,2
3,58,2
3,59,20
3,60,21
3,61,12
3,62,12
3,63,12
3,64,24
3,65,29
3,66,29
3,67,12
3,68,12
3,69,12
3,70,12
3,71,18
3,72,23
3,73,12
3,74,12
3,75,18
3,76,20
3,77,20
3,78,24
3,79,18
3,80,12
3,81,12
3,82,12
3,83,18
3,84,20
3,85,20
3,86,41
3,87,20
3,88,12
3,89,12
3,90,12
3,91,12
3,92,21
3,93,21
3,94,12
3,95,12
3,96,12
3,97,12
3,98,12
3,99,21
3,100,21
3,101,24
3,102,24
3,103,25
3,104,12
3,105,12
3,106,20
3,107,20
3,108,12
3,109,18
3,110,25
3,111,24
3,112,24
3,113,24
3,114,24
3,115,25
3,116,12
3,117,12
3,118,23
3,119,12
3,120,20
3,121,20
3,122,12
3,123,12
3,124,12
3,125,12
3,126,12
3,127,12
4,0,21
4,1,24
4,2,24
4,3,21
4,4,21
4,5,21
4,6,21
4,7,20
4,8,20
4,9,25
4,10,29
4,11,29
4,12,21
4,13,21
4,14,25
4,15,25
4,16,25
4,17,25
4,18,25
4,19,25
4,20,25
4,21,25
4,22,25
4,23,25
4,24,21
4,25,21
4,26,21
4,27,18
4,28,21
4,29,21
4,30,25
4,31,21
4,32,21
4,33,25
4,34,25
4,35,20
4,36,23
4,37,23
4,38,23
4,39,23
4,40,18
4,41,18
4,42,18
4,43,18
4,44,20
4,45,18
4,46,12
4,47,12
4,48,24
4,49,24
4,50,20
4,51,20
4,52,12
4,53,12
4,54,12
4,55,20
4,56,20
4,57,20
4,58,20
4,59,21
4,60,12
4,61,12
4,62,20
4,63,20
4,64,25
4,65,24
4,66,23
4,67,12
4,68,20
4,69,20
4,70,20
4,71,20
4,72,20
4,73,20
4,74,20
4,75,21
4,76,2
4,77,2
4,78,18
4,79,18
4,80,21
4,81,21
4,82,21
4,83,41
4,84,20
4,85,2
4,86,2
4,87,20
4,88,12
4,89,12
4,90,12
4,91,12
4,92,12
4,93,12
4,94,12
4,95,12
4,96,24
4,97,12
4,98,12
4,99,12
4,100,12
4,101,24
4,102,24
4,103,24
4,104,20
4,105,12
4,106,12
4,107,12
4,108,20
4,109,12
4,110,25
4,111,25
4,112,29
4,113,29
4,114,29
4,115,25
4,116,21
4,117,21
4,118,21
4,119,23
4,120,23
4,121,21
4,122,12
4,123,12
4,124,12
4,125,20
4,126,12
4,127,12
5,0,21
5,1,24
5,2,24
5,3,24
5,4,24
5,5,21
5,6,29
5,7,29
5,8,25
5,9,25
5,10,29
5,11,24
5,12,21
5,13,21
5,14,25
5,15,25
5,16,24
5,17,24
5,18,24
5,19,24
5,20,25
5,21,25
5,22,23
5,23,25
5,24,21
5,25,21
5,26,21
5,27,18
5,28,21
5,29,21
5,30,21
5,31,21
5,32,21
5,33,21
5,34,18
5,35,18
5,36,23
5,37,23
5,38,23
5,39,23
5,40,18
5,41,18
5,42,20
5,43,20
5,44,20
5,45,20
5,46,12
5,47,12
5,48,25
5,49,25
5,50,25
5,51,20
5,52,20
5,53,12
5,54,12
5,55,20
5,56,20
5,57,20
5,58,20
5,59,21
5,60,12
5,61,12
5,62,12
5,63,20
5,64,24
5,65,24
5,66,23
5,67,12
5,68,20
5,69,20
5,70,20
5,71,20
5,72,2
5,73,20
5,74,20
5,75,20
5,76,41
5,77,2
5,78,2
5,79,2
5,80,21
5,81,21
5,82,21
5,83,41
5,84,12
5,85,12
5,86,2
5,87,12
5,88,12
5,89,12
5,90,12
5,91,12
5,92,12
5,93,12
5,94,12
5,95,21
5,96,24
5,97,24
5,98,12
5,99,12
5,100,12
5,101,21
5,102,24
5,103,24
5,104,20
5,105,12
5,106,12
5,107,12
5,108,12
5,109,25
5,110,25
5,111,25
5,112,12
5,113,29
5,114,18
5,115,18
5,116,21
5,117,21
5,118,21
5,119,12
5,120,12
5,121,21
5,122,12
5,123,12
5,124,12
5,125,12
5,126,12
5,127,12
6,0,24
6,1,24
6,2,24
6,3,23
6,4,24
6,5,24
6,6,29
6,7,24
6,8,25
6,9,21
6,10,24
6,11,24
6,12,25
6,13,21
6,14,20
6,15,25
6,16,24
6,17,24
6,18,24
6,19,24
6,20,25
6,21,25
6,22,25
6,23,25
6,24,21
6,25,41
6,26,21
6,27,21
6,28,21
6,29,21
6,30,21
6,31,21
6,32,21
6,33,18
6,34,25
6,35,18
6,36,23
6,37,21
6,38,21
6,39,25
6,40,12
6,41,12
6,42,12
6,43,20
6,44,20
6,45,20
6,46,20
6,47,20
6,48,21
6,49,25
6,50,21
6,51,25
6,52,18
6,53,18
6,54,23
6,55,21
6,56,23
6,57,20
6,58,20
6,59,20
6,60,20
6,61,20
6,62,20
6,63,25
6,64,25
6,65,25
6,66,23
6,67,12
6,68,20
6,69,20
6,70,20
6,71,2
6,72,12
6,73,20
6,74,20
6,75,20
6,76,41
6,77,2
6,78,2
6,79,20
6,80,12
6,81,21
6,82,21
6,83,12
6,84,12
6,85,12
6,86,12
6,87,12
6,88,12
6,89,12
6,90,12
6,91,12
6,92,12
6,93,12
6,94,12
6,95,12
6,96,24
6,97,24
6,98,23
6,99,20
6,100,21
6,101,21
6,102,24
6,103,24
6,104,20
6,105,12
6,106,12
6,107,25
6,108,25
6,109,25
6,110,25
6,111,20
6,112,12
6,113,20
6,114,18
6,115,18
6,116,21
6,117,21
6,118,12
6,119,12
6,120,12
6,121,12
6,122,12
6,123,25
6,124,25
6,125,12
6,126,12
6,127,12
7,0,25
7,1,25
7,2,25
7,3,29
7,4,24
7,5,21
7,6,29
7,7,24
7,8,21
7,9,21
7,10,24
7,11,25
7,12,20
7,13,20
7,14,20
7,15,25
7,16,25
7,17,24
7,18,24
7,19,24
7,20,25
7,21,25
7,22,25
7,23,25
7,24,18
7,25,41
7,26,29
7,27,21
7,28,18
7,29,21
7,30,21
7,31,21
7,32,21
7,33,18
7,34,18
7,35,18
7,36,18
7,37,25
7,38,25
7,39,25
7,40,12
7,41,12
7,42,12
7,43,12
7,44,20
7,45,20
7,46,20
7,47,24
7,48,21
7,49,21
7,50,21
7,51,12
7,52,18
7,53,23
7,54,23
7,55,21
7,56,23
7,57,23
7,58,20
7,59,20
7,60,20
7,61,20
7,62,20
7,63,25
7,64,25
7,65,25
7,66,25
7,67,12
7,68,24
7,69,20
7,70,20
7,71,2
7,72,12
7,73,21
7,74,21
7,75,21
7,76,21
7,77,12
7,78,20
7,79,20
7,80,12
7,81,41
7,82,12
7,83,12
7,84,12
7,85,12
7,86,18
7,87,12
7,88,12
7,89,12
7,90,12
7,91,12
7,92,12
7,93,12
7,94,12
7,95,12
7,96,12
7,97,12
7,98,29
7,99,29
7,100,21
7,101,24
7,102,24
7,103,12
7,104,12
7,105,12
7,106,25
7,107,25
7,108,24
7,109,24
7,110,24
7,111,20
7,112,20
7,113,20
7,114,20
7,115,21
7,116,21
7,117,21
7,118,12
7,119,12
7,120,18
7,121,12
7,122,25
7,123,25
7,124,12
7,125,12
7,126,12
7,127,12
8,0,18
8,1,29
8,2,29
8,3,29
8,4,20
8,5,20
8,6,29
8,7,29
8,8,24
8,9,24
8,10,24
8,11,25
8,12,20
8,13,20
8,14,21
8,15,21
8,16,24
8,17,24
8,18,24
8,19,24
8,20,25
8,21,25
8,22,25
8,23,25
8,24,29
8,25,29
8,26,18
8,27,20
8,28,18
8,29,18
8,30,25
8,31,25
8,32,25
8,33,21
8,34,18
8,35,18
8,36,12
8,37,12
8,38,25
8,39,25
8,40,25
8,41,21
8,42,25
8,43,25
8,44,24
8,45,20
8,46,20
8,47,20
8,48,21
8,49,21
8,50,21
8,51,21
8,52,18
8,53,20
8,54,12
8,55,12
8,56,20
8,57,20
8,58,20
8,59,20
8,60,18
8,61,18
8,62,18
8,63,18
8,64,25
8,65,12
8,66,12
8,67,23
8,68,24
8,69,18
8,70,18
8,71,20
8,72,20
8,73,20
8,74,12
8,75,12
8,76,12
8,77,12
8,78,20
8,79,20
8,80,18
8,81,18
8,82,12
8,83,12
8,84,12
8,85,12
8,86,18
8,87,12
8,88,20
8,89,25
8,90,25
8,91,25
8,92,12
8,93,12
8,94,12
8,95,12
8,96,12
8,97,23
8,98,29
8,99,20
8,100,24
8,101,25
8,102,12
8,103,12
8,104,12
8,105,25
8,106,25
8,107,25
8,108,35
8,109,24
8,110,24
8,111,29
8,112,20
8,113,20
8,114,2
8,115,21
8,116,20
8,117,20
8,118,20
8,119,12
8,120,20
8,121,12
8,122,12
8,123,12
8,124,20
8,125,20
8,126,20
8,127,12
9,0,12
9,1,29
9,2,29
9,3,29
9,4,20
9,5,29
9,6,29
9,7,29
9,8,24
9,9,24
9,10,24
9,11,25
9,12,21
9,13,2
9,14,2
9,15,21
9,16,24
9,17,24
9,18,24
9,19,24
9,20,25
9,21,25
9,22,25
9,23,25
9,24,21
9,25,21
9,26,23
9,27,23
9,28,18
9,29,41
9,30,41
9,31,25
9,32,25
9,33,25
9,34,20
9,35,18
9,36,29
9,37,12
9,38,25
9,39,25
9,40,25
9,41,25
9,42,25
9,43,25
9,44,20
9,45,20
9,46,20
9,47,20
9,48,21
9,49,20
9,50,20
9,51,21
9,52,20
9,53,20
9,54,20
9,55,12
9,56,12
9,57,12
9,58,41
9,59,41
9,60,20
9,61,18
9,62,18
9,63,18
9,64,12
9,65,12
9,66,12
9,67,23
9,68,24
9,69,24
9,70,18
9,71,20
9,72,20
9,73,12
9,74,12
9,75,12
9,76,12
9,77,12
9,78,20
9,79,21
9,80,18
9,81,18
9,82,12
9,83,18
9,84,12
9,85,12
9,86,12
9,87,12
9,88,12
9,89,12
9,90,25
9,91,25
9,92,12
9,93,12
9,94,12
9,95,12
9,96,18
9,97,18
9,98,40
9,99,2
9,100,24
9,101,25
9,102,12
9,103,12
9,104,12
9,105,12
9,106,25
9,107,25
9,108,24
9,109,24
9,110,24
9,111,29
9,112,25
9,113,12
9,114,21
9,115,21
9,116,12
9,117,12
9,118,12
9,119,12
9,120,20
9,121,12
9,122,12
9,123,20
9,124,2
9,125,20
9,126,20
9,127,20
10,0,12
10,1,29
10,2,29
10,3,12
10,4,12
10,5,12
10,6,29
10,7,23
10,8,20
10,9,25
10,10,25
10,11,25
10,12,21
10,13,2
10,14,2
10,15,11
10,16,24
10,17,24
10,18,24
10,19,25
10,20,25
10,21,25
10,22,21
10,23,25
10,24,25
10,25,21
10,26,23
10,27,23
10,28,20
10,29,41
10,30,41
10,31,41
10,32,25
10,33,20
10,34,20
10,35,20
10,36,12
10,37,12
10,38,25
10,39,25
10,40,25
10,41,29
10,42,29
10,43,24
10,44,24
10,45,20
10,46,20
10,47,29
10,48,21
10,49,21
10,50,20
10,51,21
10,52,3
10,53,3
10,54,3
10,55,20
10,56,12
10,57,12
10,58,41
10,59,41
10,60,20
10,61,20
10,62,12
10,63,12
10,64,12
10,65,20
10,66,20
10,67,20
10,68,24
10,69,12
10,70,12
10,71,20
10,72,12
10,73,12
10,74,20
10,75,20
10,76,18
10,77,12
10,78,12
10,79,21
10,80,12
10,81,18
10,82,18
10,83,18
10,84,12
10,85,12
10,86,12
10,87,12
10,88,12
10,89,12
10,90,25
10,91,2
10,92,12
10,93,12
10,94,12
10,95,12
10,96,18
10,97,18
10,98,21
10,99,2
10,100,25
10,101,25
10,102,20
10,103,12
10,104,12
10,105,12
10,106,25
10,107,25
10,108,29
10,109,24
10,110,25
10,111,29
10,112,12
10,113,20
10,114,21
10,115,29
10,116,12
10,117,12
10,118,12
10,119,12
10,120,18
10,121,12
10,122,20
10,123,20
10,124,20
10,125,20
10,126,25
10,127,25
11,0,12
11,1,29
11,2,29
11,3,12
11,4,12
11,5,12
11,6,12
11,7,23
11,8,20
11,9,20
11,10,24
11,11,24
11,12,21
11,13,21
11,14,2
11,15,11
11,16,20
11,17,20
11,18,20
11,19,20
11,20,25
11,21,25
11,22,21
11,23,25
11,24,23
11,25,23
11,26,23
11,27,18
11,28,20
11,29,20
11,30,25
11,31,41
11,32,20
11,33,29
11,34,20
11,35,20
11,36,18
11,37,25
11,38,25
11,39,25
11,40,25
11,41,29
11,42,29
11,43,24
11,44,24
11,45,20
11,46,20
11,47,29
11,48,29
11,49,21
11,50,21
11,51,21
11,52,12
11,53,3
11,54,3
11,55,20
11,56,12
11,57,12
11,58,41
11,59,41
11,60,20
11,61,20
11,62,12
11,63,12
11,64,12
11,65,20
11,66,20
11,67,20
11,68,12
11,69,12
11,70,12
11,71,12
11,72,12
11,73,12
11,74,18
11,75,20
11,76,18
11,77,12
11,78,12
11,79,12
11,80,12
11,81,18
11,82,18
11,83,18
11,84,18
11,85,18
11,86,12
11,87,12
11,88,20
11,89,20
11,90,2
11,91,2
11,92,21
11,93,12
11,94,12
11,95,12
11,96,18
11,97,21
11,98,21
11,99,2
11,100,20
11,101,20
11,102,20
11,103,20
11,104,20
11,105,12
11,106,20
11,107,25
11,108,29
11,109,25
11,110,25
11,111,25
11,112,18
11,113,20
11,114,21
11,115,21
11,116,12
11,117,12
11,118,12
11,119,12
11,120,12
11,121,12
11,122,12
11,123,20
11,124,20
11,125,20
11,126,25
11,127,12
12,0,12
12,1,12
12,2,12
12,3,12
12,4,12
12,5,12
12,6,23
12,7,20
12,8,21
12,9,24
12,10,24
12,11,24
12,12,41
12,13,41
12,14,20
12,15,20
12,16,25
12,17,25
12,18,25
12,19,25
12,20,41
12,21,41
12,22,20
12,23,25
12,24,25
12,25,20
12,26,20
12,27,20
12,28,25
12,29,21
12,30,41
12,31,41
12,32,20
12,33,20
12,34,20
12,35,12
12,36,25
12,37,25
12,38,25
12,39,25
12,40,29
12,41,29
12,42,25
12,43,25
12,44,20
12,45,20
12,46,29
12,47,29
12,48,20
12,49,20
12,50,20
12,51,20
12,52,21
12,53,20
12,54,20
12,55,2
12,56,2
12,57,41
12,58,41
12,59,41
12,60,2
12,61,18
12,62,20
12,63,12
12,64,20
12,65,12
12,66,20
12,67,2
12,68,21
12,69,21
12,70,12
12,71,12
12,72,18
12,73,18
12,74,24
12,75,24
12,76,24
12,77,25
12,78,25
12,79,25
12,80,20
12,81,20
12,82,2
12,83,2
12,84,12
12,85,12
12,86,12
12,87,12
12,88,12
12,89,25
12,90,25
12,91,25
12,92,12
12,93,12
12,94,20
12,95,20
12,96,20
12,97,21
12,98,21
12,99,24
12,100,24
12,101,23
12,102,18
12,103,18
12,104,12
12,105,25
12,106,25
12,107,25
12,108,18
12,109,25
12,110,25
12,111,25
12,112,12
12,113,21
12,114,21
12,115,12
12,116,12
12,117,12
12,118,20
12,119,12
12,120,12
12,121,12
12,122,12
12,123,12
12,124,12
12,125,25
12,126,12
12,127,12
13,0,12
13,1,12
13,2,12
13,3,20
13,4,20
13,5,23
13,6,20
13,7,21
13,8,21
13,9,24
13,10,24
13,11,24
13,12,41
13,13,41
13,14,41
13,15,25
13,16,25
13,17,18
13,18,18
13,19,20
13,20,41
13,21,20
13,22,20
13,23,20
13,24,25
13,25,20
13,26,20
13,27,20
13,28,25
13,29,25
13,30,41
13,31,41
13,32,20
13,33,21
13,34,25
13,35,29
13,36,29
13,37,12
13,38,12
13,39,12
13,40,18
13,41,29
13,42,18
13,43,20
13,44,20
13,45,20
13,46,29
13,47,18
13,48,20
13,49,20
13,50,20
13,51,20
13,52,41
13,53,20
13,54,20
13,55,20
13,56,20
13,57,20
13,58,41
13,59,20
13,60,18
13,61,18
13,62,18
13,63,12
13,64,12
13,65,21
13,66,20
13,67,20
13,68,21
13,69,23
13,70,24
13,71,24
13,72,24
13,73,25
13,74,24
13,75,24
13,76,24
13,77,25
13,78,25
13,79,25
13,80,20
13,81,20
13,82,20
13,83,20
13,84,20
13,85,12
13,86,12
13,87,12
13,88,25
13,89,25
13,90,25
13,91,25
13,92,12
13,93,12
13,94,12
13,95,12
13,96,20
13,97,21
13,98,21
13,99,24
13,100,24
13,101,23
13,102,23
13,103,18
13,104,12
13,105,25
13,106,25
13,107,12
13,108,24
13,109,25
13,110,25
13,111,12
13,112,12
13,113,21
13,114,21
13,115,12
13,116,23
13,117,12
13,118,20
13,119,12
13,120,12
13,121,12
13,122,25
13,123,12
13,124,12
13,125,12
13,126,12
13,127,12
14,0,20
14,1,20
14,2,12
14,3,20
14,4,20
14,5,20
14,6,20
14,7,21
14,8,21
14,9,24
14,10,24
14,11,20
14,12,25
14,13,25
14,14,41
14,15,25
14,16,25
14,17,18
14,18,18
14,19,20
14,20,41
14,21,20
14,22,20
14,23,20
14,24,18
14,25,18
14,26,18
14,27,20
14,28,25
14,29,25
14,30,20
14,31,20
14,32,21
14,33,21
14,34,21
14,35,29
14,36,12
14,37,12
14,38,12
14,39,12
14,40,18
14,41,18
14,42,18
14,43,18
14,44,20
14,45,21
14,46,21
14,47,21
14,48,20
14,49,20
14,50,20
14,51,41
14,52,41
14,53,20
14,54,20
14,55,20
14,56,20
14,57,41
14,58,41
14,59,20
14,60,25
14,61,18
14,62,20
14,63,21
14,64,12
14,65,21
14,66,21
14,67,12
14,68,23
14,69,23
14,70,23
14,71,23
14,72,24
14,73,25
14,74,21
14,75,23
14,76,24
14,77,24
14,78,25
14,79,25
14,80,36
14,81,36
14,82,18
14,83,18
14,84,20
14,85,12
14,86,12
14,87,12
14,88,25
14,89,25
14,90,25
14,91,12
14,92,12
14,93,12
14,94,12
14,95,21
14,96,24
14,97,21
14,98,24
14,99,24
14,100,24
14,101,23
14,102,12
14,103,12
14,104,12
14,105,12
14,106,12
14,107,12
14,108,24
14,109,24
14,110,29
14,111,24
14,112,21
14,113,21
14,114,21
14,115,21
14,116,12
14,117,12
14,118,20
14,119,12
14,120,12
14,121,12
14,122,12
14,123,12
14,124,12
14,125,12
14,126,12
14,127,12
15,0,20
15,1,12
15,2,12
15,3,20
15,4,12
15,5,20
15,6,20
15,7,21
15,8,21
15,9,24
15,10,24
15,11,41
15,12,25
15,13,25
15,14,21
15,15,25
15,16,25
15,17,18
15,18,18
15,19,20
15,20,20
15,21,20
15,22,20
15,23,20
15,24,18
15,25,18
15,26,25
15,27,20
15,28,25
15,29,25
15,30,25
15,31,21
15,32,21
15,33,21
15,34,24
15,35,29
15,36,29
15,37,12
15,38,12
15,39,12
15,40,18
15,41,18
15,42,18
15,43,18
15,44,20
15,45,21
15,46,21
15,47,21
15,48,21
15,49,21
15,50,21
15,51,21
15,52,41
15,53,20
15,54,20
15,55,20
15,56,20
15,57,20
15,58,20
15,59,20
15,60,24
15,61,24
15,62,25
15,63,21
15,64,12
15,65,21
15,66,12
15,67,12
15,68,12
15,69,23
15,70,23
15,71,23
15,72,12
15,73,23
15,74,23
15,75,23
15,76,24
15,77,24
15,78,24
15,79,25
15,80,36
15,81,36
15,82,18
15,83,18
15,84,12
15,85,12
15,86,12
15,87,12
15,88,25
15,89,29
15,90,12
15,91,12
15,92,12
15,93,12
15,94,23
15,95,24
15,96,24
15,97,21
15,98,24
15,99,24
15,100,24
15,101,21
15,102,12
15,103,12
15,104,12
15,105,12
15,106,12
15,107,12
15,108,24
15,109,24
15,110,24
15,111,20
15,112,21
15,113,21
15,114,21
15,115,12
15,116,12
15,117,12
15,118,12
15,119,12
15,120,23
15,121,23
15,122,12
15,123,12
15,124,25
15,125,18
15,126,12
15,127,12
16,0,12
16,1,21
16,2,21
16,3,12
16,4,18
16,5,18
16,6,23
16,7,23
16,8,23
16,9,21
16,10,21
16,11,24
16,12,21
16,13,24
16,14,24
16,15,25
16,16,20
16,17,20
16,18,20
16,19,41
16,20,20
16,21,20
16,22,20
16,23,20
16,24,18
16,25,18
16,26,20
16,27,25
16,28,25
16,29,25
16,30,25
16,31,25
16,32,21
16,33,25
16,34,25
16,35,24
16,36,29
16,37,25
16,38,25
16,39,21
16,40,18
16,41,29
16,42,24
16,43,24
16,44,29
16,45,29
16,46,24
16,47,24
16,48,24
16,49,24
16,50,24
16,51,24
16,52,41
16,53,41
16,54,41
16,55,20
16,56,20
16,57,20
16,58,20
16,59,3
16,60,4
16,61,25
16,62,20
16,63,20
16,64,12
16,65,20
16,66,20
16,67,20
16,68,20
16,69,12
16,70,21
16,71,21
16,72,12
16,73,12
16,74,12
16,75,12
16,76,12
16,77,18
16,78,12
16,79,12
16,80,23
16,81,23
16,82,18
16,83,18
16,84,12
16,85,12
16,86,21
16,87,12
16,88,12
16,89,21
16,90,21
16,91,12
16,92,12
16,93,12
16,94,23
16,95,29
16,96,24
16,97,18
16,98,18
16,99,21
16,100,25
16,101,25
16,102,25
16,103,25
16,104,25
16,105,12
16,106,12
16,107,12
16,108,12
16,109,12
16,110,12
16,111,12
16,112,12
16,113,12
16,114,12
16,115,12
16,116,12
16,117,12
16,118,12
16,119,12
16,120,12
16,121,12
16,122,23
16,123,23
16,124,18
16,125,21
16,126,21
16,127,20
17,0,12
17,1,21
17,2,21
17,3,21
17,4,18
17,5,18
17,6,18
17,7,23
17,8,23
17,9,21
17,10,21
17,11,20
17,12,21
17,13,24
17,14,21
17,15,21
17,16,21
17,17,20
17,18,20
17,19,25
17,20,25
17,21,25
17,22,25
17,23,20
17,24,18
17,25,18
17,26,20
17,27,25
17,28,25
17,29,25
17,30,25
17,31,25
17,32,21
17,33,25
17,34,25
17,35,25
17,36,25
17,37,25
17,38,25
17,39,21
17,40,29
17,41,29
17,42,29
17,43,24
17,44,29
17,45,24
17,46,24
17,47,24
17,48,24
17,49,24
17,50,24
17,51,20
17,52,41
17,53,41
17,54,41
17,55,41
17,56,20
17,57,3
17,58,3
17,59,3
17,60,29
17,61,2
17,62,2
17,63,2
17,64,12
17,65,20
17,66,20
17,67,20
17,68,20
17,69,20
17,70,12
17,71,23
17,72,23
17,73,12
17,74,12
17,75,12
17,76,24
17,77,24
17,78,25
17,79,12
17,80,23
17,81,21
17,82,20
17,83,20
17,84,20
17,85,12
17,86,21
17,87,12
17,88,21
17,89,21
17,90,18
17,91,18
17,92,12
17,93,20
17,94,23
17,95,29
17,96,18
17,97,18
17,98,24
17,99,21
17,100,21
17,101,12
17,102,12
17,103,25
17,104,20
17,105,12
17,106,12
17,107,12
17,108,23
17,109,12
17,110,12
17,111,23
17,112,12
17,113,12
17,114,12
17,115,12
17,116,12
17,117,12
17,118,12
17,119,12
17,120,12
17,121,12
17,122,12
17,123,18
17,124,18
17,125,21
17,126,21
17,127,20
18,0,18
18,1,21
18,2,20
18,3,20
18,4,20
18,5,20
18,6,18
18,7,18
18,8,41
18,9,25
18,10,25
18,11,20
18,12,41
18,13,20
18,14,21
18,15,21
18,16,21
18,17,25
18,18,25
18,19,25
18,20,25
18,21,25
18,22,25
18,23,25
18,24,18
18,25,18
18,26,20
18,27,20
18,28,25
18,29,25
18,30,25
18,31,25
18,32,29
18,33,25
18,34,25
18,35,25
18,36,20
18,37,25
18,38,18
18,39,18
18,40,29
18,41,29
18,42,24
18,43,24
18,44,24
18,45,24
18,46,24
18,47,25
18,48,20
18,49,20
18,50,18
18,51,18
18,52,41
18,53,41
18,54,41
18,55,29
18,56,20
18,57,20
18,58,20
18,59,41
18,60,41
18,61,2
18,62,2
18,63,2
18,64,12
18,65,20
18,66,20
18,67,12
18,68,18
18,69,18
18,70,12
18,71,23
18,72,23
18,73,23
18,74,12
18,75,12
18,76,25
18,77,25
18,78,25
18,79,25
18,80,21
18,81,21
18,82,2
18,83,2
18,84,20
18,85,12
18,86,12
18,87,12
18,88,21
18,89,21
18,90,18
18,91,18
18,92,20
18,93,20
18,94,25
18,95,21
18,96,18
18,97,18
18,98,21
18,99,21
18,100,21
18,101,21
18,102,12
18,103,12
18,104,23
18,105,23
18,106,23
18,107,23
18,108,29
18,109,12
18,110,12
18,111,23
18,112,12
18,113,12
18,114,23
18,115,23
18,116,12
18,117,23
18,118,12
18,119,12
18,120,12
18,121,12
18,122,12
18,123,18
18,124,18
18,125,21
18,126,21
18,127,20
19,0,18
19,1,20
19,2,20
19,3,20
19,4,20
19,5,20
19,6,20
19,7,41
19,8,41
19,9,25
19,10,25
19,11,21
19,12,41
19,13,20
19,14,25
19,15,25
19,16,20
19,17,25
19,18,25
19,19,25
19,20,25
19,21,18
19,22,18
19,23,18
19,24,29
19,25,20
19,26,20
19,27,29
19,28,25
19,29,25
19,30,21
19,31,29
19,32,29
19,33,20
19,34,12
19,35,12
19,36,12
19,37,21
19,38,18
19,39,18
19,40,18
19,41,29
19,42,24
19,43,24
19,44,24
19,45,12
19,46,12
19,47,18
19,48,18
19,49,18
19,50,18
19,51,18
19,52,20
19,53,41
19,54,41
19,55,41
19,56,41
19,57,41
19,58,41
19,59,41
19,60,41
19,61,41
19,62,2
19,63,2
19,64,18
19,65,20
19,66,20
19,67,12
19,68,20
19,69,20
19,70,12
19,71,23
19,72,23
19,73,23
19,74,12
19,75,12
19,76,25
19,77,25
19,78,25
19,79,25
19,80,2
19,81,2
19,82,2
19,83,2
19,84,20
19,85,12
19,86,12
19,87,12
19,88,20
19,89,20
19,90,18
19,91,18
19,92,20
19,93,20
19,94,25
19,95,21
19,96,40
19,97,24
19,98,21
19,99,2
19,100,25
19,101,21
19,102,12
19,103,12
19,104,23
19,105,23
19,106,23
19,107,29
19,108,18
19,109,12
19,110,18
19,111,21
19,112,12
19,113,12
19,114,23
19,115,23
19,116,23
19,117,23
19,118,12
19,119,12
19,120,12
19,121,12
19,122,12
19,123,12
19,124,23
19,125,12
19,126,12
19,127,12
20,0,25
20,1,12
20,2,12
20,3,12
20,4,20
20,5,20
20,6,20
20,7,21
20,8,21
20,9,21
20,10,25
20,11,25
20,12,25
20,13,25
20,14,25
20,15,25
20,16,25
20,17,20
20,18,20
20,19,20
20,20,25
20,21,25
20,22,18
20,23,23
20,24,18
20,25,20
20,26,21
20,27,21
20,28,23
20,29,25
20,30,25
20,31,25
20,32,20
20,33,20
20,34,20
20,35,20
20,36,21
20,37,21
20,38,21
20,39,21
20,40,21
20,41,21
20,42,29
20,43,29
20,44,21
20,45,29
20,46,29
20,47,12
20,48,12
20,49,21
20,50,21
20,51,21
20,52,41
20,53,41
20,54,41
20,55,41
20,56,41
20,57,41
20,58,41
20,59,41
20,60,41
20,61,25
20,62,25
20,63,2
20,64,18
20,65,18
20,66,25
20,67,12
20,68,12
20,69,12
20,70,12
20,71,20
20,72,18
20,73,18
20,74,18
20,75,18
20,76,25
20,77,25
20,78,23
20,79,23
20,80,18
20,81,12
20,82,12
20,83,21
20,84,21
20,85,21
20,86,21
20,87,21
20,88,23
20,89,20
20,90,20
20,91,20
20,92,20
20,93,21
20,94,21
20,95,21
20,96,23
20,97,24
20,98,20
20,99,20
20,100,25
20,101,25
20,102,12
20,103,12
20,104,12
20,105,12
20,106,23
20,107,23
20,108,23
20,109,23
20,110,21
20,111,21
20,112,23
20,113,23
20,114,12
20,115,23
20,116,23
20,117,23
20,118,23
20,119,12
20,120,23
20,121,12
20,122,12
20,123,12
20,124,20
20,125,12
20,126,12
20,127,12
21,0,18
21,1,12
21,2,12
21,3,21
21,4,12
21,5,20
21,6,25
21,7,25
21,8,21
21,9,25
21,10,25
21,11,25
21,12,25
21,13,29
21,14,29
21,15,25
21,16,23
21,17,20
21,18,20
21,19,25
21,20,25
21,21,25
21,22,23
21,23,23
21,24,18
21,25,20
21,26,20
21,27,21
21,28,23
21,29,25
21,30,25
21,31,25
21,32,25
21,33,23
21,34,20
21,35,20
21,36,12
21,37,12
21,38,21
21,39,21
21,40,21
21,41,21
21,42,21
21,43,35
21,44,35
21,45,41
21,46,41
21,47,2
21,48,2
21,49,29
21,50,21
21,51,29
21,52,41
21,53,41
21,54,41
21,55,41
21,56,41
21,57,41
21,58,41
21,59,41
21,60,41
21,61,25
21,62,25
21,63,2
21,64,18
21,65,18
21,66,25
21,67,18
21,68,12
21,69,12
21,70,12
21,71,12
21,72,12
21,73,18
21,74,20
21,75,20
21,76,23
21,77,23
21,78,23
21,79,23
21,80,18
21,81,12
21,82,12
21,83,12
21,84,21
21,85,21
21,86,21
21,87,23
21,88,21
21,89,21
21,90,21
21,91,21
21,92,20
21,93,21
21,94,24
21,95,24
21,96,23
21,97,23
21,98,20
21,99,20
21,100,25
21,101,21
21,102,12
21,103,12
21,104,12
21,105,12
21,106,12
21,107,24
21,108,23
21,109,18
21,110,21
21,111,21
21,112,20
21,113,23
21,114,23
21,115,29
21,116,23
21,117,41
21,118,29
21,119,29
21,120,29
21,121,41
21,122,20
21,123,20
21,124,20
21,125,12
21,126,12
21,127,12
22,0,18
22,1,21
22,2,12
22,3,12
22,4,12
22,5,25
22,6,25
22,7,25
22,8,21
22,9,25
22,10,25
22,11,29
22,12,25
22,13,29
22,14,29
22,15,25
22,16,23
22,17,20
22,18,20
22,19,25
22,20,25
22,21,25
22,22,18
22,23,23
22,24,20
22,25,20
22,26,41
22,27,21
22,28,25
22,29,25
22,30,25
22,31,25
22,32,20
22,33,20
22,34,20
22,35,18
22,36,21
22,37,21
22,38,21
22,39,21
22,40,20
22,41,21
22,42,21
22,43,20
22,44,20
22,45,41
22,46,41
22,47,41
22,48,21
22,49,41
22,50,41
22,51,41
22,52,41
22,53,41
22,54,41
22,55,41
22,56,41
22,57,41
22,58,41
22,59,41
22,60,25
22,61,25
22,62,2
22,63,2
22,64,2
22,65,20
22,66,20
22,67,18
22,68,18
22,69,25
22,70,25
22,71,12
22,72,20
22,73,20
22,74,20
22,75,20
22,76,23
22,77,23
22,78,25
22,79,25
22,80,18
22,81,25
22,82,18
22,83,18
22,84,12
22,85,12
22,86,12
22,87,12
22,88,21
22,89,21
22,90,21
22,91,21
22,92,20
22,93,20
22,94,24
22,95,24
22,96,23
22,97,23
22,98,25
22,99,20
22,100,21
22,101,21
22,102,21
22,103,12
22,104,12
22,105,12
22,106,24
22,107,24
22,108,18
22,109,18
22,110,20
22,111,20
22,112,20
22,113,20
22,114,29
22,115,29
22,116,23
22,117,41
22,118,41
22,119,29
22,120,20
22,121,41
22,122,41
22,123,20
22,124,18
22,125,12
22,126,12
22,127,12
23,0,21
23,1,21
23,2,12
23,3,12
23,4,12
23,5,25
23,6,25
23,7,25
23,8,25
23,9,25
23,10,20
23,11,20
23,12,25
23,13,29
23,14,18
23,15,12
23,16,23
23,17,23
23,18,21
23,19,25
23,20,25
23,21,25
23,22,18
23,23,18
23,24,20
23,25,20
23,26,41
23,27,21
23,28,25
23,29,25
23,30,25
23,31,25
23,32,20
23,33,20
23,34,18
23,35,18
23,36,2
23,37,21
23,38,18
23,39,20
23,40,20
23,41,21
23,42,41
23,43,41
23,44,20
23,45,20
23,46,20
23,47,20
23,48,41
23,49,41
23,50,41
23,51,41
23,52,18
23,53,24
23,54,41
23,55,41
23,56,41
23,57,41
23,58,41
23,59,41
23,60,21
23,61,25
23,62,2
23,63,2
23,64,18
23,65,20
23,66,20
23,67,18
23,68,18
23,69,25
23,70,25
23,71,12
23,72,12
23,73,20
23,74,20
23,75,20
23,76,23
23,77,24
23,78,25
23,79,25
23,80,25
23,81,25
23,82,18
23,83,18
23,84,12
23,85,12
23,86,12
23,87,12
23,88,21
23,89,21
23,90,21
23,91,21
23,92,18
23,93,24
23,94,24
23,95,24
23,96,23
23,97,20
23,98,20
23,99,25
23,100,20
23,101,21
23,102,21
23,103,18
23,104,20
23,105,23
23,106,23
23,107,25
23,108,18
23,109,18
23,110,18
23,111,20
23,112,20
23,113,21
23,114,21
23,115,29
23,116,23
23,117,23
23,118,20
23,119,20
23,120,20
23,121,20
23,122,20
23,123,12
23,124,12
23,125,12
23,126,12
23,127,12
24,0,21
24,1,12
24,2,12
24,3,12
24,4,12
24,5,12
24,6,29
24,7,29
24,8,25
24,9,25
24,10,25
24,11,35
24,12,24
24,13,29
24,14,25
24,15,12
24,16,23
24,17,21
24,18,21
24,19,21
24,20,29
24,21,18
24,22,20
24,23,20
24,24,25
24,25,25
24,26,23
24,27,41
24,28,18
24,29,18
24,30,25
24,31,25
24,32,25
24,33,18
24,34,12
24,35,21
24,36,18
24,37,18
24,38,24
24,39,24
24,40,25
24,41,12
24,42,23
24,43,23
24,44,20
24,45,20
24,46,20
24,47,18
24,48,41
24,49,41
24,50,41
24,51,41
24,52,25
24,53,25
24,54,24
24,55,25
24,56,20
24,57,20
24,58,24
24,59,24
24,60,21
24,61,21
24,62,21
24,63,2
24,64,18
24,65,18
24,66,20
24,67,20
24,68,23
24,69,23
24,70,23
24,71,25
24,72,25
24,73,18
24,74,20
24,75,20
24,76,24
24,77,24
24,78,24
24,79,24
24,80,24
24,81,24
24,82,24
24,83,24
24,84,12
24,85,20
24,86,20
24,87,12
24,88,12
24,89,12
24,90,25
24,91,25
24,92,12
24,93,12
24,94,23
24,95,23
24,96,24
24,97,12
24,98,12
24,99,12
24,100,25
24,101,20
24,102,21
24,103,21
24,104,18
24,105,18
24,106,25
24,107,25
24,108,21
24,109,12
24,110,12
24,111,12
24,112,20
24,113,20
24,114,20
24,115,20
24,116,12
24,117,12
24,118,12
24,119,21
24,120,12
24,121,12
24,122,12
24,123,12
24,124,12
24,125,12
24,126,12
24,127,12
25,0,25
25,1,12
25,2,12
25,3,12
25,4,12
25,5,29
25,6,29
25,7,25
25,8,25
25,9,35
25,10,18
25,11,18
25,12,29
25,13,25
25,14,25
25,15,24
25,16,21
25,17,21
25,18,20
25,19,20
25,20,18
25,21,20
25,22,20
25,23,20
25,24,2
25,25,2
25,26,23
25,27,23
25,28,18
25,29,18
25,30,24
25,31,24
25,32,25
25,33,12
25,34,41
25,35,41
25,36,18
25,37,24
25,38,24
25,39,24
25,40,12
25,41,12
25,42,12
25,43,12
25,44,20
25,45,20
25,46,20
25,47,20
25,48,18
25,49,41
25,50,41
25,51,21
25,52,25
25,53,24
25,54,24
25,55,25
25,56,20
25,57,24
25,58,24
25,59,24
25,60,21
25,61,21
25,62,21
25,63,2
25,64,20
25,65,20
25,66,20
25,67,23
25,68,23
25,69,23
25,70,12
25,71,12
25,72,25
25,73,18
25,74,18
25,75,20
25,76,24
25,77,24
25,78,24
25,79,24
25,80,24
25,81,29
25,82,24
25,83,24
25,84,12
25,85,12
25,86,12
25,87,12
25,88,12
25,89,20
25,90,20
25,91,24
25,92,24
25,93,24
25,94,23
25,95,23
25,96,24
25,97,24
25,98,12
25,99,29
25,100,25
25,101,25
25,102,20
25,103,20
25,104,18
25,105,18
25,106,25
25,107,25
25,108,21
25,109,12
25,110,12
25,111,12
25,112,21
25,113,12
25,114,12
25,115,12
25,116,12
25,117,12
25,118,12
25,119,12
25,120,12
25,121,12
25,122,12
25,123,12
25,124,12
25,125,12
25,126,12
25,127,20
26,0,25
26,1,29
26,2,29
26,3,12
26,4,29
26,5,29
26,6,29
26,7,21
26,8,20
26,9,35
26,10,18
26,11,35
26,12,25
26,13,24
26,14,24
26,15,41
26,16,25
26,17,21
26,18,21
26,19,20
26,20,18
26,21,18
26,22,20
26,23,20
26,24,2
26,25,2
26,26,23
26,27,23
26,28,24
26,29,24
26,30,25
26,31,25
26,32,35
26,33,12
26,34,41
26,35,21
26,36,21
26,37,24
26,38,24
26,39,24
26,40,12
26,41,12
26,42,12
26,43,12
26,44,12
26,45,20
26,46,20
26,47,20
26,48,20
26,49,21
26,50,21
26,51,20
26,52,25
26,53,20
26,54,20
26,55,18
26,56,24
26,57,21
26,58,2
26,59,21
26,60,20
26,61,20
26,62,20
26,63,20
26,64,20
26,65,20
26,66,20
26,67,25
26,68,23
26,69,18
26,70,12
26,71,12
26,72,25
26,73,24
26,74,24
26,75,25
26,76,24
26,77,24
26,78,24
26,79,24
26,80,24
26,81,24
26,82,24
26,83,24
26,84,24
26,85,12
26,86,12
26,87,12
26,88,12
26,89,20
26,90,20
26,91,24
26,92,24
26,93,24
26,94,24
26,95,24
26,96,25
26,97,24
26,98,20
26,99,12
26,100,25
26,101,25
26,102,20
26,103,20
26,104,18
26,105,12
26,106,25
26,107,25
26,108,12
26,109,12
26,110,12
26,111,12
26,112,12
26,113,12
26,114,12
26,115,12
26,116,12
26,117,12
26,118,23
26,119,23
26,120,12
26,121,12
26,122,12
26,123,12
26,124,25
26,125,20
26,126,20
26,127,20
27,0,25
27,1,25
27,2,25
27,3,25
27,4,29
27,5,21
27,6,21
27,7,21
27,8,21
27,9,18
27,10,12
27,11,12
27,12,24
27,13,24
27,14,25
27,15,25
27,16,25
27,17,25
27,18,21
27,19,12
27,20,25
27,21,25
27,22,21
27,23,21
27,24,12
27,25,12
27,26,12
27,27,25
27,28,24
27,29,25
27,30,25
27,31,25
27,32,35
27,33,41
27,34,41
27,35,21
27,36,21
27,37,24
27,38,24
27,39,20
27,40,18
27,41,12
27,42,12
27,43,12
27,44,12
27,45,20
27,46,20
27,47,20
27,48,21
27,49,21
27,50,21
27,51,20
27,52,18
27,53,20
27,54,18
27,55,18
27,56,25
27,57,21
27,58,21
27,59,18
27,60,21
27,61,20
27,62,20
27,63,21
27,64,12
27,65,20
27,66,25
27,67,25
27,68,24
27,69,18
27,70,18
27,71,12
27,72,25
27,73,25
27,74,24
27,75,25
27,76,24
27,77,24
27,78,24
27,79,24
27,80,24
27,81,24
27,82,24
27,83,24
27,84,24
27,85,24
27,86,12
27,87,12
27,88,20
27,89,20
27,90,24
27,91,24
27,92,29
27,93,21
27,94,24
27,95,24
27,96,25
27,97,20
27,98,20
27,99,12
27,100,25
27,101,25
27,102,21
27,103,21
27,104,12
27,105,12
27,106,12
27,107,25
27,108,12
27,109,12
27,110,12
27,111,21
27,112,12
27,113,12
27,114,12
27,115,12
27,116,12
27,117,12
27,118,12
27,119,23
27,120,23
27,121,12
27,122,12
27,123,12
27,124,25
27,125,25
27,126,20
27,127,20
28,0,25
28,1,25
28,2,24
28,3,21
28,4,25
28,5,25
28,6,41
28,7,21
28,8,20
28,9,20
28,10,20
28,11,21
28,12,18
28,13,24
28,14,24
28,15,24
28,16,41
28,17,41
28,18,25
28,19,25
28,20,21
28,21,21
28,22,25
28,23,25
28,24,20
28,25,21
28,26,21
28,27,20
28,28,20
28,29,21
28,30,25
28,31,20
28,32,23
28,33,23
28,34,20
28,35,29
28,36,25
28,37,25
28,38,25
28,39,25
28,40,20
28,41,21
28,42,12
28,43,12
28,44,20
28,45,20
28,46,20
28,47,20
28,48,20
28,49,21
28,50,21
28,51,12
28,52,18
28,53,29
28,54,18
28,55,18
28,56,25
28,57,25
28,58,25
28,59,21
28,60,21
28,61,21
28,62,18
28,63,12
28,64,18
28,65,20
28,66,12
28,67,25
28,68,24
28,69,24
28,70,24
28,71,24
28,72,12
28,73,25
28,74,25
28,75,24
28,76,24
28,77,24
28,78,24
28,79,24
28,80,24
28,81,24
28,82,24
28,83,24
28,84,24
28,85,25
28,86,25
28,87,25
28,88,25
28,89,21
28,90,24
28,91,29
28,92,25
28,93,20
28,94,24
28,95,24
28,96,12
28,97,12
28,98,12
28,99,12
28,100,20
28,101,20
28,102,21
28,103,20
28,104,12
28,105,12
28,106,12
28,107,12
28,108,12
28,109,23
28,110,23
28,111,23
28,112,21
28,113,12
28,114,12
28,115,12
28,116,12
28,117,12
28,118,12
28,119,12
28,120,12
28,121,12
28,122,12
28,123,12
28,124,12
28,125,25
28,126,20
28,127,20
29,0,25
29,1,25
29,2,25
29,3,25
29,4,25
29,5,41
29,6,24
29,7,25
29,8,12
29,9,12
29,10,20
29,11,18
29,12,18
29,13,18
29,14,24
29,15,24
29,16,24
29,17,24
29,18,25
29,19,24
29,20,21
29,21,12
29,22,25
29,23,25
29,24,25
29,25,21
29,26,20
29,27,20
29,28,20
29,29,21
29,30,20
29,31,20
29,32,20
29,33,20
29,34,20
29,35,29
29,36,25
29,37,25
29,38,21
29,39,21
29,40,21
29,41,21
29,42,21
29,43,12
29,44,12
29,45,21
29,46,20
29,47,20
29,48,20
29,49,21
29,50,12
29,51,12
29,52,12
29,53,18
29,54,18
29,55,18
29,56,20
29,57,25
29,58,20
29,59,21
29,60,21
29,61,18
29,62,18
29,63,12
29,64,12
29,65,12
29,66,12
29,67,25
29,68,24
29,69,24
29,70,24
29,71,24
29,72,12
29,73,25
29,74,24
29,75,29
29,76,24
29,77,24
29,78,24
29,79,24
29,80,24
29,81,24
29,82,24
29,83,24
29,84,24
29,85,24
29,86,25
29,87,25
29,88,29
29,89,24
29,90,24
29,91,29
29,92,21
29,93,20
29,94,24
29,95,24
29,96,25
29,97,12
29,98,12
29,99,12
29,100,20
29,101,20
29,102,20
29,103,20
29,104,12
29,105,12
29,106,12
29,107,12
29,108,12
29,109,12
29,110,23
29,111,23
29,112,21
29,113,21
29,114,12
29,115,12
29,116,12
29,117,12
29,118,12
29,119,29
29,120,12
29,121,12
29,122,12
29,123,21
29,124,21
29,125,21
29,126,20
29,127,20
30,0,12
30,1,25
30,2,25
30,3,25
30,4,41
30,5,20
30,6,24
30,7,25
30,8,12
30,9,12
30,10,12
30,11,20
30,12,20
30,13,25
30,14,24
30,15,24
30,16,24
30,17,24
30,18,24
30,19,24
30,20,25
30,21,25
30,22,25
30,23,25
30,24,25
30,25,29
30,26,20
30,27,20
30,28,20
30,29,20
30,30,21
30,31,20
30,32,20
30,33,20
30,34,24
30,35,24
30,36,24
30,37,24
30,38,24
30,39,21
30,40,21
30,41,21
30,42,21
30,43,12
30,44,12
30,45,21
30,46,20
30,47,20
30,48,20
30,49,18
30,50,18
30,51,12
30,52,21
30,53,21
30,54,21
30,55,21
30,56,20
30,57,20
30,58,20
30,59,21
30,60,12
30,61,12
30,62,18
30,63,12
30,64,12
30,65,12
30,66,12
30,67,25
30,68,24
30,69,24
30,70,24
30,71,24
30,72,12
30,73,25
30,74,24
30,75,24
30,76,24
30,77,24
30,78,24
30,79,24
30,80,24
30,81,24
30,82,24
30,83,24
30,84,29
30,85,24
30,86,24
30,87,24
30,88,29
30,89,29
30,90,24
30,91,24
30,92,24
30,93,24
30,94,24
30,95,25
30,96,25
30,97,25
30,98,25
30,99,25
30,100,20
30,101,20
30,102,20
30,103,20
30,104,12
30,105,12
30,106,25
30,107,25
30,108,12
30,109,23
30,110,23
30,111,23
30,112,12
30,113,21
30,114,21
30,115,21
30,116,12
30,117,23
30,118,23
30,119,12
30,120,20
30,121,12
30,122,21
30,123,21
30,124,21
30,125,21
30,126,20
30,127,20
31,0,12
31,1,20
31,2,41
31,3,41
31,4,41
31,5,20
31,6,20
31,7,20
31,8,12
31,9,12
31,10,12
31,11,24
31,12,24
31,13,24
31,14,24
31,15,24
31,16,24
31,17,24
31,18,24
31,19,24
31,20,25
31,21,25
31,22,21
31,23,21
31,24,25
31,25,29
31,26,20
31,27,20
31,28,20
31,29,20
31,30,20
31,31,21
31,32,25
31,33,21
31,34,21
31,35,24
31,36,24
31,37,24
31,38,20
31,39,21
31,40,21
31,41,21
31,42,12
31,43,12
31,44,12
31,45,25
31,46,20
31,47,20
31,48,18
31,49,18
31,50,18
31,51,23
31,52,21
31,53,21
31,54,21
31,55,18
31,56,20
31,57,20
31,58,2
31,59,21
31,60,21
31,61,12
31,62,12
31,63,12
31,64,18
31,65,20
31,66,3
31,67,3
31,68,24
31,69,23
31,70,25
31,71,25
31,72,12
31,73,12
31,74,24
31,75,24
31,76,24
31,77,24
31,78,24
31,79,24
31,80,24
31,81,24
31,82,24
31,83,24
31,84,29
31,85,24
31,86,24
31,87,18
31,88,29
31,89,29
31,90,24
31,91,24
31,92,24
31,93,24
31,94,24
31,95,24
31,96,25
31,97,25
31,98,25
31,99,25
31,100,20
31,101,20
31,102,20
31,103,20
31,104,20
31,105,20
31,106,25
31,107,25
31,108,20
31,109,25
31,110,25
31,111,23
31,112,12
31,113,21
31,114,21
31,115,12
31,116,20
31,117,20
31,118,23
31,119,12
31,120,21
31,121,21
31,122,21
31,123,21
31,124,25
31,125,21
31,126,12
31,127,12
32,0,21
32,1,41
32,2,41
32,3,20
32,4,20
32,5,20
32,6,29
32,7,29
32,8,29
32,9,29
32,10,29
32,11,29
32,12,25
32,13,25
32,14,23
32,15,41
32,16,25
32,17,24
32,18,24
32,19,24
32,20,21
32,21,25
32,22,21
32,23,21
32,24,41
32,25,41
32,26,21
32,27,21
32,28,20
32,29,20
32,30,21
32,31,21
32,32,21
32,33,21
32,34,25
32,35,25
32,36,24
32,37,21
32,38,12
32,39,12
32,40,12
32,41,21
32,42,18
32,43,18
32,44,12
32,45,25
32,46,25
32,47,23
32,48,23
32,49,18
32,50,18
32,51,11
32,52,23
32,53,23
32,54,18
32,55,18
32,56,20
32,57,20
32,58,20
32,59,2
32,60,21
32,61,12
32,62,12
32,63,18
32,64,12
32,65,20
32,66,20
32,67,3
32,68,23
32,69,23
32,70,24
32,71,24
32,72,12
32,73,24
32,74,12
32,75,24
32,76,24
32,77,24
32,78,24
32,79,24
32,80,24
32,81,24
32,82,24
32,83,29
32,84,23
32,85,23
32,86,21
32,87,21
32,88,24
32,89,24
32,90,24
32,91,24
32,92,24
32,93,24
32,94,24
32,95,24
32,96,12
32,97,12
32,98,12
32,99,12
32,100,12
32,101,21
32,102,20
32,103,2
32,104,20
32,105,20
32,106,20
32,107,20
32,108,20
32,109,25
32,110,25
32,111,12
32,112,12
32,113,12
32,114,21
32,115,12
32,116,12
32,117,12
32,118,20
32,119,20
32,120,21
32,121,21
32,122,21
32,123,12
32,124,12
32,125,12
32,126,12
32,127,12
33,0,21
33,1,41
33,2,41
33,3,20
33,4,24
33,5,24
33,6,24
33,7,29
33,8,29
33,9,29
33,10,29
33,11,29
33,12,25
33,13,18
33,14,18
33,15,41
33,16,25
33,17,25
33,18,24
33,19,24
33,20,24
33,21,41
33,22,21
33,23,21
33,24,21
33,25,21
33,26,21
33,27,21
33,28,21
33,29,21
33,30,21
33,31,21
33,32,12
33,33,21
33,34,21
33,35,12
33,36,21
33,37,21
33,38,12
33,39,12
33,40,12
33,41,12
33,42,20
33,43,12
33,44,12
33,45,12
33,46,23
33,47,23
33,48,23
33,49,21
33,50,11
33,51,11
33,52,25
33,53,18
33,54,18
33,55,18
33,56,21
33,57,21
33,58,20
33,59,2
33,60,12
33,61,12
33,62,12
33,63,12
33,64,12
33,65,20
33,66,21
33,67,21
33,68,21
33,69,24
33,70,21
33,71,21
33,72,41
33,73,24
33,74,24
33,75,24
33,76,29
33,77,24
33,78,24
33,79,24
33,80,24
33,81,24
33,82,24
33,83,24
33,84,23
33,85,21
33,86,24
33,87,24
33,88,24
33,89,24
33,90,24
33,91,24
33,92,24
33,93,20
33,94,20
33,95,12
33,96,12
33,97,12
33,98,12
33,99,12
33,100,21
33,101,20
33,102,2
33,103,2
33,104,20
33,105,20
33,106,20
33,107,20
33,108,25
33,109,25
33,110,12
33,111,12
33,112,12
33,113,12
33,114,12
33,115,12
33,116,12
33,117,12
33,118,20
33,119,20
33,120,21
33,121,21
33,122,21
33,123,12
33,124,12
33,125,12
33,126,29
33,127,29
34,0,21
34,1,41
34,2,41
34,3,20
34,4,24
34,5,24
34,6,24
34,7,24
34,8,29
34,9,29
34,10,29
34,11,21
34,12,25
34,13,25
34,14,21
34,15,25
34,16,25
34,17,25
34,18,25
34,19,24
34,20,24
34,21,25
34,22,25
34,23,21
34,24,21
34,25,21
34,26,21
34,27,21
34,28,21
34,29,21
34,30,21
34,31,12
34,32,12
34,33,20
34,34,12
34,35,12
34,36,12
34,37,21
34,38,12
34,39,12
34,40,20
34,41,20
34,42,20
34,43,12
34,44,12
34,45,23
34,46,21
34,47,21
34,48,21
34,49,21
34,50,21
34,51,11
34,52,25
34,53,18
34,54,18
34,55,20
34,56,21
34,57,21
34,58,21
34,59,12
34,60,12
34,61,12
34,62,12
34,63,12
34,64,12
34,65,20
34,66,20
34,67,21
34,68,12
34,69,12
34,70,12
34,71,21
34,72,24
34,73,24
34,74,24
34,75,24
34,76,29
34,77,25
34,78,24
34,79,24
34,80,24
34,81,24
34,82,24
34,83,24
34,84,23
34,85,23
34,86,24
34,87,12
34,88,24
34,89,24
34,90,24
34,91,24
34,92,21
34,93,21
34,94,21
34,95,12
34,96,12
34,97,12
34,98,12
34,99,12
34,100,12
34,101,20
34,102,20
34,103,20
34,104,20
34,105,20
34,106,20
34,107,20
34,108,25
34,109,23
34,110,12
34,111,12
34,112,12
34,113,12
34,114,12
34,115,12
34,116,12
34,117,12
34,118,20
34,119,20
34,120,21
34,121,21
34,122,21
34,123,12
34,124,20
34,125,12
34,126,29
34,127,12
35,0,21
35,1,21
35,2,41
35,3,20
35,4,12
35,5,12
35,6,24
35,7,21
35,8,29
35,9,29
35,10,25
35,11,21
35,12,25
35,13,12
35,14,21
35,15,25
35,16,18
35,17,25
35,18,25
35,19,24
35,20,24
35,21,25
35,22,25
35,23,25
35,24,25
35,25,21
35,26,21
35,27,29
35,28,41
35,29,41
35,30,25
35,31,25
35,32,12
35,33,20
35,34,20
35,35,12
35,36,12
35,37,25
35,38,25
35,39,12
35,40,20
35,41,20
35,42,20
35,43,12
35,44,21
35,45,23
35,46,23
35,47,21
35,48,21
35,49,21
35,50,21
35,51,21
35,52,29
35,53,20
35,54,20
35,55,20
35,56,21
35,57,21
35,58,21
35,59,21
35,60,12
35,61,12
35,62,12
35,63,12
35,64,12
35,65,20
35,66,3
35,67,21
35,68,12
35,69,12
35,70,12
35,71,12
35,72,24
35,73,24
35,74,24
35,75,24
35,76,25
35,77,25
35,78,12
35,79,24
35,80,24
35,81,24
35,82,24
35,83,29
35,84,23
35,85,24
35,86,24
35,87,24
35,88,24
35,89,24
35,90,24
35,91,24
35,92,21
35,93,21
35,94,21
35,95,12
35,96,20
35,97,12
35,98,12
35,99,12
35,100,12
35,101,20
35,102,20
35,103,20
35,104,12
35,105,12
35,106,20
35,107,20
35,108,23
35,109,23
35,110,12
35,111,12
35,112,2
35,113,12
35,114,20
35,115,12
35,116,12
35,117,12
35,118,21
35,119,21
35,120,2
35,121,20
35,122,12
35,123,12
35,124,25
35,125,12
35,126,12
35,127,12
36,0,29
36,1,29
36,2,41
36,3,41
36,4,12
36,5,12
36,6,21
36,7,21
36,8,24
36,9,25
36,10,25
36,11,21
36,12,12
36,13,12
36,14,21
36,15,21
36,16,21
36,17,21
36,18,20
36,19,20
36,20,18
36,21,25
36,22,25
36,23,24
36,24,21
36,25,24
36,26,24
36,27,24
36,28,18
36,29,20
36,30,41
36,31,41
36,32,25
36,33,20
36,34,41
36,35,41
36,36,20
36,37,20
36,38,25
36,39,25
36,40,20
36,41,18
36,42,18
36,43,18
36,44,20
36,45,12
36,46,12
36,47,12
36,48,21
36,49,21
36,50,20
36,51,20
36,52,21
36,53,21
36,54,21
36,55,21
36,56,21
36,57,21
36,58,21
36,59,21
36,60,2
36,61,2
36,62,18
36,63,18
36,64,3
36,65,3
36,66,21
36,67,12
36,68,20
36,69,12
36,70,12
36,71,12
36,72,24
36,73,24
36,74,24
36,75,24
36,76,18
36,77,12
36,78,12
36,79,12
36,80,12
36,81,18
36,82,18
36,83,21
36,84,21
36,85,21
36,86,21
36,87,24
36,88,18
36,89,20
36,90,24
36,91,24
36,92,21
36,93,21
36,94,21
36,95,23
36,96,20
36,97,20
36,98,12
36,99,12
36,100,20
36,101,20
36,102,20
36,103,12
36,104,12
36,105,21
36,106,21
36,107,23
36,108,23
36,109,12
36,110,12
36,111,20
36,112,2
36,113,12
36,114,12
36,115,12
36,116,21
36,117,21
36,118,20
36,119,20
36,120,20
36,121,20
36,122,29
36,123,29
36,124,12
36,125,12
36,126,25
36,127,25
37,0,29
37,1,41
37,2,41
37,3,21
37,4,12
37,5,12
37,6,20
37,7,20
37,8,24
37,9,24
37,10,25
37,11,21
37,12,12
37,13,12
37,14,21
37,15,21
37,16,21
37,17,20
37,18,20
37,19,20
37,20,20
37,21,20
37,22,24
37,23,29
37,24,24
37,25,21
37,26,24
37,27,18
37,28,18
37,29,18
37,30,24
37,31,41
37,32,25
37,33,25
37,34,25
37,35,41
37,36,20
37,37,20
37,38,25
37,39,25
37,40,29
37,41,29
37,42,18
37,43,29
37,44,25
37,45,25
37,46,12
37,47,21
37,48,18
37,49,12
37,50,20
37,51,20
37,52,20
37,53,12
37,54,12
37,55,12
37,56,21
37,57,21
37,58,21
37,59,21
37,60,2
37,61,2
37,62,2
37,63,2
37,64,3
37,65,3
37,66,21
37,67,21
37,68,12
37,69,24
37,70,24
37,71,24
37,72,24
37,73,29
37,74,24
37,75,24
37,76,12
37,77,20
37,78,20
37,79,12
37,80,12
37,81,18
37,82,18
37,83,21
37,84,21
37,85,21
37,86,21
37,87,21
37,88,20
37,89,2
37,90,2
37,91,21
37,92,21
37,93,21
37,94,21
37,95,21
37,96,23
37,97,25
37,98,12
37,99,25
37,100,20
37,101,20
37,102,20
37,103,12
37,104,12
37,105,20
37,106,21
37,107,23
37,108,18
37,109,18
37,110,20
37,111,20
37,112,20
37,113,12
37,114,12
37,115,12
37,116,21
37,117,21
37,118,12
37,119,20
37,120,20
37,121,20
37,122,12
37,123,29
37,124,12
37,125,12
37,126,25
37,127,21
38,0,21
38,1,20
38,2,20
38,3,41
38,4,12
38,5,12
38,6,12
38,7,12
38,8,24
38,9,24
38,10,24
38,11,21
38,12,20
38,13,20
38,14,25
38,15,25
38,16,20
38,17,12
38,18,12
38,19,20
38,20,20
38,21,20
38,22,24
38,23,24
38,24,29
38,25,29
38,26,21
38,27,25
38,28,18
38,29,18
38,30,18
38,31,41
38,32,25
38,33,25
38,34,25
38,35,25
38,36,21
38,37,20
38,38,25
38,39,29
38,40,29
38,41,29
38,42,29
38,43,29
38,44,25
38,45,21
38,46,21
38,47,21
38,48,18
38,49,18
38,50,12
38,51,12
38,52,20
38,53,12
38,54,12
38,55,12
38,56,12
38,57,12
38,58,41
38,59,41
38,60,41
38,61,2
38,62,2
38,63,2
38,64,3
38,65,3
38,66,21
38,67,21
38,68,12
38,69,24
38,70,24
38,71,24
38,72,18
38,73,2
38,74,2
38,75,18
38,76,24
38,77,20
38,78,20
38,79,24
38,80,12
38,81,18
38,82,18
38,83,23
38,84,21
38,85,24
38,86,24
38,87,21
38,88,20
38,89,2
38,90,2
38,91,18
38,92,18
38,93,21
38,94,21
38,95,21
38,96,23
38,97,25
38,98,25
38,99,18
38,100,20
38,101,20
38,102,20
38,103,12
38,104,20
38,105,20
38,106,20
38,107,23
38,108,18
38,109,18
38,110,20
38,111,20
38,112,20
38,113,21
38,114,21
38,115,21
38,116,21
38,117,25
38,118,12
38,119,12
38,120,12
38,121,12
38,122,12
38,123,20
38,124,20
38,125,25
38,126,20
38,127,20
39,0,21
39,1,21
39,2,20
39,3,20
39,4,20
39,5,20
39,6,12
39,7,12
39,8,24
39,9,24
39,10,24
39,11,25
39,12,20
39,13,25
39,14,25
39,15,25
39,16,20
39,17,12
39,18,12
39,19,12
39,20,25
39,21,29
39,22,24
39,23,24
39,24,24
39,25,24
39,26,21
39,27,25
39,28,12
39,29,24
39,30,18
39,31,18
39,32,41
39,33,25
39,34,25
39,35,25
39,36,21
39,37,21
39,38,25
39,39,29
39,40,29
39,41,29
39,42,29
39,43,25
39,44,25
39,45,25
39,46,25
39,47,23
39,48,21
39,49,18
39,50,18
39,51,18
39,52,18
39,53,12
39,54,12
39,55,12
39,56,12
39,57,20
39,58,41
39,59,41
39,60,41
39,61,41
39,62,41
39,63,2
39,64,2
39,65,3
39,66,3
39,67,12
39,68,24
39,69,29
39,70,29
39,71,29
39,72,21
39,73,18
39,74,2
39,75,18
39,76,24
39,77,24
39,78,24
39,79,24
39,80,12
39,81,23
39,82,23
39,83,21
39,84,21
39,85,24
39,86,24
39,87,24
39,88,20
39,89,24
39,90,21
39,91,18
39,92,18
39,93,21
39,94,21
39,95,21
39,96,23
39,97,23
39,98,25
39,99,18
39,100,20
39,101,20
39,102,20
39,103,20
39,104,20
39,105,20
39,106,20
39,107,29
39,108,18
39,109,12
39,110,12
39,111,12
39,112,21
39,113,21
39,114,21
39,115,21
39,116,25
39,117,25
39,118,12
39,119,12
39,120,12
39,121,12
39,122,12
39,123,20
39,124,20
39,125,20
39,126,20
39,127,20
40,0,24
40,1,24
40,2,24
40,3,20
40,4,20
40,5,18
40,6,29
40,7,24
40,8,24
40,9,24
40,10,25
40,11,25
40,12,24
40,13,25
40,14,25
40,15,12
40,16,12
40,17,12
40,18,25
40,19,25
40,20,12
40,21,12
40,22,29
40,23,20
40,24,24
40,25,21
40,26,21
40,27,25
40,28,12
40,29,12
40,30,18
40,31,18
40,32,18
40,33,21
40,34,21
40,35,21
40,36,21
40,37,21
40,38,21
40,39,21
40,40,25
40,41,25
40,42,25
40,43,25
40,44,25
40,45,25
40,46,25
40,47,25
40,48,25
40,49,25
40,50,25
40,51,12
40,52,12
40,53,12
40,54,12
40,55,29
40,56,12
40,57,29
40,58,35
40,59,41
40,60,41
40,61,2
40,62,20
40,63,20
40,64,12
40,65,29
40,66,20
40,67,20
40,68,24
40,69,24
40,70,21
40,71,21
40,72,21
40,73,21
40,74,21
40,75,18
40,76,12
40,77,12
40,78,12
40,79,12
40,80,23
40,81,24
40,82,40
40,83,24
40,84,21
40,85,21
40,86,24
40,87,24
40,88,18
40,89,18
40,90,25
40,91,25
40,92,25
40,93,24
40,94,24
40,95,24
40,96,23
40,97,41
40,98,41
40,99,20
40,100,20
40,101,20
40,102,20
40,103,20
40,104,12
40,105,12
40,106,18
40,107,18
40,108,12
40,109,12
40,110,12
40,111,12
40,112,12
40,113,12
40,114,12
40,115,12
40,116,25
40,117,25
40,118,18
40,119,18
40,120,12
40,121,20
40,122,20
40,123,20
40,124,20
40,125,20
40,126,20
40,127,2
41,0,24
41,1,24
41,2,24
41,3,24
41,4,20
41,5,29
41,6,29
41,7,24
41,8,24
41,9,25
41,10,25
41,11,25
41,12,25
41,13,25
41,14,12
41,15,12
41,16,21
41,17,25
41,18,25
41,19,25
41,20,25
41,21,24
41,22,24
41,23,12
41,24,21
41,25,21
41,26,21
41,27,25
41,28,12
41,29,18
41,30,18
41,31,18
41,32,21
41,33,21
41,34,18
41,35,18
41,36,21
41,37,21
41,38,23
41,39,23
41,40,25
41,41,25
41,42,25
41,43,25
41,44,25
41,45,25
41,46,25
41,47,25
41,48,24
41,49,24
41,50,12
41,51,12
41,52,12
41,53,12
41,54,12
41,55,12
41,56,12
41,57,18
41,58,35
41,59,41
41,60,2
41,61,2
41,62,24
41,63,24
41,64,12
41,65,29
41,66,20
41,67,20
41,68,24
41,69,24
41,70,21
41,71,21
41,72,20
41,73,20
41,74,21
41,75,21
41,76,12
41,77,12
41,78,12
41,79,23
41,80,24
41,81,24
41,82,24
41,83,12
41,84,12
41,85,12
41,86,12
41,87,12
41,88,25
41,89,18
41,90,25
41,91,25
41,92,25
41,93,29
41,94,29
41,95,23
41,96,23
41,97,23
41,98,41
41,99,41
41,100,21
41,101,21
41,102,21
41,103,21
41,104,12
41,105,12
41,106,12
41,107,12
41,108,20
41,109,12
41,110,12
41,111,12
41,112,12
41,113,12
41,114,25
41,115,12
41,116,25
41,117,25
41,118,20
41,119,20
41,120,25
41,121,20
41,122,20
41,123,20
41,124,20
41,125,20
41,126,20
41,127,2
42,0,24
42,1,24
42,2,24
42,3,24
42,4,25
42,5,25
42,6,29
42,7,24
42,8,25
42,9,25
42,10,25
42,11,25
42,12,25
42,13,25
42,14,12
42,15,12
42,16,12
42,17,24
42,18,25
42,19,25
42,20,25
42,21,24
42,22,12
42,23,12
42,24,20
42,25,20
42,26,12
42,27,12
42,28,18
42,29,18
42,30,18
42,31,18
42,32,41
42,33,21
42,34,18
42,35,18
42,36,20
42,37,20
42,38,21
42,39,23
42,40,23
42,41,21
42,42,25
42,43,20
42,44,25
42,45,25
42,46,25
42,47,25
42,48,25
42,49,25
42,50,23
42,51,21
42,52,21
42,53,12
42,54,12
42,55,12
42,56,18
42,57,18
42,58,18
42,59,20
42,60,20
42,61,2
42,62,24
42,63,24
42,64,20
42,65,20
42,66,12
42,67,21
42,68,24
42,69,24
42,70,24
42,71,25
42,72,20
42,73,20
42,74,20
42,75,20
42,76,21
42,77,12
42,78,12
42,79,24
42,80,24
42,81,24
42,82,24
42,83,24
42,84,12
42,85,12
42,86,12
42,87,25
42,88,25
42,89,25
42,90,25
42,91,25
42,92,25
42,93,29
42,94,29
42,95,29
42,96,18
42,97,18
42,98,18
42,99,41
42,100,21
42,101,21
42,102,21
42,103,21
42,104,12
42,105,12
42,106,12
42,107,12
42,108,24
42,109,20
42,110,12
42,111,12
42,112,12
42,113,12
42,114,25
42,115,12
42,116,12
42,117,12
42,118,20
42,119,20
42,120,25
42,121,25
42,122,25
42,123,23
42,124,20
42,125,2
42,126,2
42,127,2
43,0,24
43,1,24
43,2,24
43,3,24
43,4,25
43,5,25
43,6,25
43,7,25
43,8,25
43,9,25
43,10,25
43,11,25
43,12,12
43,13,21
43,14,12
43,15,12
43,16,24
43,17,24
43,18,24
43,19,25
43,20,25
43,21,24
43,22,12
43,23,12
43,24,20
43,25,41
43,26,41
43,27,12
43,28,18
43,29,18
43,30,18
43,31,18
43,32,20
43,33,20
43,34,20
43,35,18
43,36,20
43,37,20
43,38,21
43,39,21
43,40,25
43,41,21
43,42,25
43,43,25
43,44,25
43,45,25
43,46,25
43,47,25
43,48,21
43,49,21
43,50,23
43,51,18
43,52,21
43,53,12
43,54,20
43,55,20
43,56,18
43,57,18
43,58,18
43,59,20
43,60,20
43,61,24
43,62,24
43,63,24
43,64,20
43,65,12
43,66,12
43,67,21
43,68,24
43,69,24
43,70,24
43,71,24
43,72,24
43,73,20
43,74,20
43,75,12
43,76,12
43,77,12
43,78,24
43,79,24
43,80,24
43,81,24
43,82,24
43,83,24
43,84,12
43,85,12
43,86,12
43,87,12
43,88,29
43,89,29
43,90,25
43,91,29
43,92,25
43,93,25
43,94,12
43,95,29
43,96,18
43,97,18
43,98,20
43,99,20
43,100,25
43,101,25
43,102,21
43,103,21
43,104,12
43,105,12
43,106,12
43,107,24
43,108,24
43,109,24
43,110,20
43,111,20
43,112,12
43,113,12
43,114,12
43,115,25
43,116,12
43,117,12
43,118,12
43,119,12
43,120,25
43,121,25
43,122,23
43,123,20
43,124,20
43,125,2
43,126,2
43,127,2
44,0,24
44,1,29
44,2,29
44,3,29
44,4,29
44,5,20
44,6,12
44,7,12
44,8,12
44,9,25
44,10,25
44,11,12
44,12,12
44,13,12
44,14,12
44,15,12
44,16,12
44,17,24
44,18,24
44,19,24
44,20,24
44,21,24
44,22,24
44,23,12
44,24,24
44,25,24
44,26,24
44,27,21
44,28,18
44,29,18
44,30,29
44,31,18
44,32,20
44,33,29
44,34,18
44,35,18
44,36,18
44,37,20
44,38,18
44,39,18
44,40,21
44,41,21
44,42,25
44,43,25
44,44,25
44,45,25
44,46,25
44,47,25
44,48,21
44,49,21
44,50,23
44,51,18
44,52,12
44,53,12
44,54,20
44,55,29
44,56,18
44,57,18
44,58,20
44,59,20
44,60,35
44,61,35
44,62,24
44,63,24
44,64,24
44,65,12
44,66,24
44,67,24
44,68,24
44,69,24
44,70,24
44,71,24
44,72,20
44,73,29
44,74,24
44,75,24
44,76,24
44,77,24
44,78,24
44,79,24
44,80,24
44,81,24
44,82,25
44,83,12
44,84,12
44,85,21
44,86,20
44,87,20
44,88,12
44,89,24
44,90,24
44,91,24
44,92,24
44,93,25
44,94,20
44,95,25
44,96,24
44,97,20
44,98,20
44,99,20
44,100,12
44,101,12
44,102,25
44,103,2
44,104,12
44,105,12
44,106,18
44,107,25
44,108,25
44,109,25
44,110,25
44,111,25
44,112,25
44,113,12
44,114,12
44,115,12
44,116,18
44,117,12
44,118,12
44,119,12
44,120,23
44,121,23
44,122,20
44,123,20
44,124,2
44,125,2
44,126,2
44,127,20
45,0,24
45,1,29
45,2,25
45,3,25
45,4,29
45,5,29
45,6,12
45,7,12
45,8,12
45,9,24
45,10,24
45,11,12
45,12,12
45,13,12
45,14,12
45,15,12
45,16,12
45,17,24
45,18,24
45,19,24
45,20,24
45,21,24
45,22,24
45,23,20
45,24,18
45,25,24
45,26,24
45,27,24
45,28,18
45,29,18
45,30,18
45,31,18
45,32,20
45,33,29
45,34,41
45,35,18
45,36,21
45,37,21
45,38,18
45,39,18
45,40,18
45,41,21
45,42,21
45,43,21
45,44,25
45,45,25
45,46,25
45,47,25
45,48,24
45,49,24
45,50,24
45,51,12
45,52,12
45,53,29
45,54,29
45,55,29
45,56,20
45,57,20
45,58,20
45,59,20
45,60,35
45,61,35
45,62,24
45,63,29
45,64,24
45,65,24
45,66,24
45,67,24
45,68,24
45,69,24
45,70,24
45,71,20
45,72,20
45,73,24
45,74,24
45,75,24
45,76,24
45,77,20
45,78,20
45,79,24
45,80,24
45,81,25
45,82,25
45,83,25
45,84,12
45,85,12
45,86,21
45,87,21
45,88,24
45,89,24
45,90,24
45,91,29
45,92,24
45,93,24
45,94,25
45,95,25
45,96,24
45,97,24
45,98,20
45,99,12
45,100,12
45,101,20
45,102,20
45,103,2
45,104,21
45,105,12
45,106,20
45,107,20
45,108,24
45,109,25
45,110,25
45,111,25
45,112,25
45,113,25
45,114,12
45,115,12
45,116,18
45,117,18
45,118,12
45,119,24
45,120,23
45,121,23
45,122,23
45,123,20
45,124,2
45,125,2
45,126,2
45,127,20
46,0,29
46,1,29
46,2,29
46,3,25
46,4,29
46,5,29
46,6,12
46,7,12
46,8,12
46,9,24
46,10,24
46,11,24
46,12,12
46,13,12
46,14,12
46,15,12
46,16,24
46,17,24
46,18,24
46,19,24
46,20,24
46,21,24
46,22,25
46,23,25
46,24,25
46,25,25
46,26,12
46,27,41
46,28,29
46,29,12
46,30,12
46,31,12
46,32,12
46,33,20
46,34,41
46,35,41
46,36,21
46,37,29
46,38,18
46,39,18
46,40,18
46,41,41
46,42,41
46,43,25
46,44,25
46,45,25
46,46,21
46,47,25
46,48,24
46,49,24
46,50,24
46,51,29
46,52,29
46,53,29
46,54,20
46,55,12
46,56,29
46,57,20
46,58,12
46,59,12
46,60,24
46,61,24
46,62,24
46,63,24
46,64,24
46,65,24
46,66,24
46,67,24
46,68,24
46,69,24
46,70,20
46,71,20
46,72,29
46,73,24
46,74,24
46,75,24
46,76,24
46,77,23
46,78,23
46,79,23
46,80,40
46,81,25
46,82,25
46,83,25
46,84,12
46,85,12
46,86,21
46,87,21
46,88,12
46,89,24
46,90,24
46,91,24
46,92,24
46,93,24
46,94,24
46,95,29
46,96,24
46,97,24
46,98,24
46,99,12
46,100,12
46,101,20
46,102,20
46,103,20
46,104,21
46,105,20
46,106,20
46,107,20
46,108,24
46,109,25
46,110,25
46,111,24
46,112,25
46,113,25
46,114,12
46,115,12
46,116,18
46,117,23
46,118,23
46,119,23
46,120,23
46,121,23
46,122,23
46,123,23
46,124,2
46,125,2
46,126,12
46,127,20
47,0,29
47,1,29
47,2,29
47,3,29
47,4,12
47,5,12
47,6,12
47,7,12
47,8,12
47,9,12
47,10,24
47,11,24
47,12,24
47,13,24
47,14,24
47,15,24
47,16,24
47,17,24
47,18,24
47,19,24
47,20,24
47,21,25
47,22,25
47,23,25
47,24,25
47,25,24
47,26,12
47,27,12
47,28,41
47,29,12
47,30,12
47,31,12
47,32,12
47,33,20
47,34,41
47,35,41
47,36,21
47,37,29
47,38,29
47,39,18
47,40,21
47,41,21
47,42,41
47,43,25
47,44,21
47,45,25
47,46,21
47,47,21
47,48,24
47,49,20
47,50,20
47,51,20
47,52,18
47,53,25
47,54,20
47,55,41
47,56,20
47,57,20
47,58,12
47,59,12
47,60,24
47,61,24
47,62,24
47,63,24
47,64,24
47,65,18
47,66,24
47,67,24
47,68,21
47,69,40
47,70,40
47,71,7
47,72,24
47,73,24
47,74,24
47,75,24
47,76,23
47,77,23
47,78,23
47,79,23
47,80,12
47,81,23
47,82,21
47,83,21
47,84,20
47,85,21
47,86,21
47,87,29
47,88,12
47,89,24
47,90,24
47,91,24
47,92,24
47,93,25
47,94,24
47,95,24
47,96,29
47,97,24
47,98,29
47,99,29
47,100,29
47,101,24
47,102,20
47,103,20
47,104,20
47,105,25
47,106,25
47,107,25
47,108,25
47,109,25
47,110,25
47,111,24
47,112,25
47,113,25
47,114,20
47,115,20
47,116,18
47,117,12
47,118,23
47,119,12
47,120,23
47,121,20
47,122,20
47,123,18
47,124,2
47,125,12
47,126,12
47,127,12
48,0,24
48,1,24
48,2,24
48,3,29
48,4,20
48,5,20
48,6,20
48,7,20
48,8,12
48,9,12
48,10,24
48,11,24
48,12,24
48,13,24
48,14,24
48,15,24
48,16,24
48,17,24
48,18,24
48,19,24
48,20,24
48,21,24
48,22,24
48,23,24
48,24,18
48,25,24
48,26,24
48,27,21
48,28,29
48,29,18
48,30,18
48,31,24
48,32,12
48,33,41
48,34,41
48,35,41
48,36,23
48,37,21
48,38,24
48,39,20
48,40,20
48,41,21
48,42,21
48,43,21
48,44,18
48,45,18
48,46,12
48,47,24
48,48,20
48,49,25
48,50,25
48,51,20
48,52,29
48,53,29
48,54,12
48,55,12
48,56,12
48,57,20
48,58,20
48,59,12
48,60,24
48,61,20
48,62,20
48,63,25
48,64,24
48,65,24
48,66,24
48,67,24
48,68,40
48,69,40
48,70,24
48,71,24
48,72,24
48,73,24
48,74,24
48,75,24
48,76,12
48,77,12
48,78,12
48,79,12
48,80,12
48,81,20
48,82,20
48,83,20
48,84,20
48,85,21
48,86,21
48,87,23
48,88,23
48,89,24
48,90,24
48,91,24
48,92,24
48,93,24
48,94,24
48,95,24
48,96,25
48,97,24
48,98,24
48,99,24
48,100,24
48,101,24
48,102,41
48,103,12
48,104,12
48,105,12
48,106,12
48,107,29
48,108,24
48,109,24
48,110,24
48,111,25
48,112,20
48,113,20
48,114,20
48,115,21
48,116,12
48,117,12
48,118,12
48,119,12
48,120,20
48,121,20
48,122,20
48,123,20
48,124,20
48,125,20
48,126,12
48,127,12
49,0,25
49,1,24
49,2,24
49,3,24
49,4,20
49,5,20
49,6,20
49,7,20
49,8,24
49,9,24
49,10,24
49,11,24
49,12,24
49,13,24
49,14,24
49,15,24
49,16,24
49,17,24
49,18,24
49,19,24
49,20,24
49,21,24
49,22,24
49,23,25
49,24,25
49,25,24
49,26,24
49,27,24
49,28,24
49,29,18
49,30,18
49,31,18
49,32,23
49,33,41
49,34,21
49,35,21
49,36,23
49,37,24
49,38,24
49,39,24
49,40,20
49,41,41
49,42,41
49,43,24
49,44,25
49,45,25
49,46,21
49,47,21
49,48,20
49,49,25
49,50,25
49,51,29
49,52,29
49,53,25
49,54,23
49,55,29
49,56,23
49,57,23
49,58,20
49,59,25
49,60,25
49,61,20
49,62,20
49,63,24
49,64,18
49,65,18
49,66,24
49,67,24
49,68,24
49,69,40
49,70,24
49,71,24
49,72,24
49,73,24
49,74,24
49,75,24
49,76,23
49,77,12
49,78,12
49,79,12
49,80,12
49,81,12
49,82,20
49,83,20
49,84,20
49,85,20
49,86,21
49,87,23
49,88,23
49,89,25
49,90,25
49,91,24
49,92,24
49,93,24
49,94,24
49,95,24
49,96,24
49,97,24
49,98,24
49,99,24
49,100,29
49,101,29
49,102,12
49,103,12
49,104,12
49,105,12
49,106,12
49,107,12
49,108,24
49,109,24
49,110,25
49,111,25
49,112,20
49,113,21
49,114,21
49,115,21
49,116,12
49,117,20
49,118,20
49,119,20
49,120,20
49,121,12
49,122,12
49,123,20
49,124,21
49,125,20
49,126,12
49,127,12
50,0,25
50,1,25
50,2,25
50,3,20
50,4,12
50,5,20
50,6,20
50,7,20
50,8,24
50,9,2
50,10,20
50,11,24
50,12,24
50,13,24
50,14,24
50,15,24
50,16,24
50,17,24
50,18,24
50,19,24
50,20,24
50,21,24
50,22,24
50,23,25
50,24,18
50,25,18
50,26,12
50,27,12
50,28,24
50,29,24
50,30,24
50,31,24
50,32,24
50,33,24
50,34,24
50,35,23
50,36,25
50,37,25
50,38,24
50,39,24
50,40,41
50,41,41
50,42,41
50,43,24
50,44,25
50,45,21
50,46,21
50,47,21
50,48,29
50,49,29
50,50,29
50,51,29
50,52,25
50,53,25
50,54,23
50,55,18
50,56,23
50,57,23
50,58,25
50,59,25
50,60,25
50,61,25
50,62,20
50,63,20
50,64,18
50,65,18
50,66,24
50,67,24
50,68,24
50,69,23
50,70,40
50,71,23
50,72,24
50,73,24
50,74,24
50,75,24
50,76,23
50,77,23
50,78,12
50,79,12
50,80,12
50,81,12
50,82,20
50,83,20
50,84,18
50,85,20
50,86,20
50,87,20
50,88,25
50,89,25
50,90,25
50,91,24
50,92,24
50,93,24
50,94,24
50,95,24
50,96,24
50,97,24
50,98,24
50,99,24
50,100,24
50,101,20
50,102,12
50,103,12
50,104,12
50,105,12
50,106,12
50,107,12
50,108,24
50,109,29
50,110,25
50,111,25
50,112,12
50,113,12
50,114,21
50,115,12
50,116,12
50,117,25
50,118,20
50,119,20
50,120,12
50,121,12
50,122,25
50,123,20
50,124,12
50,125,12
50,126,20
50,127,20
51,0,29
51,1,25
51,2,25
51,3,29
51,4,24
51,5,20
51,6,20
51,7,2
51,8,2
51,9,2
51,10,2
51,11,24
51,12,24
51,13,24
51,14,24
51,15,21
51,16,24
51,17,24
51,18,24
51,19,24
51,20,20
51,21,20
51,22,20
51,23,18
51,24,18
51,25,18
51,26,25
51,27,25
51,28,25
51,29,12
51,30,21
51,31,24
51,32,24
51,33,24
51,34,24
51,35,25
51,36,25
51,37,25
51,38,24
51,39,24
51,40,41
51,41,41
51,42,41
51,43,41
51,44,12
51,45,21
51,46,21
51,47,21
51,48,12
51,49,29
51,50,20
51,51,20
51,52,20
51,53,29
51,54,18
51,55,18
51,56,23
51,57,23
51,58,25
51,59,25
51,60,20
51,61,12
51,62,12
51,63,20
51,64,24
51,65,24
51,66,24
51,67,24
51,68,24
51,69,23
51,70,23
51,71,23
51,72,29
51,73,29
51,74,24
51,75,24
51,76,23
51,77,23
51,78,18
51,79,12
51,80,12
51,81,12
51,82,20
51,83,20
51,84,18
51,85,12
51,86,12
51,87,20
51,88,25
51,89,24
51,90,24
51,91,24
51,92,24
51,93,24
51,94,29
51,95,29
51,96,24
51,97,24
51,98,24
51,99,24
51,100,29
51,101,29
51,102,12
51,103,12
51,104,12
51,105,21
51,106,12
51,107,18
51,108,29
51,109,29
51,110,25
51,111,25
51,112,24
51,113,12
51,114,12
51,115,12
51,116,25
51,117,25
51,118,20
51,119,12
51,120,24
51,121,24
51,122,25
51,123,20
51,124,12
51,125,12
51,126,18
51,127,20
52,0,24
52,1,24
52,2,29
52,3,24
52,4,24
52,5,20
52,6,20
52,7,20
52,8,20
52,9,20
52,10,24
52,11,24
52,12,24
52,13,24
52,14,24
52,15,24
52,16,24
52,17,24
52,18,24
52,19,24
52,20,20
52,21,18
52,22,29
52,23,29
52,24,29
52,25,29
52,26,24
52,27,21
52,28,21
52,29,21
52,30,29
52,31,29
52,32,24
52,33,24
52,34,24
52,35,24
52,36,25
52,37,25
52,38,25
52,39,20
52,40,41
52,41,41
52,42,41
52,43,21
52,44,21
52,45,23
52,46,29
52,47,29
52,48,12
52,49,12
52,50,12
52,51,24
52,52,24
52,53,24
52,54,25
52,55,25
52,56,25
52,57,25
52,58,25
52,59,25
52,60,20
52,61,12
52,62,12
52,63,18
52,64,24
52,65,24
52,66,24
52,67,24
52,68,24
52,69,24
52,70,21
52,71,21
52,72,24
52,73,24
52,74,24
52,75,24
52,76,25
52,77,12
52,78,12
52,79,20
52,80,23
52,81,23
52,82,23
52,83,12
52,84,12
52,85,12
52,86,12
52,87,12
52,88,25
52,89,24
52,90,25
52,91,23
52,92,24
52,93,24
52,94,24
52,95,29
52,96,24
52,97,24
52,98,24
52,99,21
52,100,12
52,101,12
52,102,29
52,103,29
52,104,21
52,105,21
52,106,20
52,107,20
52,108,24
52,109,23
52,110,23
52,111,23
52,112,29
52,113,24
52,114,21
52,115,21
52,116,25
52,117,25
52,118,12
52,119,12
52,120,12
52,121,24
52,122,24
52,123,21
52,124,20
52,125,20
52,126,18
52,127,18
53,0,12
53,1,24
53,2,24
53,3,24
53,4,24
53,5,24
53,6,24
53,7,24
53,8,20
53,9,20
53,10,20
53,11,20
53,12,24
53,13,24
53,14,24
53,15,24
53,16,24
53,17,24
53,18,24
53,19,24
53,20,20
53,21,18
53,22,18
53,23,12
53,24,29
53,25,29
53,26,25
53,27,24
53,28,21
53,29,21
53,30,29
53,31,20
53,32,24
53,33,24
53,34,24
53,35,24
53,36,25
53,37,25
53,38,21
53,39,21
53,40,41
53,41,41
53,42,41
53,43,21
53,44,23
53,45,23
53,46,2
53,47,12
53,48,20
53,49,12
53,50,23
53,51,23
53,52,24
53,53,24
53,54,25
53,55,25
53,56,21
53,57,25
53,58,25
53,59,25
53,60,20
53,61,12
53,62,12
53,63,18
53,64,29
53,65,24
53,66,24
53,67,24
53,68,25
53,69,24
53,70,24
53,71,25
53,72,24
53,73,24
53,74,24
53,75,24
53,76,25
53,77,25
53,78,20
53,79,23
53,80,23
53,81,23
53,82,23
53,83,12
53,84,23
53,85,18
53,86,18
53,87,23
53,88,25
53,89,25
53,90,23
53,91,23
53,92,25
53,93,25
53,94,24
53,95,24
53,96,24
53,97,24
53,98,24
53,99,25
53,100,12
53,101,12
53,102,29
53,103,21
53,104,20
53,105,20
53,106,20
53,107,20
53,108,24
53,109,23
53,110,23
53,111,29
53,112,29
53,113,29
53,114,29
53,115,12
53,116,12
53,117,12
53,118,12
53,119,12
53,120,25
53,121,25
53,122,20
53,123,21
53,124,41
53,125,20
53,126,20
53,127,24
54,0,12
54,1,20
54,2,24
54,3,24
54,4,24
54,5,24
54,6,24
54,7,24
54,8,24
54,9,20
54,10,20
54,11,20
54,12,24
54,13,24
54,14,24
54,15,24
54,16,24
54,17,24
54,18,24
54,19,24
54,20,18
54,21,18
54,22,18
54,23,12
54,24,24
54,25,24
54,26,25
54,27,24
54,28,25
54,29,25
54,30,29
54,31,20
54,32,24
54,33,2
54,34,2
54,35,24
54,36,25
54,37,25
54,38,25
54,39,21
54,40,12
54,41,41
54,42,41
54,43,41
54,44,20
54,45,20
54,46,20
54,47,12
54,48,21
54,49,20
54,50,23
54,51,23
54,52,24
54,53,24
54,54,25
54,55,25
54,56,25
54,57,25
54,58,20
54,59,20
54,60,20
54,61,20
54,62,20
54,63,20
54,64,24
54,65,29
54,66,24
54,67,24
54,68,24
54,69,25
54,70,24
54,71,25
54,72,24
54,73,24
54,74,24
54,75,24
54,76,25
54,77,25
54,78,20
54,79,20
54,80,23
54,81,23
54,82,23
54,83,23
54,84,23
54,85,18
54,86,23
54,87,23
54,88,21
54,89,25
54,90,12
54,91,23
54,92,23
54,93,25
54,94,25
54,95,25
54,96,24
54,97,24
54,98,25
54,99,25
54,100,21
54,101,21
54,102,29
54,103,21
54,104,20
54,105,20
54,106,20
54,107,20
54,108,24
54,109,23
54,110,23
54,111,29
54,112,24
54,113,24
54,114,12
54,115,12
54,116,12
54,117,24
54,118,24
54,119,12
54,120,12
54,121,25
54,122,25
54,123,12
54,124,12
54,125,12
54,126,20
54,127,20
55,0,20
55,1,20
55,2,20
55,3,25
55,4,25
55,5,24
55,6,24
55,7,24
55,8,24
55,9,24
55,10,24
55,11,24
55,12,24
55,13,24
55,14,24
55,15,24
55,16,24
55,17,24
55,18,24
55,19,24
55,20,18
55,21,18
55,22,20
55,23,12
55,24,24
55,25,24
55,26,24
55,27,24
55,28,20
55,29,12
55,30,12
55,31,12
55,32,11
55,33,2
55,34,2
55,35,25
55,36,25
55,37,25
55,38,35
55,39,12
55,40,24
55,41,24
55,42,41
55,43,41
55,44,20
55,45,20
55,46,20
55,47,21
55,48,21
55,49,21
55,50,12
55,51,25
55,52,25
55,53,25
55,54,25
55,55,25
55,56,25
55,57,25
55,58,25
55,59,20
55,60,20
55,61,20
55,62,20
55,63,25
55,64,24
55,65,24
55,66,24
55,67,24
55,68,24
55,69,24
55,70,24
55,71,24
55,72,24
55,73,24
55,74,24
55,75,24
55,76,25
55,77,25
55,78,25
55,79,2
55,80,21
55,81,25
55,82,25
55,83,12
55,84,23
55,85,23
55,86,23
55,87,18
55,88,21
55,89,12
55,90,12
55,91,12
55,92,23
55,93,24
55,94,24
55,95,25
55,96,29
55,97,23
55,98,21
55,99,25
55,100,21
55,101,21
55,102,29
55,103,29
55,104,20
55,105,20
55,106,20
55,107,20
55,108,23
55,109,23
55,110,23
55,111,18
55,112,24
55,113,24
55,114,25
55,115,25
55,116,25
55,117,36
55,118,24
55,119,12
55,120,12
55,121,25
55,122,25
55,123,12
55,124,12
55,125,12
55,126,12
55,127,20
56,0,24
56,1,24
56,2,25
56,3,29
56,4,25
56,5,25
56,6,25
56,7,23
56,8,18
56,9,18
56,10,18
56,11,24
56,12,24
56,13,24
56,14,24
56,15,24
56,16,24
56,17,24
56,18,24
56,19,18
56,20,24
56,21,24
56,22,24
56,23,29
56,24,24
56,25,24
56,26,24
56,27,24
56,28,24
56,29,24
56,30,24
56,31,24
56,32,24
56,33,11
56,34,18
56,35,18
56,36,25
56,37,25
56,38,35
56,39,25
56,40,2
56,41,41
56,42,41
56,43,41
56,44,20
56,45,12
56,46,12
56,47,20
56,48,23
56,49,23
56,50,23
56,51,23
56,52,21
56,53,21
56,54,25
56,55,21
56,56,21
56,57,21
56,58,25
56,59,20
56,60,12
56,61,20
56,62,20
56,63,25
56,64,24
56,65,24
56,66,20
56,67,24
56,68,24
56,69,24
56,70,24
56,71,24
56,72,24
56,73,24
56,74,24
56,75,25
56,76,25
56,77,21
56,78,21
56,79,20
56,80,21
56,81,21
56,82,21
56,83,23
56,84,23
56,85,21
56,86,12
56,87,12
56,88,18
56,89,21
56,90,21
56,91,12
56,92,23
56,93,21
56,94,23
56,95,23
56,96,25
56,97,23
56,98,23
56,99,18
56,100,18
56,101,12
56,102,25
56,103,25
56,104,29
56,105,20
56,106,20
56,107,20
56,108,12
56,109,12
56,110,23
56,111,23
56,112,18
56,113,25
56,114,25
56,115,21
56,116,25
56,117,25
56,118,25
56,119,20
56,120,21
56,121,25
56,122,20
56,123,12
56,124,24
56,125,24
56,126,24
56,127,24
57,0,24
57,1,24
57,2,24
57,3,24
57,4,25
57,5,25
57,6,23
57,7,23
57,8,18
57,9,25
57,10,25
57,11,24
57,12,24
57,13,24
57,14,24
57,15,24
57,16,24
57,17,24
57,18,24
57,19,18
57,20,24
57,21,24
57,22,24
57,23,24
57,24,24
57,25,24
57,26,24
57,27,24
57,28,24
57,29,24
57,30,24
57,31,24
57,32,24
57,33,24
57,34,18
57,35,18
57,36,25
57,37,25
57,38,20
57,39,25
57,40,41
57,41,41
57,42,41
57,43,41
57,44,12
57,45,12
57,46,12
57,47,20
57,48,23
57,49,23
57,50,23
57,51,23
57,52,21
57,53,21
57,54,21
57,55,29
57,56,29
57,57,21
57,58,21
57,59,12
57,60,20
57,61,20
57,62,24
57,63,24
57,64,24
57,65,24
57,66,24
57,67,24
57,68,24
57,69,24
57,70,24
57,71,24
57,72,25
57,73,25
57,74,25
57,75,25
57,76,25
57,77,21
57,78,25
57,79,20
57,80,21
57,81,21
57,82,23
57,83,23
57,84,12
57,85,12
57,86,12
57,87,12
57,88,18
57,89,18
57,90,21
57,91,21
57,92,23
57,93,21
57,94,21
57,95,23
57,96,23
57,97,23
57,98,23
57,99,18
57,100,12
57,101,12
57,102,25
57,103,25
57,104,29
57,105,20
57,106,20
57,107,20
57,108,12
57,109,12
57,110,12
57,111,23
57,112,18
57,113,21
57,114,21
57,115,21
57,116,36
57,117,36
57,118,20
57,119,20
57,120,12
57,121,25
57,122,25
57,123,12
57,124,12
57,125,24
57,126,12
57,127,20
58,0,24
58,1,24
58,2,24
58,3,24
58,4,24
58,5,24
58,6,23
58,7,18
58,8,25
58,9,25
58,10,25
58,11,24
58,12,24
58,13,24
58,14,24
58,15,24
58,16,12
58,17,12
58,18,24
58,19,18
58,20,24
58,21,24
58,22,24
58,23,24
58,24,29
58,25,29
58,26,24
58,27,24
58,28,24
58,29,12
58,30,29
58,31,29
58,32,24
58,33,24
58,34,2
58,35,18
58,36,25
58,37,25
58,38,25
58,39,41
58,40,41
58,41,41
58,42,41
58,43,41
58,44,41
58,45,12
58,46,12
58,47,25
58,48,21
58,49,21
58,50,21
58,51,21
58,52,21
58,53,21
58,54,25
58,55,25
58,56,29
58,57,29
58,58,29
58,59,12
58,60,24
58,61,24
58,62,24
58,63,24
58,64,24
58,65,24
58,66,24
58,67,24
58,68,24
58,69,24
58,70,24
58,71,24
58,72,25
58,73,25
58,74,25
58,75,21
58,76,25
58,77,25
58,78,25
58,79,21
58,80,20
58,81,20
58,82,20
58,83,23
58,84,12
58,85,12
58,86,20
58,87,12
58,88,12
58,89,12
58,90,12
58,91,23
58,92,23
58,93,23
58,94,12
58,95,18
58,96,23
58,97,23
58,98,23
58,99,12
58,100,12
58,101,12
58,102,12
58,103,25
58,104,29
58,105,21
58,106,20
58,107,12
58,108,12
58,109,12
58,110,20
58,111,20
58,112,18
58,113,18
58,114,23
58,115,23
58,116,36
58,117,36
58,118,36
58,119,20
58,120,25
58,121,25
58,122,12
58,123,12
58,124,12
58,125,24
58,126,24
58,127,12
59,0,24
59,1,24
59,2,24
59,3,18
59,4,24
59,5,24
59,6,20
59,7,20
59,8,24
59,9,24
59,10,24
59,11,24
59,12,24
59,13,24
59,14,24
59,15,24
59,16,24
59,17,12
59,18,24
59,19,18
59,20,20
59,21,24
59,22,24
59,23,24
59,24,24
59,25,29
59,26,29
59,27,29
59,28,20
59,29,12
59,30,12
59,31,29
59,32,20
59,33,24
59,34,2
59,35,2
59,36,2
59,37,41
59,38,41
59,39,2
59,40,41
59,41,41
59,42,41
59,43,41
59,44,18
59,45,18
59,46,41
59,47,21
59,48,21
59,49,21
59,50,21
59,51,21
59,52,20
59,53,25
59,54,25
59,55,24
59,56,29
59,57,29
59,58,29
59,59,21
59,60,24
59,61,24
59,62,24
59,63,24
59,64,20
59,65,24
59,66,24
59,67,24
59,68,24
59,69,24
59,70,25
59,71,25
59,72,25
59,73,25
59,74,25
59,75,25
59,76,29
59,77,25
59,78,25
59,79,20
59,80,20
59,81,20
59,82,20
59,83,20
59,84,12
59,85,12
59,86,12
59,87,12
59,88,12
59,89,12
59,90,12
59,91,23
59,92,23
59,93,23
59,94,12
59,95,12
59,96,18
59,97,23
59,98,23
59,99,12
59,100,12
59,101,12
59,102,20
59,103,25
59,104,21
59,105,21
59,106,21
59,107,12
59,108,12
59,109,20
59,110,20
59,111,20
59,112,18
59,113,18
59,114,18
59,115,21
59,116,36
59,117,36
59,118,36
59,119,21
59,120,25
59,121,25
59,122,12
59,123,12
59,124,12
59,125,24
59,126,24
59,127,12
60,0,24
60,1,24
60,2,24
60,3,24
60,4,24
60,5,24
60,6,18
60,7,25
60,8,25
60,9,24
60,10,24
60,11,24
60,12,24
60,13,24
60,14,12
60,15,12
60,16,12
60,17,23
60,18,20
60,19,20
60,20,24
60,21,24
60,22,24
60,23,24
60,24,24
60,25,24
60,26,24
60,27,24
60,28,29
60,29,29
60,30,12
60,31,29
60,32,12
60,33,21
60,34,3
60,35,3
60,36,41
60,37,41
60,38,41
60,39,23
60,40,41
60,41,41
60,42,25
60,43,25
60,44,21
60,45,21
60,46,21
60,47,21
60,48,20
60,49,20
60,50,21
60,51,25
60,52,25
60,53,29
60,54,24
60,55,24
60,56,24
60,57,24
60,58,24
60,59,24
60,60,29
60,61,29
60,62,24
60,63,24
60,64,24
60,65,24
60,66,25
60,67,24
60,68,25
60,69,25
60,70,24
60,71,25
60,72,21
60,73,21
60,74,21
60,75,25
60,76,25
60,77,25
60,78,18
60,79,18
60,80,20
60,81,20
60,82,20
60,83,20
60,84,12
60,85,12
60,86,12
60,87,12
60,88,18
60,89,18
60,90,20
60,91,20
60,92,18
60,93,20
60,94,29
60,95,23
60,96,29
60,97,18
60,98,18
60,99,18
60,100,20
60,101,18
60,102,21
60,103,20
60,104,12
60,105,12
60,106,12
60,107,12
60,108,12
60,109,12
60,110,20
60,111,20
60,112,20
60,113,12
60,114,12
60,115,12
60,116,21
60,117,23
60,118,23
60,119,23
60,120,23
60,121,23
60,122,23
60,123,25
60,124,12
60,125,12
60,126,12
60,127,12
61,0,24
61,1,25
61,2,25
61,3,24
61,4,24
61,5,24
61,6,25
61,7,25
61,8,25
61,9,24
61,10,24
61,11,24
61,12,12
61,13,12
61,14,12
61,15,12
61,16,23
61,17,23
61,18,20
61,19,23
61,20,24
61,21,24
61,22,24
61,23,24
61,24,29
61,25,24
61,26,24
61,27,24
61,28,29
61,29,29
61,30,12
61,31,12
61,32,12
61,33,21
61,34,21
61,35,3
61,36,29
61,37,29
61,38,23
61,39,23
61,40,20
61,41,41
61,42,41
61,43,41
61,44,18
61,45,18
61,46,21
61,47,21
61,48,20
61,49,20
61,50,41
61,51,24
61,52,29
61,53,29
61,54,24
61,55,2
61,56,24
61,57,24
61,58,24
61,59,24
61,60,24
61,61,24
61,62,24
61,63,24
61,64,24
61,65,24
61,66,24
61,67,24
61,68,25
61,69,25
61,70,25
61,71,25
61,72,21
61,73,21
61,74,21
61,75,21
61,76,25
61,77,25
61,78,18
61,79,12
61,80,20
61,81,20
61,82,20
61,83,20
61,84,21
61,85,23
61,86,23
61,87,12
61,88,18
61,89,18
61,90,20
61,91,20
61,92,18
61,93,20
61,94,20
61,95,23
61,96,29
61,97,18
61,98,18
61,99,18
61,100,18
61,101,18
61,102,18
61,103,29
61,104,12
61,105,12
61,106,12
61,107,21
61,108,12
61,109,20
61,110,20
61,111,2
61,112,12
61,113,12
61,114,12
61,115,12
61,116,29
61,117,23
61,118,23
61,119,25
61,120,23
61,121,23
61,122,23
61,123,25
61,124,12
61,125,12
61,126,12
61,127,12
62,0,24
62,1,24
62,2,25
62,3,24
62,4,24
62,5,24
62,6,25
62,7,25
62,8,24
62,9,24
62,10,24
62,11,24
62,12,12
62,13,12
62,14,18
62,15,20
62,16,12
62,17,12
62,18,20
62,19,23
62,20,20
62,21,24
62,22,24
62,23,24
62,24,24
62,25,24
62,26,29
62,27,29
62,28,24
62,29,24
62,30,12
62,31,12
62,32,12
62,33,7
62,34,7
62,35,12
62,36,29
62,37,29
62,38,23
62,39,23
62,40,24
62,41,24
62,42,25
62,43,41
62,44,41
62,45,21
62,46,21
62,47,41
62,48,20
62,49,21
62,50,21
62,51,24
62,52,23
62,53,24
62,54,24
62,55,2
62,56,20
62,57,20
62,58,24
62,59,24
62,60,24
62,61,24
62,62,24
62,63,24
62,64,24
62,65,24
62,66,24
62,67,24
62,68,20
62,69,20
62,70,25
62,71,25
62,72,21
62,73,21
62,74,21
62,75,21
62,76,21
62,77,25
62,78,18
62,79,12
62,80,20
62,81,20
62,82,20
62,83,20
62,84,23
62,85,23
62,86,23
62,87,18
62,88,18
62,89,18
62,90,20
62,91,20
62,92,20
62,93,20
62,94,20
62,95,23
62,96,18
62,97,18
62,98,12
62,99,12
62,100,18
62,101,18
62,102,18
62,103,12
62,104,12
62,105,12
62,106,12
62,107,12
62,108,21
62,109,21
62,110,20
62,111,2
62,112,12
62,113,12
62,114,12
62,115,12
62,116,36
62,117,23
62,118,12
62,119,12
62,120,23
62,121,23
62,122,23
62,123,25
62,124,20
62,125,20
62,126,12
62,127,12
63,0,24
63,1,24
63,2,24
63,3,24
63,4,24
63,5,24
63,6,24
63,7,24
63,8,24
63,9,24
63,10,24
63,11,24
63,12,24
63,13,18
63,14,18
63,15,20
63,16,12
63,17,12
63,18,20
63,19,41
63,20,20
63,21,20
63,22,24
63,23,24
63,24,24
63,25,24
63,26,29
63,27,29
63,28,29
63,29,24
63,30,12
63,31,12
63,32,12
63,33,12
63,34,12
63,35,12
63,36,29
63,37,29
63,38,29
63,39,23
63,40,25
63,41,25
63,42,25
63,43,25
63,44,41
63,45,21
63,46,41
63,47,41
63,48,21
63,49,21
63,50,21
63,51,24
63,52,23
63,53,23
63,54,24
63,55,20
63,56,20
63,57,20
63,58,24
63,59,24
63,60,29
63,61,24
63,62,24
63,63,24
63,64,24
63,65,24
63,66,24
63,67,20
63,68,20
63,69,20
63,70,20
63,71,20
63,72,21
63,73,12
63,74,12
63,75,12
63,76,18
63,77,18
63,78,18
63,79,12
63,80,20
63,81,12
63,82,12
63,83,18
63,84,21
63,85,23
63,86,23
63,87,18
63,88,18
63,89,18
63,90,20
63,91,20
63,92,20
63,93,12
63,94,12
63,95,12
63,96,23
63,97,23
63,98,12
63,99,12
63,100,20
63,101,20
63,102,21
63,103,12
63,104,29
63,105,12
63,106,12
63,107,12
63,108,12
63,109,12
63,110,18
63,111,18
63,112,12
63,113,12
63,114,12
63,115,12
63,116,12
63,117,12
63,118,12
63,119,12
63,120,23
63,121,23
63,122,18
63,123,18
63,124,20
63,125,20
63,126,2
63,127,12
64,0,24
64,1,24
64,2,24
64,3,24
64,4,24
64,5,24
64,6,25
64,7,24
64,8,24
64,9,24
64,10,20
64,11,24
64,12,12
64,13,12
64,14,25
64,15,24
64,16,24
64,17,24
64,18,20
64,19,20
64,20,25
64,21,25
64,22,25
64,23,24
64,24,24
64,25,24
64,26,24
64,27,24
64,28,29
64,29,24
64,30,24
64,31,24
64,32,12
64,33,12
64,34,12
64,35,24
64,36,29
64,37,20
64,38,20
64,39,25
64,40,25
64,41,25
64,42,25
64,43,25
64,44,41
64,45,41
64,46,25
64,47,21
64,48,20
64,49,20
64,50,23
64,51,23
64,52,18
64,53,18
64,54,18
64,55,20
64,56,20
64,57,20
64,58,24
64,59,24
64,60,24
64,61,24
64,62,24
64,63,25
64,64,20
64,65,20
64,66,20
64,67,20
64,68,20
64,69,20
64,70,20
64,71,20
64,72,21
64,73,12
64,74,25
64,75,25
64,76,18
64,77,18
64,78,18
64,79,18
64,80,18
64,81,23
64,82,23
64,83,23
64,84,21
64,85,21
64,86,12
64,87,12
64,88,18
64,89,20
64,90,20
64,91,2
64,92,2
64,93,18
64,94,18
64,95,21
64,96,21
64,97,21
64,98,21
64,99,21
64,100,2
64,101,2
64,102,23
64,103,23
64,104,21
64,105,21
64,106,12
64,107,12
64,108,18
64,109,18
64,110,18
64,111,23
64,112,12
64,113,12
64,114,12
64,115,12
64,116,12
64,117,20
64,118,12
64,119,12
64,120,12
64,121,20
64,122,20
64,123,20
64,124,20
64,125,20
64,126,20
64,127,12
65,0,24
65,1,24
65,2,24
65,3,24
65,4,24
65,5,24
65,6,25
65,7,24
65,8,24
65,9,24
65,10,21
65,11,21
65,12,24
65,13,24
65,14,24
65,15,24
65,16,24
65,17,24
65,18,20
65,19,24
65,20,24
65,21,24
65,22,25
65,23,25
65,24,18
65,25,24
65,26,24
65,27,24
65,28,29
65,29,24
65,30,12
65,31,12
65,32,12
65,33,12
65,34,24
65,35,29
65,36,29
65,37,20
65,38,29
65,39,29
65,40,24
65,41,25
65,42,25
65,43,21
65,44,41
65,45,21
65,46,25
65,47,21
65,48,20
65,49,18
65,50,18
65,51,23
65,52,18
65,53,18
65,54,18
65,55,20
65,56,24
65,57,20
65,58,40
65,59,40
65,60,24
65,61,24
65,62,24
65,63,24
65,64,20
65,65,20
65,66,20
65,67,20
65,68,18
65,69,18
65,70,18
65,71,20
65,72,20
65,73,25
65,74,25
65,75,25
65,76,25
65,77,18
65,78,20
65,79,20
65,80,21
65,81,12
65,82,12
65,83,23
65,84,23
65,85,21
65,86,21
65,87,12
65,88,12
65,89,12
65,90,20
65,91,2
65,92,20
65,93,18
65,94,18
65,95,21
65,96,21
65,97,21
65,98,21
65,99,12
65,100,2
65,101,23
65,102,23
65,103,21
65,104,21
65,105,21
65,106,12
65,107,18
65,108,18
65,109,23
65,110,23
65,111,23
65,112,12
65,113,12
65,114,12
65,115,12
65,116,12
65,117,24
65,118,23
65,119,23
65,120,12
65,121,12
65,122,12
65,123,12
65,124,12
65,125,2
65,126,12
65,127,12
66,0,24
66,1,24
66,2,24
66,3,24
66,4,24
66,5,24
66,6,24
66,7,24
66,8,24
66,9,24
66,10,12
66,11,21
66,12,24
66,13,24
66,14,24
66,15,24
66,16,24
66,17,24
66,18,20
66,19,20
66,20,25
66,21,25
66,22,24
66,23,25
66,24,24
66,25,24
66,26,24
66,27,24
66,28,24
66,29,12
66,30,12
66,31,12
66,32,2
66,33,7
66,34,7
66,35,29
66,36,29
66,37,29
66,38,29
66,39,29
66,40,24
66,41,25
66,42,21
66,43,21
66,44,21
66,45,21
66,46,21
66,47,21
66,48,41
66,49,21
66,50,18
66,51,21
66,52,3
66,53,24
66,54,24
66,55,24
66,56,24
66,57,24
66,58,24
66,59,21
66,60,24
66,61,24
66,62,24
66,63,24
66,64,24
66,65,20
66,66,20
66,67,20
66,68,18
66,69,18
66,70,18
66,71,20
66,72,20
66,73,20
66,74,25
66,75,25
66,76,25
66,77,25
66,78,25
66,79,20
66,80,12
66,81,12
66,82,12
66,83,12
66,84,18
66,85,18
66,86,21
66,87,21
66,88,12
66,89,12
66,90,12
66,91,2
66,92,18
66,93,18
66,94,18
66,95,18
66,96,21
66,97,12
66,98,12
66,99,12
66,100,18
66,101,12
66,102,12
66,103,21
66,104,21
66,105,12
66,106,12
66,107,12
66,108,18
66,109,12
66,110,23
66,111,23
66,112,12
66,113,12
66,114,12
66,115,12
66,116,25
66,117,24
66,118,24
66,119,23
66,120,12
66,121,12
66,122,12
66,123,12
66,124,20
66,125,25
66,126,23
66,127,23
67,0,24
67,1,24
67,2,24
67,3,24
67,4,25
67,5,25
67,6,24
67,7,24
67,8,12
67,9,24
67,10,12
67,11,12
67,12,24
67,13,24
67,14,24
67,15,24
67,16,20
67,17,18
67,18,18
67,19,23
67,20,25
67,21,25
67,22,24
67,23,25
67,24,20
67,25,24
67,26,24
67,27,24
67,28,12
67,29,12
67,30,12
67,31,12
67,32,2
67,33,2
67,34,7
67,35,29
67,36,29
67,37,29
67,38,29
67,39,29
67,40,20
67,41,12
67,42,12
67,43,12
67,44,23
67,45,23
67,46,23
67,47,21
67,48,21
67,49,21
67,50,21
67,51,21
67,52,24
67,53,24
67,54,24
67,55,24
67,56,24
67,57,24
67,58,21
67,59,21
67,60,25
67,61,24
67,62,24
67,63,24
67,64,24
67,65,24
67,66,25
67,67,20
67,68,18
67,69,18
67,70,18
67,71,20
67,72,20
67,73,20
67,74,25
67,75,25
67,76,23
67,77,23
67,78,25
67,79,25
67,80,20
67,81,18
67,82,18
67,83,12
67,84,18
67,85,18
67,86,18
67,87,18
67,88,12
67,89,12
67,90,12
67,91,20
67,92,18
67,93,18
67,94,18
67,95,18
67,96,23
67,97,21
67,98,12
67,99,12
67,100,12
67,101,12
67,102,12
67,103,41
67,104,21
67,105,12
67,106,23
67,107,12
67,108,12
67,109,12
67,110,12
67,111,12
67,112,12
67,113,12
67,114,12
67,115,12
67,116,25
67,117,24
67,118,24
67,119,23
67,120,23
67,121,20
67,122,12
67,123,20
67,124,20
67,125,25
67,126,25
67,127,24
68,0,24
68,1,24
68,2,24
68,3,24
68,4,25
68,5,25
68,6,12
68,7,12
68,8,18
68,9,18
68,10,18
68,11,24
68,12,24
68,13,24
68,14,24
68,15,24
68,16,25
68,17,25
68,18,25
68,19,41
68,20,18
68,21,18
68,22,18
68,23,25
68,24,18
68,25,24
68,26,12
68,27,12
68,28,12
68,29,12
68,30,12
68,31,12
68,32,12
68,33,18
68,34,18
68,35,18
68,36,24
68,37,24
68,38,29
68,39,20
68,40,20
68,41,12
68,42,12
68,43,20
68,44,21
68,45,23
68,46,23
68,47,23
68,48,20
68,49,18
68,50,18
68,51,18
68,52,25
68,53,24
68,54,24
68,55,24
68,56,20
68,57,20
68,58,11
68,59,24
68,60,24
68,61,24
68,62,24
68,63,24
68,64,24
68,65,24
68,66,20
68,67,20
68,68,21
68,69,23
68,70,23
68,71,23
68,72,18
68,73,18
68,74,23
68,75,23
68,76,20
68,77,18
68,78,18
68,79,18
68,80,20
68,81,18
68,82,18
68,83,23
68,84,25
68,85,18
68,86,21
68,87,12
68,88,23
68,89,23
68,90,12
68,91,12
68,92,18
68,93,18
68,94,18
68,95,23
68,96,23
68,97,21
68,98,18
68,99,18
68,100,12
68,101,41
68,102,20
68,103,20
68,104,12
68,105,12
68,106,12
68,107,12
68,108,12
68,109,23
68,110,23
68,111,12
68,112,12
68,113,12
68,114,12
68,115,12
68,116,23
68,117,24
68,118,24
68,119,24
68,120,25
68,121,23
68,122,25
68,123,25
68,124,25
68,125,25
68,126,25
68,127,24
69,0,29
69,1,29
69,2,29
69,3,24
69,4,24
69,5,25
69,6,25
69,7,24
69,8,18
69,9,18
69,10,20
69,11,24
69,12,24
69,13,24
69,14,24
69,15,24
69,16,24
69,17,25
69,18,18
69,19,18
69,20,18
69,21,18
69,22,18
69,23,18
69,24,12
69,25,24
69,26,24
69,27,12
69,28,12
69,29,12
69,30,12
69,31,12
69,32,12
69,33,21
69,34,18
69,35,24
69,36,24
69,37,24
69,38,24
69,39,24
69,40,12
69,41,12
69,42,12
69,43,20
69,44,21
69,45,21
69,46,20
69,47,23
69,48,18
69,49,18
69,50,41
69,51,23
69,52,25
69,53,18
69,54,24
69,55,24
69,56,20
69,57,25
69,58,11
69,59,24
69,60,20
69,61,20
69,62,24
69,63,24
69,64,24
69,65,24
69,66,20
69,67,20
69,68,21
69,69,23
69,70,20
69,71,20
69,72,21
69,73,21
69,74,23
69,75,23
69,76,20
69,77,18
69,78,18
69,79,21
69,80,21
69,81,21
69,82,18
69,83,18
69,84,25
69,85,25
69,86,25
69,87,12
69,88,12
69,89,18
69,90,12
69,91,12
69,92,18
69,93,18
69,94,23
69,95,23
69,96,21
69,97,21
69,98,21
69,99,29
69,100,23
69,101,20
69,102,20
69,103,20
69,104,12
69,105,12
69,106,12
69,107,12
69,108,23
69,109,23
69,110,23
69,111,23
69,112,12
69,113,12
69,114,12
69,115,12
69,116,23
69,117,24
69,118,24
69,119,25
69,120,25
69,121,25
69,122,25
69,123,25
69,124,25
69,125,25
69,126,24
69,127,24
70,0,24
70,1,24
70,2,29
70,3,24
70,4,24
70,5,24
70,6,24
70,7,24
70,8,20
70,9,18
70,10,24
70,11,24
70,12,24
70,13,24
70,14,24
70,15,24
70,16,24
70,17,18
70,18,18
70,19,18
70,20,18
70,21,18
70,22,18
70,23,18
70,24,12
70,25,12
70,26,24
70,27,24
70,28,21
70,29,12
70,30,12
70,31,12
70,32,7
70,33,7
70,34,7
70,35,24
70,36,24
70,37,24
70,38,24
70,39,24
70,40,12
70,41,12
70,42,12
70,43,20
70,44,21
70,45,25
70,46,18
70,47,23
70,48,23
70,49,41
70,50,41
70,51,41
70,52,18
70,53,24
70,54,24
70,55,24
70,56,20
70,57,24
70,58,11
70,59,24
70,60,20
70,61,20
70,62,20
70,63,24
70,64,24
70,65,24
70,66,20
70,67,20
70,68,23
70,69,20
70,70,20
70,71,20
70,72,21
70,73,21
70,74,20
70,75,23
70,76,20
70,77,18
70,78,18
70,79,18
70,80,21
70,81,21
70,82,18
70,83,18
70,84,25
70,85,25
70,86,25
70,87,25
70,88,18
70,89,18
70,90,18
70,91,12
70,92,18
70,93,18
70,94,18
70,95,23
70,96,21
70,97,21
70,98,21
70,99,12
70,100,23
70,101,23
70,102,20
70,103,2
70,104,12
70,105,12
70,106,12
70,107,12
70,108,21
70,109,23
70,110,23
70,111,21
70,112,23
70,113,21
70,114,21
70,115,21
70,116,25
70,117,29
70,118,29
70,119,25
70,120,25
70,121,25
70,122,25
70,123,25
70,124,25
70,125,36
70,126,29
70,127,29
71,0,24
71,1,24
71,2,24
71,3,24
71,4,24
71,5,24
71,6,24
71,7,12
71,8,20
71,9,18
71,10,24
71,11,24
71,12,24
71,13,24
71,14,24
71,15,24
71,16,24
71,17,24
71,18,18
71,19,18
71,20,20
71,21,12
71,22,12
71,23,12
71,24,12
71,25,12
71,26,12
71,27,12
71,28,21
71,29,20
71,30,24
71,31,12
71,32,12
71,33,12
71,34,7
71,35,24
71,36,25
71,37,25
71,38,20
71,39,20
71,40,2
71,41,4
71,42,21
71,43,21
71,44,25
71,45,25
71,46,18
71,47,18
71,48,23
71,49,41
71,50,41
71,51,41
71,52,24
71,53,24
71,54,24
71,55,24
71,56,20
71,57,24
71,58,24
71,59,24
71,60,24
71,61,20
71,62,20
71,63,20
71,64,24
71,65,25
71,66,25
71,67,23
71,68,23
71,69,23
71,70,20
71,71,18
71,72,21
71,73,21
71,74,20
71,75,20
71,76,20
71,77,18
71,78,18
71,79,20
71,80,20
71,81,21
71,82,21
71,83,18
71,84,18
71,85,25
71,86,25
71,87,25
71,88,25
71,89,12
71,90,12
71,91,12
71,92,18
71,93,18
71,94,12
71,95,12
71,96,21
71,97,21
71,98,12
71,99,12
71,100,23
71,101,23
71,102,23
71,103,18
71,104,12
71,105,12
71,106,12
71,107,12
71,108,23
71,109,21
71,110,23
71,111,23
71,112,23
71,113,18
71,114,18
71,115,18
71,116,29
71,117,29
71,118,29
71,119,29
71,120,25
71,121,25
71,122,25
71,123,25
71,124,36
71,125,29
71,126,29
71,127,29
72,0,18
72,1,18
72,2,24
72,3,12
72,4,12
72,5,12
72,6,18
72,7,12
72,8,24
72,9,24
72,10,24
72,11,24
72,12,24
72,13,24
72,14,24
72,15,24
72,16,24
72,17,24
72,18,24
72,19,24
72,20,24
72,21,41
72,22,12
72,23,12
72,24,12
72,25,12
72,26,12
72,27,12
72,28,12
72,29,12
72,30,24
72,31,24
72,32,20
72,33,24
72,34,24
72,35,24
72,36,12
72,37,12
72,38,10
72,39,10
72,40,2
72,41,2
72,42,29
72,43,29
72,44,20
72,45,20
72,46,20
72,47,25
72,48,25
72,49,20
72,50,20
72,51,20
72,52,25
72,53,25
72,54,25
72,55,20
72,56,20
72,57,25
72,58,24
72,59,18
72,60,20
72,61,25
72,62,3
72,63,3
72,64,18
72,65,18
72,66,12
72,67,12
72,68,18
72,69,20
72,70,18
72,71,18
72,72,2
72,73,2
72,74,2
72,75,20
72,76,20
72,77,20
72,78,20
72,79,20
72,80,20
72,81,20
72,82,21
72,83,18
72,84,18
72,85,18
72,86,25
72,87,25
72,88,12
72,89,12
72,90,12
72,91,12
72,92,12
72,93,12
72,94,12
72,95,12
72,96,20
72,97,20
72,98,20
72,99,20
72,100,23
72,101,18
72,102,18
72,103,12
72,104,12
72,105,23
72,106,23
72,107,21
72,108,21
72,109,23
72,110,12
72,111,12
72,112,23
72,113,23
72,114,21
72,115,21
72,116,29
72,117,29
72,118,29
72,119,24
72,120,24
72,121,24
72,122,24
72,123,24
72,124,36
72,125,36
72,126,36
72,127,35
73,0,18
73,1,18
73,2,24
73,3,20
73,4,12
73,5,11
73,6,18
73,7,12
73,8,24
73,9,24
73,10,24
73,11,24
73,12,24
73,13,24
73,14,24
73,15,24
73,16,24
73,17,24
73,18,24
73,19,24
73,20,24
73,21,24
73,22,21
73,23,12
73,24,12
73,25,12
73,26,12
73,27,12
73,28,12
73,29,12
73,30,12
73,31,12
73,32,24
73,33,24
73,34,24
73,35,24
73,36,12
73,37,12
73,38,20
73,39,2
73,40,2
73,41,2
73,42,2
73,43,2
73,44,20
73,45,20
73,46,20
73,47,25
73,48,25
73,49,25
73,50,25
73,51,25
73,52,23
73,53,23
73,54,20
73,55,20
73,56,25
73,57,25
73,58,25
73,59,18
73,60,25
73,61,25
73,62,3
73,63,2
73,64,18
73,65,18
73,66,12
73,67,12
73,68,18
73,69,18
73,70,18
73,71,18
73,72,20
73,73,2
73,74,21
73,75,23
73,76,20
73,77,12
73,78,12
73,79,21
73,80,18
73,81,23
73,82,23
73,83,23
73,84,18
73,85,18
73,86,11
73,87,25
73,88,12
73,89,12
73,90,12
73,91,12
73,92,20
73,93,20
73,94,20
73,95,2
73,96,23
73,97,23
73,98,20
73,99,23
73,100,21
73,101,21
73,102,18
73,103,12
73,104,12
73,105,18
73,106,12
73,107,12
73,108,23
73,109,23
73,110,12
73,111,12
73,112,23
73,113,23
73,114,23
73,115,23
73,116,23
73,117,29
73,118,23
73,119,25
73,120,25
73,121,25
73,122,24
73,123,25
73,124,25
73,125,36
73,126,36
73,127,36
74,0,18
74,1,18
74,2,25
74,3,20
74,4,11
74,5,11
74,6,11
74,7,24
74,8,24
74,9,24
74,10,24
74,11,24
74,12,24
74,13,24
74,14,24
74,15,29
74,16,24
74,17,24
74,18,24
74,19,24
74,20,24
74,21,24
74,22,21
74,23,21
74,24,12
74,25,12
74,26,12
74,27,7
74,28,12
74,29,12
74,30,12
74,31,12
74,32,24
74,33,24
74,34,24
74,35,24
74,36,29
74,37,12
74,38,12
74,39,2
74,40,2
74,41,2
74,42,2
74,43,2
74,44,20
74,45,20
74,46,20
74,47,25
74,48,25
74,49,25
74,50,25
74,51,25
74,52,23
74,53,24
74,54,24
74,55,24
74,56,25
74,57,25
74,58,25
74,59,20
74,60,20
74,61,21
74,62,20
74,63,2
74,64,20
74,65,18
74,66,20
74,67,18
74,68,18
74,69,18
74,70,20
74,71,20
74,72,20
74,73,20
74,74,41
74,75,41
74,76,12
74,77,12
74,78,12
74,79,12
74,80,18
74,81,23
74,82,23
74,83,23
74,84,23
74,85,11
74,86,11
74,87,11
74,88,12
74,89,12
74,90,12
74,91,12
74,92,12
74,93,20
74,94,20
74,95,41
74,96,23
74,97,23
74,98,21
74,99,21
74,100,21
74,101,21
74,102,18
74,103,12
74,104,20
74,105,12
74,106,12
74,107,12
74,108,23
74,109,23
74,110,12
74,111,12
74,112,12
74,113,23
74,114,23
74,115,23
74,116,23
74,117,23
74,118,23
74,119,25
74,120,25
74,121,25
74,122,25
74,123,25
74,124,25
74,125,24
74,126,36
74,127,36
75,0,18
75,1,25
75,2,25
75,3,23
75,4,24
75,5,11
75,6,24
75,7,24
75,8,24
75,9,24
75,10,24
75,11,24
75,12,24
75,13,24
75,14,24
75,15,24
75,16,29
75,17,29
75,18,29
75,19,24
75,20,24
75,21,24
75,22,24
75,23,21
75,24,12
75,25,12
75,26,12
75,27,7
75,28,12
75,29,12
75,30,12
75,31,12
75,32,20
75,33,20
75,34,24
75,35,29
75,36,29
75,37,12
75,38,12
75,39,12
75,40,3
75,41,3
75,42,2
75,43,2
75,44,20
75,45,20
75,46,20
75,47,25
75,48,25
75,49,25
75,50,2
75,51,25
75,52,24
75,53,24
75,54,24
75,55,24
75,56,11
75,57,18
75,58,20
75,59,20
75,60,21
75,61,21
75,62,21
75,63,2
75,64,20
75,65,20
75,66,20
75,67,24
75,68,29
75,69,18
75,70,18
75,71,18
75,72,20
75,73,41
75,74,41
75,75,41
75,76,12
75,77,12
75,78,12
75,79,12
75,80,20
75,81,20
75,82,25
75,83,25
75,84,11
75,85,11
75,86,11
75,87,11
75,88,12
75,89,12
75,90,12
75,91,12
75,92,12
75,93,21
75,94,41
75,95,21
75,96,21
75,97,23
75,98,23
75,99,21
75,100,25
75,101,25
75,102,29
75,103,29
75,104,20
75,105,12
75,106,12
75,107,23
75,108,23
75,109,35
75,110,35
75,111,12
75,112,12
75,113,21
75,114,21
75,115,23
75,116,23
75,117,29
75,118,23
75,119,23
75,120,23
75,121,23
75,122,25
75,123,25
75,124,25
75,125,24
75,126,36
75,127,36
76,0,25
76,1,12
76,2,12
76,3,41
76,4,20
76,5,20
76,6,24
76,7,24
76,8,24
76,9,24
76,10,24
76,11,24
76,12,24
76,13,24
76,14,24
76,15,29
76,16,24
76,17,24
76,18,24
76,19,24
76,20,24
76,21,24
76,22,24
76,23,12
76,24,12
76,25,12
76,26,12
76,27,12
76,28,12
76,29,2
76,30,20
76,31,20
76,32,20
76,33,12
76,34,20
76,35,12
76,36,12
76,37,12
76,38,12
76,39,29
76,40,29
76,41,18
76,42,18
76,43,2
76,44,21
76,45,25
76,46,25
76,47,25
76,48,2
76,49,3
76,50,3
76,51,3
76,52,24
76,53,24
76,54,21
76,55,24
76,56,11
76,57,20
76,58,29
76,59,18
76,60,18
76,61,25
76,62,25
76,63,20
76,64,20
76,65,20
76,66,20
76,67,20
76,68,25
76,69,29
76,70,18
76,71,18
76,72,25
76,73,18
76,74,18
76,75,18
76,76,20
76,77,18
76,78,25
76,79,25
76,80,18
76,81,20
76,82,25
76,83,20
76,84,18
76,85,11
76,86,18
76,87,18
76,88,20
76,89,21
76,90,21
76,91,25
76,92,12
76,93,20
76,94,21
76,95,18
76,96,21
76,97,21
76,98,25
76,99,25
76,100,25
76,101,25
76,102,21
76,103,21
76,104,12
76,105,12
76,106,20
76,107,20
76,108,23
76,109,23
76,110,23
76,111,23
76,112,41
76,113,41
76,114,23
76,115,23
76,116,23
76,117,41
76,118,23
76,119,23
76,120,23
76,121,23
76,122,23
76,123,23
76,124,23
76,125,25
76,126,25
76,127,25
77,0,25
77,1,12
77,2,12
77,3,12
77,4,18
77,5,18
77,6,18
77,7,24
77,8,24
77,9,24
77,10,24
77,11,24
77,12,24
77,13,24
77,14,24
77,15,24
77,16,24
77,17,24
77,18,24
77,19,24
77,20,24
77,21,12
77,22,12
77,23,12
77,24,20
77,25,41
77,26,12
77,27,12
77,28,2
77,29,2
77,30,12
77,31,12
77,32,20
77,33,20
77,34,20
77,35,20
77,36,20
77,37,20
77,38,18
77,39,29
77,40,18
77,41,18
77,42,2
77,43,2
77,44,25
77,45,25
77,46,25
77,47,2
77,48,2
77,49,3
77,50,3
77,51,24
77,52,24
77,53,24
77,54,24
77,55,24
77,56,18
77,57,20
77,58,29
77,59,24
77,60,18
77,61,25
77,62,25
77,63,20
77,64,24
77,65,24
77,66,20
77,67,20
77,68,25
77,69,25
77,70,25
77,71,18
77,72,18
77,73,18
77,74,18
77,75,18
77,76,18
77,77,18
77,78,18
77,79,25
77,80,25
77,81,25
77,82,25
77,83,25
77,84,20
77,85,18
77,86,18
77,87,25
77,88,25
77,89,25
77,90,21
77,91,21
77,92,20
77,93,20
77,94,18
77,95,18
77,96,21
77,97,21
77,98,25
77,99,20
77,100,25
77,101,21
77,102,21
77,103,21
77,104,12
77,105,12
77,106,12
77,107,23
77,108,12
77,109,23
77,110,23
77,111,21
77,112,41
77,113,12
77,114,12
77,115,23
77,116,23
77,117,21
77,118,21
77,119,23
77,120,23
77,121,23
77,122,23
77,123,23
77,124,23
77,125,25
77,126,25
77,127,23
78,0,24
78,1,24
78,2,12
78,3,12
78,4,24
78,5,18
78,6,18
78,7,24
78,8,24
78,9,24
78,10,24
78,11,24
78,12,24
78,13,24
78,14,24
78,15,24
78,16,24
78,17,24
78,18,24
78,19,24
78,20,24
78,21,24
78,22,12
78,23,12
78,24,41
78,25,41
78,26,23
78,27,23
78,28,2
78,29,2
78,30,12
78,31,12
78,32,24
78,33,24
78,34,20
78,35,20
78,36,29
78,37,24
78,38,25
78,39,29
78,40,18
78,41,18
78,42,18
78,43,2
78,44,9
78,45,9
78,46,24
78,47,24
78,48,2
78,49,2
78,50,40
78,51,24
78,52,24
78,53,24
78,54,24
78,55,24
78,56,18
78,57,18
78,58,18
78,59,24
78,60,18
78,61,25
78,62,25
78,63,25
78,64,21
78,65,20
78,66,20
78,67,20
78,68,21
78,69,21
78,70,20
78,71,18
78,72,18
78,73,18
78,74,20
78,75,18
78,76,18
78,77,18
78,78,18
78,79,20
78,80,25
78,81,25
78,82,25
78,83,25
78,84,25
78,85,12
78,86,20
78,87,25
78,88,41
78,89,41
78,90,21
78,91,21
78,92,20
78,93,20
78,94,18
78,95,18
78,96,18
78,97,21
78,98,25
78,99,20
78,100,25
78,101,25
78,102,21
78,103,21
78,104,18
78,105,18
78,106,12
78,107,18
78,108,12
78,109,12
78,110,12
78,111,12
78,112,23
78,113,12
78,114,12
78,115,18
78,116,18
78,117,18
78,118,21
78,119,21
78,120,41
78,121,41
78,122,41
78,123,18
78,124,25
78,125,25
78,126,12
78,127,23
79,0,24
79,1,24
79,2,24
79,3,23
79,4,24
79,5,24
79,6,24
79,7,24
79,8,24
79,9,24
79,10,24
79,11,24
79,12,24
79,13,24
79,14,24
79,15,24
79,16,24
79,17,29
79,18,24
79,19,24
79,20,24
79,21,24
79,22,12
79,23,12
79,24,41
79,25,18
79,26,23
79,27,23
79,28,12
79,29,12
79,30,12
79,31,12
79,32,24
79,33,24
79,34,18
79,35,3
79,36,29
79,37,24
79,38,24
79,39,2
79,40,2
79,41,18
79,42,18
79,43,2
79,44,18
79,45,9
79,46,24
79,47,24
79,48,2
79,49,10
79,50,10
79,51,24
79,52,24
79,53,24
79,54,24
79,55,24
79,56,18
79,57,18
79,58,18
79,59,18
79,60,20
79,61,25
79,62,25
79,63,29
79,64,25
79,65,25
79,66,20
79,67,20
79,68,24
79,69,21
79,70,20
79,71,20
79,72,20
79,73,20
79,74,18
79,75,18
79,76,18
79,77,18
79,78,20
79,79,20
79,80,18
79,81,18
79,82,18
79,83,18
79,84,12
79,85,12
79,86,12
79,87,20
79,88,20
79,89,21
79,90,21
79,91,25
79,92,20
79,93,20
79,94,18
79,95,25
79,96,18
79,97,18
79,98,18
79,99,25
79,100,25
79,101,25
79,102,25
79,103,18
79,104,18
79,105,18
79,106,18
79,107,21
79,108,12
79,109,12
79,110,12
79,111,12
79,112,12
79,113,12
79,114,12
79,115,18
79,116,18
79,117,18
79,118,18
79,119,23
79,120,41
79,121,21
79,122,18
79,123,18
79,124,25
79,125,25
79,126,12
79,127,12
80,0,18
80,1,18
80,2,18
80,3,23
80,4,25
80,5,25
80,6,25
80,7,25
80,8,21
80,9,21
80,10,24
80,11,24
80,12,24
80,13,24
80,14,24
80,15,24
80,16,24
80,17,24
80,18,24
80,19,24
80,20,24
80,21,24
80,22,24
80,23,12
80,24,12
80,25,12
80,26,12
80,27,12
80,28,12
80,29,18
80,30,20
80,31,20
80,32,29
80,33,29
80,34,29
80,35,29
80,36,12
80,37,20
80,38,20
80,39,2
80,40,23
80,41,18
80,42,18
80,43,2
80,44,24
80,45,24
80,46,20
80,47,23
80,48,4
80,49,20
80,50,20
80,51,29
80,52,24
80,53,24
80,54,24
80,55,24
80,56,20
80,57,18
80,58,18
80,59,2
80,60,2
80,61,25
80,62,29
80,63,25
80,64,25
80,65,25
80,66,24
80,67,24
80,68,24
80,69,25
80,70,20
80,71,20
80,72,2
80,73,18
80,74,25
80,75,25
80,76,25
80,77,25
80,78,20
80,79,20
80,80,20
80,81,20
80,82,12
80,83,12
80,84,25
80,85,25
80,86,12
80,87,20
80,88,25
80,89,25
80,90,25
80,91,41
80,92,21
80,93,29
80,94,24
80,95,25
80,96,29
80,97,25
80,98,25
80,99,25
80,100,25
80,101,25
80,102,18
80,103,18
80,104,21
80,105,21
80,106,20
80,107,21
80,108,21
80,109,12
80,110,12
80,111,12
80,112,18
80,113,18
80,114,12
80,115,12
80,116,18
80,117,18
80,118,18
80,119,18
80,120,2
80,121,12
80,122,12
80,123,12
80,124,18
80,125,12
80,126,12
80,127,12
81,0,18
81,1,18
81,2,18
81,3,18
81,4,25
81,5,25
81,6,24
81,7,24
81,8,24
81,9,25
81,10,25
81,11,24
81,12,24
81,13,24
81,14,24
81,15,24
81,16,29
81,17,29
81,18,24
81,19,24
81,20,24
81,21,24
81,22,24
81,23,12
81,24,12
81,25,12
81,26,18
81,27,12
81,28,12
81,29,21
81,30,20
81,31,2
81,32,29
81,33,29
81,34,29
81,35,29
81,36,12
81,37,12
81,38,20
81,39,2
81,40,23
81,41,23
81,42,20
81,43,2
81,44,24
81,45,20
81,46,23
81,47,18
81,48,24
81,49,24
81,50,24
81,51,29
81,52,25
81,53,24
81,54,25
81,55,24
81,56,20
81,57,18
81,58,18
81,59,2
81,60,2
81,61,20
81,62,18
81,63,18
81,64,24
81,65,20
81,66,24
81,67,24
81,68,18
81,69,18
81,70,2
81,71,2
81,72,18
81,73,25
81,74,25
81,75,25
81,76,25
81,77,25
81,78,25
81,79,25
81,80,18
81,81,12
81,82,12
81,83,12
81,84,25
81,85,25
81,86,18
81,87,18
81,88,25
81,89,25
81,90,25
81,91,21
81,92,21
81,93,21
81,94,24
81,95,21
81,96,29
81,97,25
81,98,25
81,99,25
81,100,21
81,101,21
81,102,18
81,103,18
81,104,25
81,105,25
81,106,18
81,107,18
81,108,21
81,109,21
81,110,18
81,111,2
81,112,18
81,113,18
81,114,18
81,115,20
81,116,20
81,117,18
81,118,18
81,119,18
81,120,11
81,121,12
81,122,12
81,123,12
81,124,18
81,125,18
81,126,12
81,127,12
82,0,18
82,1,18
82,2,18
82,3,18
82,4,18
82,5,25
82,6,24
82,7,24
82,8,24
82,9,25
82,10,24
82,11,24
82,12,24
82,13,24
82,14,24
82,15,29
82,16,24
82,17,29
82,18,29
82,19,29
82,20,24
82,21,24
82,22,24
82,23,12
82,24,12
82,25,12
82,26,18
82,27,18
82,28,18
82,29,18
82,30,2
82,31,12
82,32,29
82,33,29
82,34,29
82,35,12
82,36,12
82,37,12
82,38,12
82,39,2
82,40,23
82,41,20
82,42,20
82,43,20
82,44,21
82,45,3
82,46,3
82,47,18
82,48,24
82,49,24
82,50,24
82,51,24
82,52,24
82,53,24
82,54,24
82,55,24
82,56,24
82,57,18
82,58,20
82,59,20
82,60,2
82,61,2
82,62,2
82,63,18
82,64,24
82,65,20
82,66,24
82,67,24
82,68,18
82,69,16
82,70,16
82,71,2
82,72,25
82,73,25
82,74,25
82,75,25
82,76,25
82,77,25
82,78,25
82,79,25
82,80,18
82,81,12
82,82,12
82,83,12
82,84,20
82,85,20
82,86,18
82,87,18
82,88,20
82,89,25
82,90,25
82,91,21
82,92,21
82,93,21
82,94,21
82,95,21
82,96,25
82,97,21
82,98,21
82,99,18
82,100,18
82,101,21
82,102,18
82,103,18
82,104,25
82,105,25
82,106,18
82,107,18
82,108,20
82,109,18
82,110,18
82,111,2
82,112,18
82,113,18
82,114,18
82,115,20
82,116,20
82,117,20
82,118,12
82,119,18
82,120,18
82,121,12
82,122,12
82,123,12
82,124,18
82,125,18
82,126,12
82,127,12
83,0,18
83,1,18
83,2,18
83,3,18
83,4,18
83,5,25
83,6,24
83,7,24
83,8,24
83,9,24
83,10,24
83,11,24
83,12,24
83,13,24
83,14,24
83,15,24
83,16,24
83,17,24
83,18,24
83,19,24
83,20,29
83,21,29
83,22,24
83,23,24
83,24,24
83,25,24
83,26,18
83,27,18
83,28,18
83,29,18
83,30,12
83,31,12
83,32,24
83,33,29
83,34,29
83,35,12
83,36,12
83,37,12
83,38,2
83,39,2
83,40,23
83,41,23
83,42,20
83,43,21
83,44,3
83,45,3
83,46,3
83,47,24
83,48,24
83,49,24
83,50,24
83,51,24
83,52,24
83,53,24
83,54,24
83,55,24
83,56,20
83,57,20
83,58,20
83,59,9
83,60,18
83,61,18
83,62,18
83,63,18
83,64,7
83,65,7
83,66,24
83,67,24
83,68,20
83,69,16
83,70,16
83,71,2
83,72,25
83,73,25
83,74,20
83,75,20
83,76,18
83,77,18
83,78,25
83,79,25
83,80,18
83,81,12
83,82,12
83,83,12
83,84,20
83,85,20
83,86,25
83,87,18
83,88,20
83,89,25
83,90,25
83,91,25
83,92,18
83,93,18
83,94,18
83,95,25
83,96,23
83,97,25
83,98,25
83,99,20
83,100,18
83,101,18
83,102,25
83,103,25
83,104,25
83,105,25
83,106,18
83,107,18
83,108,20
83,109,21
83,110,18
83,111,2
83,112,2
83,113,21
83,114,18
83,115,18
83,116,18
83,117,21
83,118,21
83,119,18
83,120,18
83,121,20
83,122,12
83,123,12
83,124,12
83,125,12
83,126,12
83,127,12
84,0,18
84,1,18
84,2,18
84,3,41
84,4,29
84,5,29
84,6,25
84,7,25
84,8,25
84,9,25
84,10,25
84,11,25
84,12,29
84,13,29
84,14,24
84,15,24
84,16,24
84,17,24
84,18,24
84,19,24
84,20,24
84,21,29
84,22,24
84,23,24
84,24,24
84,25,18
84,26,18
84,27,18
84,28,21
84,29,12
84,30,12
84,31,12
84,32,20
84,33,12
84,34,12
84,35,12
84,36,20
84,37,20
84,38,18
84,39,18
84,40,18
84,41,2
84,42,3
84,43,18
84,44,18
84,45,3
84,46,24
84,47,24
84,48,3
84,49,3
84,50,24
84,51,24
84,52,25
84,53,25
84,54,25
84,55,25
84,56,20
84,57,41
84,58,9
84,59,9
84,60,20
84,61,18
84,62,18
84,63,2
84,64,2
84,65,2
84,66,2
84,67,2
84,68,2
84,69,2
84,70,2
84,71,2
84,72,2
84,73,2
84,74,20
84,75,2
84,76,2
84,77,2
84,78,20
84,79,20
84,80,18
84,81,25
84,82,25
84,83,12
84,84,20
84,85,20
84,86,20
84,87,29
84,88,29
84,89,25
84,90,25
84,91,25
84,92,25
84,93,25
84,94,25
84,95,25
84,96,23
84,97,23
84,98,23
84,99,18
84,100,18
84,101,18
84,102,25
84,103,25
84,104,18
84,105,18
84,106,18
84,107,18
84,108,12
84,109,18
84,110,18
84,111,18
84,112,20
84,113,20
84,114,20
84,115,12
84,116,12
84,117,21
84,118,21
84,119,21
84,120,21
84,121,20
84,122,20
84,123,12
84,124,21
84,125,21
84,126,21
84,127,12
85,0,18
85,1,18
85,2,41
85,3,41
85,4,29
85,5,24
85,6,24
85,7,24
85,8,25
85,9,25
85,10,25
85,11,25
85,12,24
85,13,29
85,14,29
85,15,29
85,16,24
85,17,24
85,18,24
85,19,24
85,20,24
85,21,24
85,22,24
85,23,24
85,24,24
85,25,18
85,26,18
85,27,12
85,28,12
85,29,12
85,30,12
85,31,12
85,32,12
85,33,12
85,34,12
85,35,12
85,36,20
85,37,18
85,38,18
85,39,18
85,40,18
85,41,3
85,42,3
85,43,3
85,44,3
85,45,24
85,46,24
85,47,4
85,48,29
85,49,3
85,50,3
85,51,24
85,52,3
85,53,25
85,54,25
85,55,25
85,56,21
85,57,2
85,58,9
85,59,9
85,60,18
85,61,20
85,62,18
85,63,2
85,64,2
85,65,2
85,66,2
85,67,2
85,68,20
85,69,20
85,70,2
85,71,2
85,72,20
85,73,20
85,74,20
85,75,2
85,76,2
85,77,2
85,78,2
85,79,20
85,80,18
85,81,18
85,82,18
85,83,25
85,84,20
85,85,25
85,86,25
85,87,25
85,88,25
85,89,21
85,90,25
85,91,25
85,92,36
85,93,25
85,94,25
85,95,25
85,96,18
85,97,23
85,98,21
85,99,18
85,100,18
85,101,18
85,102,25
85,103,25
85,104,18
85,105,18
85,106,18
85,107,18
85,108,12
85,109,18
85,110,18
85,111,12
85,112,20
85,113,20
85,114,12
85,115,12
85,116,21
85,117,21
85,118,21
85,119,21
85,120,21
85,121,23
85,122,23
85,123,12
85,124,12
85,125,21
85,126,21
85,127,21
86,0,18
86,1,41
86,2,41
86,3,41
86,4,41
86,5,24
86,6,24
86,7,24
86,8,24
86,9,25
86,10,24
86,11,24
86,12,24
86,13,29
86,14,25
86,15,25
86,16,24
86,17,24
86,18,24
86,19,24
86,20,24
86,21,24
86,22,18
86,23,18
86,24,20
86,25,18
86,26,12
86,27,12
86,28,12
86,29,12
86,30,12
86,31,12
86,32,12
86,33,12
86,34,12
86,35,12
86,36,18
86,37,2
86,38,2
86,39,18
86,40,3
86,41,3
86,42,3
86,43,3
86,44,24
86,45,24
86,46,24
86,47,4
86,48,29
86,49,3
86,50,3
86,51,24
86,52,25
86,53,25
86,54,25
86,55,25
86,56,2
86,57,2
86,58,9
86,59,9
86,60,18
86,61,2
86,62,2
86,63,2
86,64,2
86,65,2
86,66,2
86,67,18
86,68,2
86,69,2
86,70,2
86,71,2
86,72,20
86,73,2
86,74,2
86,75,2
86,76,25
86,77,25
86,78,25
86,79,18
86,80,9
86,81,18
86,82,18
86,83,25
86,84,20
86,85,24
86,86,25
86,87,20
86,88,25
86,89,25
86,90,25
86,91,25
86,92,36
86,93,25
86,94,25
86,95,25
86,96,18
86,97,18
86,98,21
86,99,21
86,100,20
86,101,18
86,102,18
86,103,18
86,104,18
86,105,18
86,106,18
86,107,18
86,108,20
86,109,18
86,110,18
86,111,12
86,112,20
86,113,20
86,114,12
86,115,12
86,116,21
86,117,21
86,118,21
86,119,21
86,120,21
86,121,21
86,122,23
86,123,12
86,124,12
86,125,23
86,126,23
86,127,21
87,0,21
87,1,21
87,2,41
87,3,41
87,4,41
87,5,41
87,6,24
87,7,24
87,8,24
87,9,24
87,10,24
87,11,24
87,12,24
87,13,24
87,14,25
87,15,29
87,16,24
87,17,29
87,18,29
87,19,24
87,20,24
87,21,24
87,22,24
87,23,18
87,24,20
87,25,12
87,26,12
87,27,24
87,28,12
87,29,12
87,30,12
87,31,12
87,32,12
87,33,12
87,34,12
87,35,20
87,36,21
87,37,2
87,38,18
87,39,3
87,40,3
87,41,24
87,42,24
87,43,24
87,44,24
87,45,24
87,46,24
87,47,7
87,48,20
87,49,20
87,50,20
87,51,40
87,52,25
87,53,25
87,54,25
87,55,25
87,56,21
87,57,21
87,58,1
87,59,1
87,60,1
87,61,2
87,62,2
87,63,2
87,64,2
87,65,2
87,66,2
87,67,18
87,68,2
87,69,2
87,70,2
87,71,20
87,72,11
87,73,24
87,74,24
87,75,36
87,76,25
87,77,25
87,78,25
87,79,20
87,80,9
87,81,21
87,82,2
87,83,18
87,84,18
87,85,24
87,86,24
87,87,20
87,88,20
87,89,25
87,90,25
87,91,25
87,92,36
87,93,18
87,94,25
87,95,25
87,96,18
87,97,2
87,98,18
87,99,18
87,100,20
87,101,18
87,102,18
87,103,12
87,104,23
87,105,23
87,106,21
87,107,21
87,108,25
87,109,20
87,110,20
87,111,20
87,112,20
87,113,20
87,114,12
87,115,29
87,116,29
87,117,29
87,118,20
87,119,20
87,120,21
87,121,21
87,122,21
87,123,12
87,124,12
87,125,23
87,126,23
87,127,23
88,0,21
88,1,21
88,2,18
88,3,41
88,4,41
88,5,41
88,6,41
88,7,41
88,8,41
88,9,25
88,10,20
88,11,20
88,12,25
88,13,25
88,14,25
88,15,25
88,16,29
88,17,29
88,18,29
88,19,29
88,20,24
88,21,24
88,22,24
88,23,18
88,24,18
88,25,20
88,26,20
88,27,24
88,28,29
88,29,25
88,30,25
88,31,12
88,32,12
88,33,12
88,34,20
88,35,18
88,36,18
88,37,3
88,38,3
88,39,3
88,40,24
88,41,24
88,42,24
88,43,24
88,44,24
88,45,24
88,46,24
88,47,24
88,48,24
88,49,10
88,50,4
88,51,40
88,52,29
88,53,29
88,54,24
88,55,24
88,56,24
88,57,25
88,58,25
88,59,1
88,60,20
88,61,20
88,62,10
88,63,21
88,64,2
88,65,21
88,66,18
88,67,2
88,68,20
88,69,2
88,70,18
88,71,2
88,72,2
88,73,16
88,74,16
88,75,16
88,76,20
88,77,20
88,78,20
88,79,20
88,80,2
88,81,2
88,82,2
88,83,18
88,84,11
88,85,24
88,86,24
88,87,24
88,88,20
88,89,21
88,90,25
88,91,25
88,92,12
88,93,12
88,94,21
88,95,21
88,96,21
88,97,21
88,98,18
88,99,18
88,100,20
88,101,20
88,102,20
88,103,18
88,104,25
88,105,25
88,106,25
88,107,25
88,108,25
88,109,20
88,110,20
88,111,25
88,112,25
88,113,23
88,114,23
88,115,21
88,116,21
88,117,21
88,118,21
88,119,21
88,120,12
88,121,21
88,122,21
88,123,18
88,124,12
88,125,23
88,126,20
88,127,20
89,0,20
89,1,25
89,2,18
89,3,41
89,4,41
89,5,41
89,6,41
89,7,41
89,8,25
89,9,25
89,10,36
89,11,36
89,12,36
89,13,36
89,14,36
89,15,36
89,16,24
89,17,29
89,18,29
89,19,29
89,20,24
89,21,29
89,22,29
89,23,20
89,24,12
89,25,24
89,26,24
89,27,25
89,28,25
89,29,25
89,30,18
89,31,18
89,32,20
89,33,20
89,34,20
89,35,2
89,36,29
89,37,3
89,38,3
89,39,24
89,40,24
89,41,2
89,42,4
89,43,24
89,44,24
89,45,24
89,46,24
89,47,24
89,48,10
89,49,10
89,50,10
89,51,40
89,52,24
89,53,29
89,54,29
89,55,24
89,56,24
89,57,24
89,58,3
89,59,3
89,60,20
89,61,20
89,62,10
89,63,4
89,64,3
89,65,2
89,66,18
89,67,20
89,68,20
89,69,20
89,70,18
89,71,2
89,72,16
89,73,16
89,74,16
89,75,25
89,76,20
89,77,20
89,78,20
89,79,20
89,80,25
89,81,25
89,82,2
89,83,2
89,84,12
89,85,24
89,86,24
89,87,21
89,88,21
89,89,21
89,90,21
89,91,25
89,92,12
89,93,12
89,94,12
89,95,21
89,96,21
89,97,41
89,98,41
89,99,41
89,100,20
89,101,20
89,102,20
89,103,18
89,104,18
89,105,25
89,106,25
89,107,25
89,108,21
89,109,25
89,110,25
89,111,21
89,112,21
89,113,21
89,114,23
89,115,23
89,116,21
89,117,21
89,118,21
89,119,21
89,120,12
89,121,12
89,122,18
89,123,18
89,124,12
89,125,12
89,126,20
89,127,21
90,0,20
90,1,20
90,2,18
90,3,41
90,4,41
90,5,41
90,6,41
90,7,29
90,8,29
90,9,36
90,10,36
90,11,36
90,12,36
90,13,36
90,14,36
90,15,36
90,16,29
90,17,29
90,18,29
90,19,24
90,20,24
90,21,24
90,22,24
90,23,20
90,24,24
90,25,24
90,26,24
90,27,24
90,28,18
90,29,18
90,30,18
90,31,25
90,32,20
90,33,12
90,34,2
90,35,2
90,36,3
90,37,24
90,38,24
90,39,24
90,40,24
90,41,2
90,42,4
90,43,4
90,44,24
90,45,24
90,46,25
90,47,25
90,48,2
90,49,2
90,50,2
90,51,10
90,52,24
90,53,24
90,54,4
90,55,2
90,56,24
90,57,24
90,58,24
90,59,3
90,60,18
90,61,18
90,62,2
90,63,4
90,64,3
90,65,2
90,66,2
90,67,2
90,68,20
90,69,20
90,70,20
90,71,2
90,72,2
90,73,2
90,74,2
90,75,18
90,76,9
90,77,18
90,78,18
90,79,20
90,80,25
90,81,25
90,82,2
90,83,2
90,84,18
90,85,20
90,86,20
90,87,21
90,88,21
90,89,21
90,90,25
90,91,25
90,92,25
90,93,12
90,94,12
90,95,24
90,96,41
90,97,41
90,98,41
90,99,41
90,100,20
90,101,20
90,102,20
90,103,21
90,104,18
90,105,18
90,106,25
90,107,25
90,108,25
90,109,25
90,110,25
90,111,25
90,112,21
90,113,21
90,114,21
90,115,21
90,116,21
90,117,25
90,118,12
90,119,12
90,120,12
90,121,12
90,122,20
90,123,20
90,124,12
90,125,12
90,126,20
90,127,21
91,0,20
91,1,20
91,2,2
91,3,3
91,4,21
91,5,29
91,6,41
91,7,41
91,8,41
91,9,41
91,10,36
91,11,36
91,12,18
91,13,18
91,14,18
91,15,36
91,16,29
91,17,29
91,18,29
91,19,29
91,20,29
91,21,29
91,22,24
91,23,24
91,24,21
91,25,20
91,26,20
91,27,24
91,28,12
91,29,12
91,30,12
91,31,25
91,32,20
91,33,12
91,34,12
91,35,3
91,36,20
91,37,24
91,38,24
91,39,24
91,40,24
91,41,24
91,42,4
91,43,4
91,44,25
91,45,25
91,46,3
91,47,3
91,48,2
91,49,2
91,50,2
91,51,10
91,52,2
91,53,24
91,54,24
91,55,2
91,56,4
91,57,2
91,58,2
91,59,18
91,60,2
91,61,2
91,62,2
91,63,2
91,64,3
91,65,2
91,66,2
91,67,2
91,68,18
91,69,2
91,70,2
91,71,2
91,72,2
91,73,2
91,74,2
91,75,18
91,76,25
91,77,25
91,78,25
91,79,25
91,80,25
91,81,25
91,82,2
91,83,20
91,84,18
91,85,20
91,86,21
91,87,21
91,88,12
91,89,12
91,90,20
91,91,12
91,92,12
91,93,12
91,94,20
91,95,24
91,96,20
91,97,41
91,98,41
91,99,18
91,100,20
91,101,20
91,102,23
91,103,25
91,104,18
91,105,18
91,106,25
91,107,25
91,108,25
91,109,25
91,110,25
91,111,25
91,112,25
91,113,21
91,114,25
91,115,25
91,116,25
91,117,29
91,118,25
91,119,12
91,120,12
91,121,12
91,122,12
91,123,21
91,124,20
91,125,20
91,126,20
91,127,18
92,0,24
92,1,24
92,2,24
92,3,18
92,4,18
92,5,18
92,6,21
92,7,41
92,8,41
92,9,35
92,10,23
92,11,36
92,12,36
92,13,36
92,14,29
92,15,29
92,16,36
92,17,24
92,18,24
92,19,24
92,20,24
92,21,24
92,22,24
92,23,41
92,24,18
92,25,20
92,26,20
92,27,2
92,28,20
92,29,20
92,30,2
92,31,20
92,32,12
92,33,23
92,34,2
92,35,20
92,36,24
92,37,24
92,38,4
92,39,24
92,40,24
92,41,24
92,42,25
92,43,25
92,44,25
92,45,25
92,46,3
92,47,3
92,48,10
92,49,10
92,50,10
92,51,3
92,52,2
92,53,2
92,54,2
92,55,10
92,56,2
92,57,2
92,58,2
92,59,2
92,60,2
92,61,2
92,62,2
92,63,2
92,64,2
92,65,2
92,66,2
92,67,2
92,68,24
92,69,24
92,70,24
92,71,24
92,72,24
92,73,24
92,74,20
92,75,25
92,76,25
92,77,25
92,78,25
92,79,25
92,80,2
92,81,2
92,82,2
92,83,2
92,84,20
92,85,20
92,86,20
92,87,20
92,88,12
92,89,12
92,90,20
92,91,20
92,92,12
92,93,12
92,94,12
92,95,20
92,96,20
92,97,20
92,98,20
92,99,12
92,100,23
92,101,20
92,102,21
92,103,21
92,104,25
92,105,25
92,106,25
92,107,25
92,108,25
92,109,21
92,110,21
92,111,21
92,112,25
92,113,25
92,114,25
92,115,29
92,116,25
92,117,29
92,118,25
92,119,25
92,120,23
92,121,23
92,122,23
92,123,21
92,124,21
92,125,20
92,126,20
92,127,18
93,0,24
93,1,24
93,2,24
93,3,29
93,4,24
93,5,29
93,6,21
93,7,20
93,8,20
93,9,23
93,10,23
93,11,20
93,12,23
93,13,24
93,14,24
93,15,23
93,16,36
93,17,36
93,18,24
93,19,24
93,20,24
93,21,24
93,22,18
93,23,18
93,24,18
93,25,20
93,26,12
93,27,12
93,28,20
93,29,20
93,30,20
93,31,25
93,32,3
93,33,3
93,34,18
93,35,20
93,36,20
93,37,24
93,38,24
93,39,24
93,40,24
93,41,25
93,42,25
93,43,25
93,44,2
93,45,2
93,46,3
93,47,3
93,48,10
93,49,10
93,50,10
93,51,3
93,52,2
93,53,2
93,54,2
93,55,10
93,56,10
93,57,2
93,58,2
93,59,10
93,60,2
93,61,2
93,62,2
93,63,2
93,64,2
93,65,2
93,66,2
93,67,2
93,68,10
93,69,24
93,70,24
93,71,24
93,72,2
93,73,25
93,74,25
93,75,25
93,76,25
93,77,25
93,78,25
93,79,2
93,80,2
93,81,2
93,82,2
93,83,2
93,84,18
93,85,20
93,86,20
93,87,20
93,88,12
93,89,20
93,90,18
93,91,18
93,92,25
93,93,25
93,94,25
93,95,20
93,96,20
93,97,2
93,98,20
93,99,20
93,100,23
93,101,20
93,102,20
93,103,21
93,104,25
93,105,25
93,106,11
93,107,11
93,108,21
93,109,21
93,110,21
93,111,21
93,112,25
93,113,25
93,114,21
93,115,21
93,116,25
93,117,29
93,118,25
93,119,25
93,120,25
93,121,23
93,122,23
93,123,23
93,124,21
93,125,21
93,126,20
93,127,20
94,0,24
94,1,24
94,2,24
94,3,29
94,4,24
94,5,24
94,6,29
94,7,21
94,8,20
94,9,21
94,10,20
94,11,20
94,12,24
94,13,24
94,14,24
94,15,21
94,16,23
94,17,36
94,18,29
94,19,29
94,20,24
94,21,24
94,22,24
94,23,24
94,24,24
94,25,18
94,26,18
94,27,12
94,28,20
94,29,25
94,30,25
94,31,25
94,32,3
94,33,3
94,34,23
94,35,20
94,36,20
94,37,24
94,38,24
94,39,24
94,40,25
94,41,25
94,42,25
94,43,25
94,44,2
94,45,2
94,46,10
94,47,3
94,48,10
94,49,10
94,50,10
94,51,10
94,52,3
94,53,10
94,54,20
94,55,20
94,56,40
94,57,10
94,58,10
94,59,10
94,60,2
94,61,2
94,62,2
94,63,2
94,64,2
94,65,2
94,66,2
94,67,10
94,68,10
94,69,11
94,70,11
94,71,2
94,72,25
94,73,25
94,74,25
94,75,25
94,76,25
94,77,2
94,78,2
94,79,2
94,80,2
94,81,2
94,82,2
94,83,18
94,84,18
94,85,29
94,86,20
94,87,20
94,88,20
94,89,20
94,90,20
94,91,18
94,92,25
94,93,25
94,94,25
94,95,18
94,96,2
94,97,2
94,98,25
94,99,20
94,100,20
94,101,20
94,102,20
94,103,20
94,104,25
94,105,25
94,106,11
94,107,11
94,108,20
94,109,29
94,110,25
94,111,25
94,112,25
94,113,25
94,114,21
94,115,21
94,116,25
94,117,25
94,118,20
94,119,25
94,120,23
94,121,23
94,122,23
94,123,23
94,124,21
94,125,21
94,126,20
94,127,20
95,0,24
95,1,24
95,2,24
95,3,24
95,4,24
95,5,24
95,6,25
95,7,21
95,8,29
95,9,36
95,10,20
95,11,20
95,12,20
95,13,24
95,14,24
95,15,24
95,16,23
95,17,23
95,18,29
95,19,24
95,20,24
95,21,24
95,22,24
95,23,24
95,24,24
95,25,24
95,26,18
95,27,24
95,28,18
95,29,18
95,30,2
95,31,2
95,32,3
95,33,2
95,34,23
95,35,20
95,36,24
95,37,24
95,38,24
95,39,24
95,40,25
95,41,25
95,42,25
95,43,25
95,44,25
95,45,10
95,46,10
95,47,3
95,48,3
95,49,10
95,50,10
95,51,3
95,52,3
95,53,3
95,54,20
95,55,11
95,56,10
95,57,10
95,58,10
95,59,10
95,60,10
95,61,2
95,62,2
95,63,2
95,64,2
95,65,2
95,66,2
95,67,10
95,68,11
95,69,11
95,70,11
95,71,3
95,72,3
95,73,25
95,74,20
95,75,20
95,76,20
95,77,2
95,78,2
95,79,2
95,80,2
95,81,2
95,82,18
95,83,18
95,84,29
95,85,29
95,86,20
95,87,20
95,88,20
95,89,20
95,90,20
95,91,18
95,92,25
95,93,25
95,94,25
95,95,25
95,96,25
95,97,25
95,98,25
95,99,25
95,100,23
95,101,25
95,102,25
95,103,20
95,104,25
95,105,25
95,106,11
95,107,41
95,108,20
95,109,25
95,110,25
95,111,25
95,112,18
95,113,21
95,114,21
95,115,21
95,116,25
95,117,20
95,118,20
95,119,18
95,120,23
95,121,23
95,122,18
95,123,18
95,124,18
95,125,18
95,126,23
95,127,18
96,0,24
96,1,24
96,2,24
96,3,24
96,4,24
96,5,24
96,6,29
96,7,25
96,8,24
96,9,24
96,10,29
96,11,35
96,12,35
96,13,18
96,14,24
96,15,24
96,16,35
96,17,35
96,18,35
96,19,35
96,20,24
96,21,24
96,22,24
96,23,24
96,24,24
96,25,24
96,26,24
96,27,24
96,28,24
96,29,24
96,30,2
96,31,18
96,32,21
96,33,21
96,34,23
96,35,4
96,36,24
96,37,24
96,38,24
96,39,24
96,40,24
96,41,24
96,42,18
96,43,20
96,44,10
96,45,10
96,46,10
96,47,10
96,48,10
96,49,10
96,50,3
96,51,3
96,52,2
96,53,2
96,54,10
96,55,10
96,56,11
96,57,2
96,58,2
96,59,2
96,60,2
96,61,10
96,62,10
96,63,2
96,64,10
96,65,10
96,66,2
96,67,2
96,68,2
96,69,2
96,70,10
96,71,10
96,72,25
96,73,25
96,74,25
96,75,25
96,76,20
96,77,29
96,78,18
96,79,18
96,80,2
96,81,2
96,82,2
96,83,2
96,84,24
96,85,24
96,86,24
96,87,23
96,88,24
96,89,18
96,90,18
96,91,24
96,92,12
96,93,12
96,94,12
96,95,25
96,96,25
96,97,25
96,98,23
96,99,23
96,100,23
96,101,25
96,102,25
96,103,25
96,104,20
96,105,20
96,106,20
96,107,20
96,108,20
96,109,20
96,110,25
96,111,25
96,112,18
96,113,23
96,114,23
96,115,21
96,116,21
96,117,21
96,118,21
96,119,18
96,120,23
96,121,23
96,122,18
96,123,23
96,124,18
96,125,20
96,126,12
96,127,12
97,0,20
97,1,24
97,2,25
97,3,24
97,4,24
97,5,29
97,6,29
97,7,25
97,8,24
97,9,24
97,10,29
97,11,29
97,12,35
97,13,35
97,14,35
97,15,24
97,16,24
97,17,18
97,18,12
97,19,12
97,20,35
97,21,24
97,22,24
97,23,24
97,24,7
97,25,7
97,26,7
97,27,7
97,28,24
97,29,24
97,30,2
97,31,18
97,32,18
97,33,18
97,34,4
97,35,4
97,36,24
97,37,24
97,38,24
97,39,24
97,40,24
97,41,24
97,42,18
97,43,20
97,44,10
97,45,10
97,46,10
97,47,10
97,48,10
97,49,10
97,50,10
97,51,3
97,52,2
97,53,2
97,54,2
97,55,2
97,56,40
97,57,2
97,58,2
97,59,2
97,60,10
97,61,10
97,62,10
97,63,10
97,64,10
97,65,10
97,66,2
97,67,10
97,68,2
97,69,2
97,70,2
97,71,2
97,72,3
97,73,25
97,74,25
97,75,25
97,76,29
97,77,29
97,78,18
97,79,18
97,80,18
97,81,2
97,82,41
97,83,41
97,84,24
97,85,24
97,86,24
97,87,24
97,88,24
97,89,24
97,90,18
97,91,24
97,92,12
97,93,12
97,94,12
97,95,12
97,96,25
97,97,23
97,98,23
97,99,23
97,100,25
97,101,25
97,102,25
97,103,18
97,104,21
97,105,21
97,106,20
97,107,18
97,108,18
97,109,18
97,110,18
97,111,20
97,112,23
97,113,23
97,114,23
97,115,23
97,116,21
97,117,21
97,118,21
97,119,21
97,120,23
97,121,23
97,122,23
97,123,23
97,124,23
97,125,23
97,126,12
97,127,23
98,0,20
98,1,24
98,2,24
98,3,25
98,4,24
98,5,24
98,6,23
98,7,23
98,8,24
98,9,20
98,10,20
98,11,29
98,12,29
98,13,35
98,14,35
98,15,35
98,16,24
98,17,35
98,18,12
98,19,12
98,20,35
98,21,35
98,22,24
98,23,24
98,24,7
98,25,7
98,26,7
98,27,7
98,28,24
98,29,24
98,30,18
98,31,18
98,32,18
98,33,18
98,34,18
98,35,24
98,36,24
98,37,24
98,38,24
98,39,24
98,40,24
98,41,24
98,42,29
98,43,20
98,44,2
98,45,10
98,46,10
98,47,10
98,48,10
98,49,10
98,50,10
98,51,4
98,52,2
98,53,2
98,54,2
98,55,2
98,56,1
98,57,1
98,58,1
98,59,4
98,60,3
98,61,10
98,62,10
98,63,10
98,64,2
98,65,2
98,66,2
98,67,2
98,68,2
98,69,2
98,70,2
98,71,2
98,72,2
98,73,2
98,74,2
98,75,25
98,76,25
98,77,20
98,78,18
98,79,18
98,80,25
98,81,41
98,82,41
98,83,41
98,84,24
98,85,24
98,86,24
98,87,24
98,88,24
98,89,24
98,90,21
98,91,21
98,92,12
98,93,12
98,94,12
98,95,12
98,96,21
98,97,12
98,98,20
98,99,20
98,100,23
98,101,18
98,102,18
98,103,18
98,104,21
98,105,21
98,106,21
98,107,18
98,108,18
98,109,18
98,110,18
98,111,20
98,112,23
98,113,23
98,114,23
98,115,23
98,116,21
98,117,21
98,118,21
98,119,21
98,120,23
98,121,23
98,122,23
98,123,23
98,124,23
98,125,23
98,126,21
98,127,23
99,0,24
99,1,24
99,2,24
99,3,25
99,4,24
99,5,24
99,6,24
99,7,24
99,8,29
99,9,25
99,10,20
99,11,25
99,12,25
99,13,25
99,14,35
99,15,35
99,16,35
99,17,35
99,18,35
99,19,12
99,20,12
99,21,35
99,22,35
99,23,18
99,24,18
99,25,24
99,26,7
99,27,7
99,28,24
99,29,2
99,30,18
99,31,29
99,32,18
99,33,18
99,34,24
99,35,24
99,36,24
99,37,24
99,38,24
99,39,24
99,40,18
99,41,18
99,42,29
99,43,20
99,44,2
99,45,2
99,46,10
99,47,10
99,48,10
99,49,10
99,50,10
99,51,4
99,52,1
99,53,1
99,54,1
99,55,2
99,56,2
99,57,1
99,58,1
99,59,3
99,60,3
99,61,3
99,62,2
99,63,3
99,64,2
99,65,2
99,66,2
99,67,2
99,68,10
99,69,10
99,70,10
99,71,10
99,72,25
99,73,24
99,74,24
99,75,24
99,76,2
99,77,2
99,78,18
99,79,18
99,80,25
99,81,25
99,82,25
99,83,25
99,84,20
99,85,20
99,86,24
99,87,24
99,88,24
99,89,21
99,90,21
99,91,21
99,92,12
99,93,12
99,94,12
99,95,20
99,96,12
99,97,12
99,98,23
99,99,23
99,100,23
99,101,23
99,102,23
99,103,23
99,104,21
99,105,21
99,106,21
99,107,21
99,108,25
99,109,18
99,110,18
99,111,18
99,112,18
99,113,18
99,114,18
99,115,29
99,116,21
99,117,21
99,118,21
99,119,21
99,120,21
99,121,21
99,122,21
99,123,23
99,124,23
99,125,23
99,126,23
99,127,21
100,0,24
100,1,18
100,2,18
100,3,23
100,4,25
100,5,23
100,6,24
100,7,25
100,8,24
100,9,29
100,10,29
100,11,29
100,12,24
100,13,24
100,14,25
100,15,24
100,16,20
100,17,35
100,18,18
100,19,18
100,20,18
100,21,20
100,22,20
100,23,18
100,24,18
100,25,18
100,26,18
100,27,20
100,28,18
100,29,18
100,30,29
100,31,18
100,32,18
100,33,25
100,34,25
100,35,20
100,36,24
100,37,20
100,38,20
100,39,2
100,40,2
100,41,25
100,42,25
100,43,20
100,44,3
100,45,3
100,46,3
100,47,20
100,48,10
100,49,3
100,50,20
100,51,2
100,52,4
100,53,1
100,54,1
100,55,1
100,56,1
100,57,1
100,58,3
100,59,2
100,60,2
100,61,2
100,62,2
100,63,3
100,64,3
100,65,3
100,66,3
100,67,20
100,68,24
100,69,24
100,70,24
100,71,10
100,72,24
100,73,24
100,74,24
100,75,24
100,76,24
100,77,24
100,78,24
100,79,20
100,80,25
100,81,25
100,82,25
100,83,25
100,84,20
100,85,12
100,86,25
100,87,24
100,88,25
100,89,25
100,90,25
100,91,25
100,92,12
100,93,12
100,94,23
100,95,23
100,96,23
100,97,23
100,98,20
100,99,20
100,100,18
100,101,23
100,102,23
100,103,23
100,104,23
100,105,21
100,106,21
100,107,21
100,108,29
100,109,29
100,110,25
100,111,25
100,112,18
100,113,18
100,114,18
100,115,18
100,116,18
100,117,18
100,118,18
100,119,23
100,120,23
100,121,21
100,122,23
100,123,21
100,124,23
100,125,23
100,126,23
100,127,21
101,0,18
101,1,18
101,2,18
101,3,18
101,4,18
101,5,18
101,6,18
101,7,25
101,8,29
101,9,29
101,10,29
101,11,25
101,12,24
101,13,24
101,14,24
101,15,25
101,16,20
101,17,20
101,18,18
101,19,18
101,20,26
101,21,20
101,22,20
101,23,18
101,24,18
101,25,18
101,26,18
101,27,18
101,28,18
101,29,18
101,30,18
101,31,18
101,32,18
101,33,24
101,34,25
101,35,25
101,36,20
101,37,20
101,38,20
101,39,3
101,40,2
101,41,20
101,42,25
101,43,25
101,44,3
101,45,3
101,46,3
101,47,3
101,48,3
101,49,3
101,50,3
101,51,2
101,52,2
101,53,4
101,54,1
101,55,1
101,56,1
101,57,1
101,58,3
101,59,3
101,60,2
101,61,2
101,62,2
101,63,3
101,64,3
101,65,3
101,66,10
101,67,40
101,68,24
101,69,24
101,70,24
101,71,25
101,72,25
101,73,25
101,74,25
101,75,24
101,76,24
101,77,24
101,78,24
101,79,24
101,80,25
101,81,25
101,82,25
101,83,25
101,84,20
101,85,25
101,86,25
101,87,24
101,88,25
101,89,25
101,90,25
101,91,25
101,92,25
101,93,25
101,94,23
101,95,12
101,96,25
101,97,20
101,98,20
101,99,20
101,100,18
101,101,18
101,102,23
101,103,23
101,104,23
101,105,23
101,106,21
101,107,21
101,108,29
101,109,29
101,110,25
101,111,18
101,112,18
101,113,18
101,114,18
101,115,20
101,116,18
101,117,18
101,118,18
101,119,23
101,120,23
101,121,21
101,122,23
101,123,23
101,124,21
101,125,23
101,126,36
101,127,21
102,0,25
102,1,25
102,2,25
102,3,25
102,4,24
102,5,18
102,6,18
102,7,18
102,8,25
102,9,29
102,10,29
102,11,29
102,12,24
102,13,24
102,14,24
102,15,24
102,16,24
102,17,20
102,18,20
102,19,26
102,20,26
102,21,24
102,22,24
102,23,18
102,24,18
102,25,18
102,26,18
102,27,18
102,28,18
102,29,18
102,30,18
102,31,18
102,32,24
102,33,24
102,34,24
102,35,24
102,36,25
102,37,20
102,38,20
102,39,3
102,40,20
102,41,20
102,42,20
102,43,25
102,44,20
102,45,3
102,46,3
102,47,3
102,48,3
102,49,3
102,50,21
102,51,21
102,52,2
102,53,2
102,54,4
102,55,1
102,56,1
102,57,10
102,58,10
102,59,3
102,60,2
102,61,2
102,62,2
102,63,2
102,64,3
102,65,10
102,66,10
102,67,10
102,68,24
102,69,24
102,70,24
102,71,24
102,72,25
102,73,25
102,74,25
102,75,24
102,76,24
102,77,24
102,78,24
102,79,24
102,80,25
102,81,41
102,82,20
102,83,20
102,84,25
102,85,20
102,86,24
102,87,24
102,88,25
102,89,25
102,90,25
102,91,25
102,92,25
102,93,25
102,94,12
102,95,12
102,96,25
102,97,20
102,98,20
102,99,20
102,100,20
102,101,18
102,102,18
102,103,23
102,104,23
102,105,23
102,106,23
102,107,21
102,108,29
102,109,25
102,110,29
102,111,18
102,112,18
102,113,18
102,114,20
102,115,23
102,116,18
102,117,18
102,118,21
102,119,21
102,120,23
102,121,21
102,122,23
102,123,23
102,124,21
102,125,18
102,126,23
102,127,21
103,0,24
103,1,24
103,2,24
103,3,24
103,4,24
103,5,24
103,6,18
103,7,18
103,8,25
103,9,29
103,10,29
103,11,29
103,12,24
103,13,24
103,14,24
103,15,24
103,16,24
103,17,26
103,18,26
103,19,20
103,20,24
103,21,24
103,22,24
103,23,24
103,24,18
103,25,18
103,26,18
103,27,18
103,28,18
103,29,18
103,30,18
103,31,24
103,32,24
103,33,24
103,34,24
103,35,24
103,36,20
103,37,20
103,38,20
103,39,20
103,40,20
103,41,20
103,42,20
103,43,20
103,44,20
103,45,6
103,46,6
103,47,6
103,48,6
103,49,21
103,50,9
103,51,21
103,52,2
103,53,2
103,54,2
103,55,2
103,56,1
103,57,10
103,58,2
103,59,2
103,60,2
103,61,2
103,62,2
103,63,2
103,64,2
103,65,2
103,66,10
103,67,10
103,68,24
103,69,24
103,70,24
103,71,24
103,72,24
103,73,24
103,74,24
103,75,24
103,76,24
103,77,24
103,78,11
103,79,24
103,80,41
103,81,24
103,82,24
103,83,20
103,84,25
103,85,20
103,86,20
103,87,24
103,88,25
103,89,25
103,90,25
103,91,25
103,92,25
103,93,25
103,94,12
103,95,25
103,96,25
103,97,20
103,98,20
103,99,20
103,100,20
103,101,20
103,102,18
103,103,23
103,104,23
103,105,23
103,106,21
103,107,21
103,108,29
103,109,29
103,110,29
103,111,29
103,112,20
103,113,18
103,114,18
103,115,18
103,116,18
103,117,18
103,118,21
103,119,21
103,120,23
103,121,21
103,122,23
103,123,23
103,124,18
103,125,18
103,126,23
103,127,23
104,0,24
104,1,24
104,2,24
104,3,24
104,4,24
104,5,24
104,6,24
104,7,25
104,8,24
104,9,24
104,10,18
104,11,18
104,12,18
104,13,20
104,14,24
104,15,24
104,16,24
104,17,24
104,18,26
104,19,26
104,20,24
104,21,24
104,22,24
104,23,24
104,24,29
104,25,25
104,26,3
104,27,3
104,28,4
104,29,4
104,30,18
104,31,18
104,32,2
104,33,2
104,34,20
104,35,24
104,36,25
104,37,18
104,38,18
104,39,20
104,40,18
104,41,18
104,42,20
104,43,20
104,44,21
104,45,6
104,46,6
104,47,6
104,48,6
104,49,6
104,50,2
104,51,21
104,52,2
104,53,10
104,54,2
104,55,2
104,56,2
104,57,2
104,58,2
104,59,2
104,60,2
104,61,2
104,62,2
104,63,2
104,64,2
104,65,2
104,66,2
104,67,2
104,68,2
104,69,2
104,70,2
104,71,2
104,72,24
104,73,24
104,74,29
104,75,24
104,76,24
104,77,24
104,78,11
104,79,2
104,80,2
104,81,11
104,82,11
104,83,25
104,84,20
104,85,20
104,86,24
104,87,25
104,88,24
104,89,24
104,90,20
104,91,20
104,92,20
104,93,20
104,94,25
104,95,24
104,96,25
104,97,25
104,98,25
104,99,25
104,100,23
104,101,18
104,102,18
104,103,23
104,104,23
104,105,23
104,106,23
104,107,21
104,108,12
104,109,25
104,110,25
104,111,20
104,112,20
104,113,23
104,114,23
104,115,18
104,116,18
104,117,18
104,118,23
104,119,21
104,120,23
104,121,21
104,122,18
104,123,18
104,124,18
104,125,23
104,126,23
104,127,23
105,0,24
105,1,24
105,2,24
105,3,24
105,4,24
105,5,24
105,6,24
105,7,24
105,8,24
105,9,12
105,10,29
105,11,18
105,12,20
105,13,20
105,14,24
105,15,25
105,16,24
105,17,24
105,18,24
105,19,25
105,20,24
105,21,24
105,22,24
105,23,24
105,24,24
105,25,24
105,26,3
105,27,3
105,28,24
105,29,24
105,30,18
105,31,20
105,32,21
105,33,20
105,34,20
105,35,24
105,36,25
105,37,18
105,38,18
105,39,20
105,40,20
105,41,20
105,42,20
105,43,18
105,44,29
105,45,29
105,46,6
105,47,6
105,48,2
105,49,2
105,50,2
105,51,2
105,52,2
105,53,10
105,54,2
105,55,2
105,56,3
105,57,2
105,58,2
105,59,2
105,60,24
105,61,24
105,62,24
105,63,2
105,64,24
105,65,24
105,66,2
105,67,2
105,68,2
105,69,2
105,70,2
105,71,2
105,72,24
105,73,2
105,74,20
105,75,20
105,76,25
105,77,11
105,78,2
105,79,2
105,80,2
105,81,11
105,82,11
105,83,11
105,84,24
105,85,24
105,86,24
105,87,24
105,88,24
105,89,24
105,90,24
105,91,24
105,92,24
105,93,24
105,94,24
105,95,24
105,96,24
105,97,25
105,98,25
105,99,25
105,100,23
105,101,18
105,102,29
105,103,29
105,104,23
105,105,23
105,106,23
105,107,12
105,108,23
105,109,23
105,110,25
105,111,29
105,112,20
105,113,18
105,114,18
105,115,18
105,116,18
105,117,23
105,118,23
105,119,23
105,120,23
105,121,23
105,122,18
105,123,23
105,124,18
105,125,18
105,126,18
105,127,18
106,0,24
106,1,24
106,2,24
106,3,24
106,4,24
106,5,24
106,6,24
106,7,24
106,8,18
106,9,18
106,10,29
106,11,24
106,12,20
106,13,20
106,14,24
106,15,25
106,16,24
106,17,24
106,18,24
106,19,25
106,20,18
106,21,18
106,22,18
106,23,24
106,24,20
106,25,24
106,26,24
106,27,24
106,28,24
106,29,24
106,30,20
106,31,20
106,32,25
106,33,20
106,34,20
106,35,20
106,36,25
106,37,25
106,38,18
106,39,20
106,40,21
106,41,21
106,42,21
106,43,18
106,44,21
106,45,29
106,46,29
106,47,3
106,48,29
106,49,2
106,50,2
106,51,25
106,52,25
106,53,21
106,54,21
106,55,2
106,56,24
106,57,24
106,58,2
106,59,2
106,60,24
106,61,24
106,62,24
106,63,24
106,64,24
106,65,24
106,66,2
106,67,2
106,68,2
106,69,2
106,70,2
106,71,24
106,72,24
106,73,24
106,74,25
106,75,20
106,76,25
106,77,25
106,78,11
106,79,2
106,80,11
106,81,11
106,82,11
106,83,11
106,84,24
106,85,24
106,86,24
106,87,24
106,88,24
106,89,24
106,90,24
106,91,24
106,92,24
106,93,24
106,94,24
106,95,24
106,96,24
106,97,24
106,98,21
106,99,25
106,100,25
106,101,29
106,102,29
106,103,18
106,104,23
106,105,23
106,106,12
106,107,12
106,108,23
106,109,18
106,110,25
106,111,29
106,112,18
106,113,18
106,114,18
106,115,18
106,116,18
106,117,23
106,118,23
106,119,23
106,120,21
106,121,21
106,122,18
106,123,23
106,124,18
106,125,18
106,126,18
106,127,23
107,0,24
107,1,24
107,2,24
107,3,24
107,4,24
107,5,24
107,6,24
107,7,24
107,8,18
107,9,18
107,10,24
107,11,24
107,12,20
107,13,20
107,14,24
107,15,24
107,16,24
107,17,24
107,18,24
107,19,24
107,20,24
107,21,24
107,22,18
107,23,24
107,24,24
107,25,20
107,26,24
107,27,24
107,28,24
107,29,24
107,30,20
107,31,20
107,32,25
107,33,20
107,34,20
107,35,20
107,36,25
107,37,25
107,38,25
107,39,20
107,40,12
107,41,21
107,42,21
107,43,18
107,44,20
107,45,29
107,46,20
107,47,20
107,48,20
107,49,2
107,50,2
107,51,25
107,52,25
107,53,21
107,54,21
107,55,23
107,56,23
107,57,24
107,58,24
107,59,2
107,60,24
107,61,24
107,62,24
107,63,24
107,64,11
107,65,11
107,66,11
107,67,2
107,68,24
107,69,2
107,70,2
107,71,24
107,72,24
107,73,24
107,74,25
107,75,25
107,76,25
107,77,25
107,78,20
107,79,25
107,80,11
107,81,11
107,82,25
107,83,40
107,84,24
107,85,24
107,86,24
107,87,24
107,88,24
107,89,24
107,90,24
107,91,24
107,92,24
107,93,24
107,94,24
107,95,24
107,96,24
107,97,24
107,98,24
107,99,21
107,100,25
107,101,12
107,102,18
107,103,18
107,104,18
107,105,23
107,106,12
107,107,12
107,108,23
107,109,18
107,110,25
107,111,25
107,112,18
107,113,18
107,114,18
107,115,18
107,116,23
107,117,25
107,118,25
107,119,25
107,120,23
107,121,21
107,122,23
107,123,23
107,124,18
107,125,18
107,126,18
107,127,18
108,0,24
108,1,24
108,2,24
108,3,24
108,4,24
108,5,24
108,6,24
108,7,24
108,8,24
108,9,24
108,10,24
108,11,24
108,12,24
108,13,24
108,14,24
108,15,24
108,16,24
108,17,25
108,18,20
108,19,20
108,20,12
108,21,12
108,22,18
108,23,12
108,24,12
108,25,20
108,26,20
108,27,25
108,28,24
108,29,24
108,30,24
108,31,24
108,32,24
108,33,24
108,34,24
108,35,2
108,36,20
108,37,25
108,38,25
108,39,12
108,40,18
108,41,18
108,42,20
108,43,20
108,44,20
108,45,20
108,46,20
108,47,2
108,48,2
108,49,2
108,50,29
108,51,29
108,52,25
108,53,2
108,54,21
108,55,21
108,56,23
108,57,23
108,58,11
108,59,21
108,60,21
108,61,21
108,62,24
108,63,24
108,64,11
108,65,11
108,66,11
108,67,25
108,68,24
108,69,24
108,70,24
108,71,24
108,72,24
108,73,24
108,74,20
108,75,20
108,76,24
108,77,24
108,78,20
108,79,20
108,80,24
108,81,24
108,82,24
108,83,24
108,84,24
108,85,24
108,86,24
108,87,24
108,88,24
108,89,24
108,90,20
108,91,24
108,92,24
108,93,24
108,94,24
108,95,24
108,96,24
108,97,24
108,98,24
108,99,21
108,100,12
108,101,18
108,102,18
108,103,18
108,104,12
108,105,12
108,106,3
108,107,18
108,108,18
108,109,12
108,110,12
108,111,25
108,112,21
108,113,21
108,114,21
108,115,21
108,116,21
108,117,21
108,118,21
108,119,21
108,120,23
108,121,23
108,122,23
108,123,23
108,124,23
108,125,18
108,126,23
108,127,23
109,0,24
109,1,24
109,2,24
109,3,24
109,4,24
109,5,24
109,6,24
109,7,24
109,8,24
109,9,24
109,10,24
109,11,25
109,12,24
109,13,24
109,14,24
109,15,24
109,16,24
109,17,25
109,18,20
109,19,20
109,20,20
109,21,12
109,22,12
109,23,12
109,24,20
109,25,20
109,26,20
109,27,20
109,28,24
109,29,24
109,30,24
109,31,24
109,32,24
109,33,24
109,34,24
109,35,20
109,36,20
109,37,25
109,38,12
109,39,12
109,40,12
109,41,18
109,42,18
109,43,25
109,44,25
109,45,20
109,46,20
109,47,2
109,48,2
109,49,3
109,50,3
109,51,29
109,52,2
109,53,2
109,54,2
109,55,24
109,56,23
109,57,23
109,58,23
109,59,21
109,60,25
109,61,24
109,62,24
109,63,11
109,64,11
109,65,11
109,66,25
109,67,25
109,68,24
109,69,24
109,70,24
109,71,24
109,72,24
109,73,24
109,74,20
109,75,24
109,76,24
109,77,24
109,78,24
109,79,24
109,80,24
109,81,24
109,82,24
109,83,24
109,84,24
109,85,24
109,86,24
109,87,24
109,88,24
109,89,24
109,90,24
109,91,20
109,92,24
109,93,24
109,94,24
109,95,24
109,96,24
109,97,24
109,98,24
109,99,21
109,100,29
109,101,18
109,102,18
109,103,18
109,104,12
109,105,12
109,106,3
109,107,3
109,108,18
109,109,12
109,110,12
109,111,21
109,112,21
109,113,12
109,114,12
109,115,21
109,116,21
109,117,21
109,118,21
109,119,21
109,120,23
109,121,23
109,122,23
109,123,23
109,124,23
109,125,23
109,126,23
109,127,23
110,0,21
110,1,21
110,2,24
110,3,24
110,4,24
110,5,24
110,6,24
110,7,24
110,8,24
110,9,24
110,10,25
110,11,25
110,12,24
110,13,24
110,14,24
110,15,24
110,16,21
110,17,21
110,18,20
110,19,20
110,20,20
110,21,12
110,22,20
110,23,20
110,24,20
110,25,20
110,26,20
110,27,24
110,28,21
110,29,24
110,30,24
110,31,24
110,32,24
110,33,12
110,34,12
110,35,20
110,36,3
110,37,3
110,38,12
110,39,12
110,40,12
110,41,20
110,42,18
110,43,20
110,44,25
110,45,20
110,46,20
110,47,2
110,48,2
110,49,3
110,50,18
110,51,18
110,52,2
110,53,2
110,54,2
110,55,24
110,56,24
110,57,20
110,58,20
110,59,25
110,60,21
110,61,25
110,62,24
110,63,24
110,64,11
110,65,11
110,66,25
110,67,25
110,68,2
110,69,2
110,70,24
110,71,24
110,72,24
110,73,24
110,74,24
110,75,24
110,76,24
110,77,24
110,78,24
110,79,24
110,80,24
110,81,24
110,82,24
110,83,20
110,84,20
110,85,24
110,86,24
110,87,24
110,88,24
110,89,24
110,90,24
110,91,20
110,92,20
110,93,24
110,94,24
110,95,24
110,96,24
110,97,24
110,98,24
110,99,21
110,100,29
110,101,18
110,102,20
110,103,20
110,104,20
110,105,12
110,106,12
110,107,12
110,108,12
110,109,12
110,110,12
110,111,12
110,112,12
110,113,12
110,114,12
110,115,21
110,116,21
110,117,23
110,118,23
110,119,23
110,120,21
110,121,21
110,122,23
110,123,23
110,124,23
110,125,23
110,126,23
110,127,23
111,0,24
111,1,21
111,2,21
111,3,24
111,4,20
111,5,24
111,6,24
111,7,24
111,8,24
111,9,25
111,10,25
111,11,25
111,12,24
111,13,20
111,14,20
111,15,20
111,16,20
111,17,21
111,18,20
111,19,20
111,20,12
111,21,12
111,22,20
111,23,24
111,24,24
111,25,25
111,26,25
111,27,24
111,28,24
111,29,21
111,30,24
111,31,24
111,32,24
111,33,12
111,34,12
111,35,12
111,36,18
111,37,21
111,38,3
111,39,3
111,40,12
111,41,20
111,42,20
111,43,20
111,44,20
111,45,20
111,46,2
111,47,2
111,48,2
111,49,18
111,50,18
111,51,2
111,52,2
111,53,2
111,54,2
111,55,2
111,56,24
111,57,24
111,58,20
111,59,25
111,60,21
111,61,21
111,62,24
111,63,24
111,64,11
111,65,11
111,66,25
111,67,25
111,68,11
111,69,2
111,70,24
111,71,24
111,72,24
111,73,24
111,74,24
111,75,24
111,76,24
111,77,24
111,78,24
111,79,24
111,80,24
111,81,24
111,82,24
111,83,24
111,84,41
111,85,20
111,86,24
111,87,24
111,88,24
111,89,24
111,90,24
111,91,24
111,92,24
111,93,24
111,94,24
111,95,24
111,96,24
111,97,24
111,98,24
111,99,40
111,100,20
111,101,20
111,102,12
111,103,12
111,104,20
111,105,12
111,106,12
111,107,12
111,108,12
111,109,12
111,110,12
111,111,12
111,112,12
111,113,12
111,114,18
111,115,21
111,116,21
111,117,21
111,118,21
111,119,12
111,120,23
111,121,12
111,122,12
111,123,23
111,124,29
111,125,23
111,126,23
111,127,23
112,0,29
112,1,20
112,2,20
112,3,24
112,4,20
112,5,24
112,6,24
112,7,24
112,8,24
112,9,24
112,10,24
112,11,24
112,12,25
112,13,25
112,14,25
112,15,18
112,16,18
112,17,25
112,18,25
112,19,25
112,20,12
112,21,20
112,22,20
112,23,20
112,24,18
112,25,18
112,26,18
112,27,20
112,28,24
112,29,24
112,30,24
112,31,24
112,32,25
112,33,25
112,34,25
112,35,29
112,36,18
112,37,18
112,38,2
112,39,2
112,40,20
112,41,18
112,42,18
112,43,18
112,44,18
112,45,21
112,46,2
112,47,20
112,48,2
112,49,2
112,50,18
112,51,18
112,52,2
112,53,2
112,54,2
112,55,2
112,56,2
112,57,25
112,58,20
112,59,20
112,60,25
112,61,21
112,62,21
112,63,24
112,64,11
112,65,11
112,66,11
112,67,11
112,68,11
112,69,11
112,70,11
112,71,25
112,72,24
112,73,24
112,74,24
112,75,24
112,76,24
112,77,24
112,78,24
112,79,24
112,80,24
112,81,24
112,82,24
112,83,24
112,84,24
112,85,21
112,86,24
112,87,24
112,88,24
112,89,24
112,90,24
112,91,24
112,92,24
112,93,24
112,94,24
112,95,24
112,96,24
112,97,24
112,98,24
112,99,24
112,100,20
112,101,20
112,102,20
112,103,20
112,104,20
112,105,12
112,106,12
112,107,12
112,108,18
112,109,18
112,110,18
112,111,18
112,112,18
112,113,18
112,114,23
112,115,23
112,116,20
112,117,23
112,118,23
112,119,12
112,120,23
112,121,23
112,122,21
112,123,23
112,124,29
112,125,21
112,126,23
112,127,23
113,0,29
113,1,29
113,2,20
113,3,20
113,4,24
113,5,24
113,6,25
113,7,29
113,8,24
113,9,24
113,10,24
113,11,24
113,12,25
113,13,25
113,14,29
113,15,29
113,16,25
113,17,25
113,18,25
113,19,25
113,20,20
113,21,20
113,22,20
113,23,20
113,24,2
113,25,2
113,26,18
113,27,18
113,28,18
113,29,24
113,30,24
113,31,24
113,32,24
113,33,25
113,34,25
113,35,25
113,36,20
113,37,20
113,38,2
113,39,2
113,40,20
113,41,20
113,42,24
113,43,24
113,44,24
113,45,21
113,46,18
113,47,18
113,48,2
113,49,2
113,50,18
113,51,18
113,52,20
113,53,2
113,54,20
113,55,20
113,56,29
113,57,20
113,58,20
113,59,25
113,60,24
113,61,21
113,62,21
113,63,24
113,64,11
113,65,18
113,66,18
113,67,29
113,68,29
113,69,20
113,70,11
113,71,18
113,72,24
113,73,24
113,74,24
113,75,24
113,76,24
113,77,24
113,78,24
113,79,24
113,80,24
113,81,24
113,82,24
113,83,24
113,84,24
113,85,24
113,86,24
113,87,24
113,88,24
113,89,24
113,90,24
113,91,24
113,92,24
113,93,24
113,94,24
113,95,24
113,96,24
113,97,24
113,98,21
113,99,24
113,100,12
113,101,20
113,102,2
113,103,2
113,104,20
113,105,12
113,106,12
113,107,12
113,108,12
113,109,12
113,110,18
113,111,18
113,112,18
113,113,20
113,114,23
113,115,24
113,116,24
113,117,18
113,118,18
113,119,41
113,120,12
113,121,23
113,122,21
113,123,21
113,124,29
113,125,21
113,126,23
113,127,23
114,0,12
114,1,12
114,2,12
114,3,21
114,4,24
114,5,24
114,6,29
114,7,29
114,8,24
114,9,24
114,10,24
114,11,24
114,12,25
114,13,29
114,14,29
114,15,29
114,16,25
114,17,25
114,18,25
114,19,25
114,20,20
114,21,20
114,22,20
114,23,20
114,24,21
114,25,20
114,26,21
114,27,18
114,28,25
114,29,24
114,30,24
114,31,24
114,32,21
114,33,20
114,34,20
114,35,25
114,36,18
114,37,2
114,38,2
114,39,2
114,40,20
114,41,20
114,42,20
114,43,12
114,44,18
114,45,21
114,46,12
114,47,18
114,48,2
114,49,21
114,50,21
114,51,20
114,52,20
114,53,20
114,54,20
114,55,20
114,56,2
114,57,20
114,58,2
114,59,25
114,60,24
114,61,24
114,62,2
114,63,11
114,64,11
114,65,11
114,66,18
114,67,29
114,68,2
114,69,20
114,70,20
114,71,21
114,72,24
114,73,24
114,74,24
114,75,21
114,76,24
114,77,24
114,78,24
114,79,24
114,80,24
114,81,24
114,82,24
114,83,24
114,84,24
114,85,24
114,86,24
114,87,25
114,88,24
114,89,24
114,90,24
114,91,24
114,92,24
114,93,24
114,94,24
114,95,24
114,96,24
114,97,21
114,98,20
114,99,20
114,100,12
114,101,20
114,102,20
114,103,2
114,104,2
114,105,12
114,106,12
114,107,12
114,108,2
114,109,2
114,110,18
114,111,18
114,112,18
114,113,18
114,114,20
114,115,20
114,116,24
114,117,12
114,118,12
114,119,12
114,120,12
114,121,12
114,122,21
114,123,12
114,124,21
114,125,12
114,126,23
114,127,23
115,0,12
115,1,12
115,2,21
115,3,2
115,4,24
115,5,24
115,6,29
115,7,12
115,8,24
115,9,24
115,10,24
115,11,24
115,12,25
115,13,18
115,14,20
115,15,20
115,16,25
115,17,25
115,18,25
115,19,24
115,20,20
115,21,24
115,22,24
115,23,25
115,24,20
115,25,20
115,26,20
115,27,21
115,28,25
115,29,25
115,30,24
115,31,24
115,32,21
115,33,21
115,34,20
115,35,25
115,36,2
115,37,2
115,38,18
115,39,18
115,40,18
115,41,20
115,42,20
115,43,18
115,44,29
115,45,12
115,46,12
115,47,12
115,48,21
115,49,20
115,50,21
115,51,20
115,52,20
115,53,18
115,54,18
115,55,21
115,56,20
115,57,2
115,58,2
115,59,2
115,60,2
115,61,3
115,62,2
115,63,2
115,64,11
115,65,11
115,66,18
115,67,29
115,68,2
115,69,2
115,70,21
115,71,2
115,72,24
115,73,24
115,74,24
115,75,24
115,76,25
115,77,24
115,78,24
115,79,24
115,80,24
115,81,24
115,82,24
115,83,24
115,84,24
115,85,24
115,86,24
115,87,25
115,88,24
115,89,24
115,90,24
115,91,24
115,92,24
115,93,24
115,94,24
115,95,24
115,96,21
115,97,21
115,98,24
115,99,24
115,100,12
115,101,12
115,102,20
115,103,20
115,104,20
115,105,23
115,106,18
115,107,12
115,108,2
115,109,2
115,110,18
115,111,18
115,112,18
115,113,18
115,114,20
115,115,20
115,116,12
115,117,12
115,118,12
115,119,23
115,120,20
115,121,21
115,122,21
115,123,21
115,124,21
115,125,12
115,126,25
115,127,23
116,0,24
116,1,24
116,2,2
116,3,2
116,4,20
116,5,20
116,6,20
116,7,23
116,8,24
116,9,25
116,10,25
116,11,24
116,12,24
116,13,18
116,14,18
116,15,12
116,16,20
116,17,20
116,18,24
116,19,24
116,20,18
116,21,25
116,22,25
116,23,24
116,24,20
116,25,20
116,26,20
116,27,23
116,28,23
116,29,23
116,30,23
116,31,12
116,32,12
116,33,21
116,34,12
116,35,12
116,36,2
116,37,18
116,38,18
116,39,18
116,40,20
116,41,24
116,42,24
116,43,21
116,44,18
116,45,18
116,46,12
116,47,12
116,48,20
116,49,20
116,50,20
116,51,20
116,52,23
116,53,20
116,54,20
116,55,20
116,56,21
116,57,20
116,58,20
116,59,18
116,60,2
116,61,2
116,62,3
116,63,2
116,64,11
116,65,2
116,66,20
116,67,20
116,68,21
116,69,2
116,70,2
116,71,2
116,72,24
116,73,24
116,74,24
116,75,24
116,76,24
116,77,24
116,78,24
116,79,24
116,80,24
116,81,24
116,82,24
116,83,24
116,84,24
116,85,24
116,86,24
116,87,24
116,88,24
116,89,24
116,90,24
116,91,24
116,92,24
116,93,24
116,94,24
116,95,24
116,96,2
116,97,2
116,98,2
116,99,24
116,100,3
116,101,20
116,102,23
116,103,23
116,104,23
116,105,23
116,106,29
116,107,23
116,108,18
116,109,18
116,110,20
116,111,12
116,112,12
116,113,25
116,114,25
116,115,21
116,116,23
116,117,23
116,118,23
116,119,18
116,120,24
116,121,21
116,122,21
116,123,12
116,124,21
116,125,12
116,126,25
116,127,25
117,0,12
117,1,24
117,2,24
117,3,2
117,4,18
117,5,18
117,6,23
117,7,23
117,8,25
117,9,25
117,10,25
117,11,25
117,12,29
117,13,29
117,14,29
117,15,29
117,16,25
117,17,25
117,18,24
117,19,24
117,20,24
117,21,24
117,22,24
117,23,24
117,24,20
117,25,25
117,26,25
117,27,23
117,28,23
117,29,25
117,30,25
117,31,25
117,32,24
117,33,21
117,34,21
117,35,12
117,36,12
117,37,18
117,38,18
117,39,18
117,40,20
117,41,24
117,42,2
117,43,21
117,44,2
117,45,12
117,46,12
117,47,12
117,48,23
117,49,20
117,50,20
117,51,20
117,52,20
117,53,20
117,54,21
117,55,21
117,56,18
117,57,20
117,58,18
117,59,18
117,60,2
117,61,2
117,62,2
117,63,2
117,64,2
117,65,2
117,66,20
117,67,20
117,68,20
117,69,20
117,70,20
117,71,20
117,72,18
117,73,18
117,74,24
117,75,24
117,76,24
117,77,24
117,78,24
117,79,24
117,80,24
117,81,24
117,82,24
117,83,24
117,84,24
117,85,24
117,86,25
117,87,24
117,88,24
117,89,24
117,90,24
117,91,24
117,92,24
117,93,24
117,94,24
117,95,20
117,96,20
117,97,2
117,98,24
117,99,24
117,100,3
117,101,3
117,102,29
117,103,12
117,104,29
117,105,29
117,106,23
117,107,23
117,108,18
117,109,20
117,110,20
117,111,20
117,112,12
117,113,25
117,114,12
117,115,21
117,116,21
117,117,23
117,118,23
117,119,18
117,120,21
117,121,21
117,122,12
117,123,12
117,124,12
117,125,12
117,126,12
117,127,25
119,0,20
119,1,20
119,2,24
119,3,24
119,4,2
119,5,2
119,6,12
119,7,24
119,8,29
119,9,25
119,10,25
119,11,25
119,12,25
119,13,25
119,14,24
119,15,24
119,16,18
119,17,18
119,18,18
119,19,18
119,20,24
119,21,20
119,22,29
119,23,29
119,24,24
119,25,25
119,26,25
119,27,25
119,28,23
119,29,25
119,30,25
119,31,20
119,32,12
119,33,18
119,34,20
119,35,12
119,36,12
119,37,18
119,38,18
119,39,18
119,40,23
119,41,24
119,42,3
119,43,3
119,44,2
119,45,20
119,46,20
119,47,20
119,48,20
119,49,20
119,50,20
119,51,20
119,52,20
119,53,20
119,54,21
119,55,12
119,56,2
119,57,2
119,58,18
119,59,2
119,60,2
119,61,2
119,62,2
119,63,3
119,64,3
119,65,11
119,66,11
119,67,18
119,68,18
119,69,20
119,70,20
119,71,12
119,72,18
119,73,18
119,74,24
119,75,24
119,76,24
119,77,24
119,78,24
119,79,24
119,80,21
119,81,24
119,82,24
119,83,24
119,84,24
119,85,24
119,86,24
119,87,24
119,88,24
119,89,24
119,90,24
119,91,24
119,92,24
119,93,24
119,94,24
119,95,20
119,96,24
119,97,24
119,98,24
119,99,24
119,100,24
119,101,24
119,102,24
119,103,24
119,104,18
119,105,18
119,106,18
119,107,25
119,108,12
119,109,12
119,110,12
119,111,12
119,112,12
119,113,12
119,114,12
119,115,12
119,116,12
119,117,12
119,118,18
119,119,18
119,120,18
119,121,18
119,122,20
119,123,20
119,124,12
119,125,12
119,126,12
119,127,12
120,0,25
120,1,12
120,2,24
120,3,24
120,4,24
120,5,24
120,6,24
120,7,24
120,8,25
120,9,25
120,10,24
120,11,24
120,12,29
120,13,29
120,14,29
120,15,29
120,16,24
120,17,24
120,18,24
120,19,24
120,20,24
120,21,25
120,22,21
120,23,21
120,24,25
120,25,25
120,26,25
120,27,25
120,28,23
120,29,23
120,30,23
120,31,20
120,32,18
120,33,23
120,34,20
120,35,20
120,36,12
120,37,12
120,38,18
120,39,12
120,40,18
120,41,20
120,42,20
120,43,18
120,44,2
120,45,2
120,46,21
120,47,12
120,48,20
120,49,20
120,50,20
120,51,25
120,52,25
120,53,20
120,54,20
120,55,18
120,56,18
120,57,20
120,58,18
120,59,18
120,60,29
120,61,20
120,62,20
120,63,20
120,64,11
120,65,11
120,66,11
120,67,21
120,68,20
120,69,20
120,70,21
120,71,21
120,72,24
120,73,24
120,74,24
120,75,24
120,76,24
120,77,25
120,78,24
120,79,21
120,80,24
120,81,24
120,82,24
120,83,20
120,84,25
120,85,18
120,86,18
120,87,24
120,88,24
120,89,24
120,90,24
120,91,24
120,92,24
120,93,24
120,94,24
120,95,20
120,96,24
120,97,24
120,98,24
120,99,24
120,100,24
120,101,24
120,102,24
120,103,24
120,104,12
120,105,12
120,106,12
120,107,23
120,108,12
120,109,12
120,110,12
120,111,12
120,112,29
120,113,25
120,114,25
120,115,24
120,116,25
120,117,25
120,118,18
120,119,18
120,120,18
120,121,18
120,122,18
120,123,18
120,124,12
120,125,12
120,126,18
120,127,12
121,0,24
121,1,24
121,2,24
121,3,24
121,4,24
121,5,24
121,6,21
121,7,21
121,8,24
121,9,25
121,10,24
121,11,20
121,12,20
121,13,12
121,14,29
121,15,29
121,16,18
121,17,24
121,18,20
121,19,24
121,20,25
121,21,25
121,22,25
121,23,21
121,24,24
121,25,25
121,26,25
121,27,25
121,28,23
121,29,23
121,30,23
121,31,23
121,32,18
121,33,20
121,34,20
121,35,20
121,36,25
121,37,21
121,38,23
121,39,23
121,40,18
121,41,18
121,42,20
121,43,20
121,44,20
121,45,25
121,46,21
121,47,21
121,48,20
121,49,20
121,50,20
121,51,25
121,52,25
121,53,21
121,54,18
121,55,25
121,56,18
121,57,18
121,58,18
121,59,18
121,60,18
121,61,18
121,62,20
121,63,20
121,64,20
121,65,11
121,66,25
121,67,18
121,68,20
121,69,18
121,70,20
121,71,24
121,72,24
121,73,24
121,74,24
121,75,24
121,76,24
121,77,24
121,78,24
121,79,24
121,80,24
121,81,24
121,82,24
121,83,20
121,84,18
121,85,18
121,86,21
121,87,24
121,88,20
121,89,24
121,90,24
121,91,24
121,92,24
121,93,24
121,94,24
121,95,24
121,96,24
121,97,24
121,98,24
121,99,41
121,100,24
121,101,24
121,102,24
121,103,24
121,104,12
121,105,12
121,106,12
121,107,12
121,108,12
121,109,12
121,110,12
121,111,12
121,112,29
121,113,29
121,114,25
121,115,24
121,116,25
121,117,29
121,118,18
121,119,18
121,120,18
121,121,18
121,122,18
121,123,12
121,124,12
121,125,12
121,126,18
121,127,18
122,0,24
122,1,24
122,2,24
122,3,24
122,4,24
122,5,24
122,6,24
122,7,21
122,8,24
122,9,25
122,10,12
122,11,20
122,12,20
122,13,12
122,14,12
122,15,12
122,16,24
122,17,24
122,18,20
122,19,20
122,20,25
122,21,25
122,22,24
122,23,24
122,24,20
122,25,20
122,26,20
122,27,23
122,28,23
122,29,25
122,30,25
122,31,25
122,32,18
122,33,12
122,34,12
122,35,25
122,36,25
122,37,21
122,38,21
122,39,23
122,40,20
122,41,18
122,42,20
122,43,21
122,44,25
122,45,25
122,46,20
122,47,21
122,48,20
122,49,20
122,50,20
122,51,25
122,52,25
122,53,21
122,54,21
122,55,25
122,56,18
122,57,18
122,58,20
122,59,20
122,60,18
122,61,18
122,62,18
122,63,20
122,64,20
122,65,25
122,66,25
122,67,25
122,68,18
122,69,18
122,70,20
122,71,24
122,72,24
122,73,24
122,74,24
122,75,24
122,76,24
122,77,24
122,78,24
122,79,24
122,80,24
122,81,24
122,82,24
122,83,24
122,84,18
122,85,18
122,86,18
122,87,18
122,88,20
122,89,25
122,90,24
122,91,24
122,92,24
122,93,24
122,94,24
122,95,24
122,96,24
122,97,24
122,98,24
122,99,24
122,100,24
122,101,24
122,102,24
122,103,24
122,104,24
122,105,23
122,106,12
122,107,12
122,108,12
122,109,12
122,110,12
122,111,12
122,112,12
122,113,29
122,114,12
122,115,24
122,116,24
122,117,29
122,118,29
122,119,18
122,120,18
122,121,18
122,122,18
122,123,18
122,124,18
122,125,18
122,126,18
122,127,18
123,0,24
123,1,24
123,2,24
123,3,24
123,4,24
123,5,24
123,6,24
123,7,20
123,8,24
123,9,12
123,10,12
123,11,20
123,12,20
123,13,12
123,14,12
123,15,12
123,16,24
123,17,18
123,18,20
123,19,20
123,20,25
123,21,25
123,22,25
123,23,24
123,24,25
123,25,20
123,26,21
123,27,18
123,28,23
123,29,25
123,30,25
123,31,25
123,32,20
123,33,12
123,34,12
123,35,25
123,36,21
123,37,21
123,38,21
123,39,25
123,40,20
123,41,20
123,42,20
123,43,25
123,44,25
123,45,25
123,46,20
123,47,20
123,48,20
123,49,20
123,50,25
123,51,25
123,52,12
123,53,21
123,54,21
123,55,21
123,56,23
123,57,23
123,58,23
123,59,20
123,60,18
123,61,18
123,62,24
123,63,24
123,64,24
123,65,25
123,66,25
123,67,24
123,68,24
123,69,20
123,70,24
123,71,24
123,72,24
123,73,24
123,74,24
123,75,24
123,76,24
123,77,24
123,78,24
123,79,24
123,80,24
123,81,24
123,82,24
123,83,18
123,84,18
123,85,18
123,86,18
123,87,18
123,88,18
123,89,18
123,90,24
123,91,24
123,92,24
123,93,24
123,94,24
123,95,24
123,96,24
123,97,24
123,98,24
123,99,24
123,100,24
123,101,24
123,102,29
123,103,29
123,104,23
123,105,23
123,106,12
123,107,12
123,108,12
123,109,18
123,110,20
123,111,12
123,112,12
123,113,12
123,114,12
123,115,20
123,116,29
123,117,29
123,118,20
123,119,20
123,120,18
123,121,18
123,122,18
123,123,18
123,124,18
123,125,18
123,126,23
123,127,36
124,0,12
124,1,29
124,2,25
124,3,25
124,4,3
124,5,24
124,6,29
124,7,29
124,8,24
124,9,12
124,10,12
124,11,12
124,12,12
124,13,12
124,14,12
124,15,12
124,16,24
124,17,12
124,18,12
124,19,12
124,20,25
124,21,20
124,22,20
124,23,25
124,24,12
124,25,18
124,26,18
124,27,21
124,28,25
124,29,25
124,30,25
124,31,25
124,32,25
124,33,25
124,34,25
124,35,25
124,36,25
124,37,23
124,38,25
124,39,25
124,40,29
124,41,29
124,42,29
124,43,25
124,44,25
124,45,25
124,46,21
124,47,21
124,48,20
124,49,20
124,50,20
124,51,25
124,52,25
124,53,12
124,54,12
124,55,25
124,56,12
124,57,12
124,58,18
124,59,18
124,60,20
124,61,20
124,62,24
124,63,24
124,64,24
124,65,24
124,66,24
124,67,24
124,68,24
124,69,18
124,70,24
124,71,24
124,72,24
124,73,24
124,74,24
124,75,24
124,76,29
124,77,24
124,78,25
124,79,18
124,80,25
124,81,25
124,82,23
124,83,23
124,84,20
124,85,20
124,86,18
124,87,18
124,88,2
124,89,2
124,90,2
124,91,24
124,92,24
124,93,24
124,94,24
124,95,24
124,96,24
124,97,21
124,98,40
124,99,24
124,100,24
124,101,29
124,102,24
124,103,24
124,104,20
124,105,20
124,106,20
124,107,20
124,108,20
124,109,12
124,110,20
124,111,20
124,112,12
124,113,12
124,114,20
124,115,23
124,116,25
124,117,25
124,118,18
124,119,18
124,120,23
124,121,18
124,122,18
124,123,18
124,124,18
124,125,12
124,126,12
124,127,18
125,0,12
125,1,29
125,2,29
125,3,25
125,4,3
125,5,12
125,6,12
125,7,29
125,8,20
125,9,25
125,10,25
125,11,12
125,12,12
125,13,12
125,14,12
125,15,12
125,16,12
125,17,12
125,18,12
125,19,12
125,20,25
125,21,20
125,22,20
125,23,12
125,24,18
125,25,18
125,26,20
125,27,20
125,28,21
125,29,25
125,30,25
125,31,25
125,32,25
125,33,25
125,34,25
125,35,25
125,36,20
125,37,23
125,38,23
125,39,29
125,40,25
125,41,25
125,42,29
125,43,29
125,44,25
125,45,25
125,46,21
125,47,21
125,48,20
125,49,20
125,50,20
125,51,25
125,52,20
125,53,12
125,54,20
125,55,20
125,56,12
125,57,12
125,58,18
125,59,18
125,60,20
125,61,24
125,62,24
125,63,24
125,64,24
125,65,24
125,66,24
125,67,24
125,68,24
125,69,20
125,70,24
125,71,24
125,72,24
125,73,24
125,74,24
125,75,24
125,76,29
125,77,24
125,78,24
125,79,29
125,80,25
125,81,23
125,82,23
125,83,23
125,84,20
125,85,20
125,86,18
125,87,41
125,88,2
125,89,2
125,90,2
125,91,24
125,92,24
125,93,24
125,94,24
125,95,24
125,96,24
125,97,40
125,98,40
125,99,20
125,100,24
125,101,24
125,102,24
125,103,24
125,104,20
125,105,25
125,106,25
125,107,20
125,108,20
125,109,25
125,110,20
125,111,20
125,112,12
125,113,12
125,114,20
125,115,23
125,116,23
125,117,25
125,118,23
125,119,23
125,120,12
125,121,12
125,122,12
125,123,18
125,124,18
125,125,12
125,126,18
125,127,18
126,0,12
126,1,29
126,2,29
126,3,12
126,4,12
126,5,12
126,6,12
126,7,20
126,8,25
126,9,25
126,10,25
126,11,20
126,12,29
126,13,29
126,14,29
126,15,20
126,16,21
126,17,12
126,18,24
126,19,29
126,20,25
126,21,20
126,22,20
126,23,12
126,24,18
126,25,23
126,26,23
126,27,21
126,28,21
126,29,25
126,30,25
126,31,25
126,32,25
126,33,25
126,34,25
126,35,25
126,36,20
126,37,23
126,38,23
126,39,23
126,40,25
126,41,25
126,42,29
126,43,29
126,44,25
126,45,25
126,46,21
126,47,21
126,48,25
126,49,25
126,50,25
126,51,18
126,52,12
126,53,12
126,54,12
126,55,20
126,56,12
126,57,12
126,58,12
126,59,12
126,60,24
126,61,24
126,62,24
126,63,20
126,64,24
126,65,24
126,66,24
126,67,24
126,68,20
126,69,20
126,70,24
126,71,24
126,72,24
126,73,24
126,74,24
126,75,24
126,76,24
126,77,24
126,78,24
126,79,29
126,80,23
126,81,23
126,82,23
126,83,23
126,84,24
126,85,24
126,86,41
126,87,41
126,88,24
126,89,24
126,90,24
126,91,24
126,92,24
126,93,24
126,94,24
126,95,24
126,96,24
126,97,24
126,98,24
126,99,20
126,100,24
126,101,24
126,102,24
126,103,24
126,104,20
126,105,25
126,106,25
126,107,25
126,108,20
126,109,25
126,110,25
126,111,20
126,112,20
126,113,20
126,114,20
126,115,23
126,116,23
126,117,23
126,118,23
126,119,29
126,120,18
126,121,18
126,122,18
126,123,18
126,124,18
126,125,12
126,126,18
126,127,18
127,0,12
127,1,29
127,2,29
127,3,12
127,4,29
127,5,12
127,6,12
127,7,12
127,8,20
127,9,25
127,10,25
127,11,25
127,12,25
127,13,20
127,14,20
127,15,20
127,16,21
127,17,21
127,18,24
127,19,29
127,20,24
127,21,20
127,22,20
127,23,20
127,24,12
127,25,29
127,26,23
127,27,25
127,28,25
127,29,25
127,30,25
127,31,25
127,32,25
127,33,25
127,34,29
127,35,25
127,36,23
127,37,25
127,38,25
127,39,25
127,40,25
127,41,25
127,42,25
127,43,12
127,44,25
127,45,25
127,46,21
127,47,20
127,48,25
127,49,25
127,50,25
127,51,25
127,52,12
127,53,18
127,54,12
127,55,20
127,56,18
127,57,21
127,58,21
127,59,12
127,60,24
127,61,24
127,62,24
127,63,24
127,64,21
127,65,18
127,66,20
127,67,20
127,68,20
127,69,20
127,70,20
127,71,24
127,72,25
127,73,25
127,74,25
127,75,24
127,76,24
127,77,24
127,78,24
127,79,29
127,80,29
127,81,23
127,82,23
127,83,23
127,84,23
127,85,41
127,86,41
127,87,24
127,88,29
127,89,24
127,90,24
127,91,24
127,92,24
127,93,25
127,94,21
127,95,24
127,96,24
127,97,24
127,98,24
127,99,24
127,100,24
127,101,25
127,102,25
127,103,25
127,104,20
127,105,25
127,106,25
127,107,25
127,108,25
127,109,25
127,110,25
127,111,18
127,112,2
127,113,20
127,114,20
127,115,20
127,116,23
127,117,23
127,118,23
127,119,29
127,120,23
127,121,20
127,122,18
127,123,18
127,124,18
127,125,12
127,126,18
127,127,18
