x,y,clc
0,0,16
0,1,16
0,2,16
0,3,16
0,4,12
0,5,12
0,6,12
0,7,12
0,8,12
0,9,12
0,10,18
0,11,18
0,12,18
0,13,18
0,14,12
0,15,12
0,16,28
0,17,28
0,18,28
0,19,28
0,20,20
0,21,12
0,22,12
0,23,12
0,24,28
0,25,28
0,26,12
0,27,12
0,28,21
0,29,12
0,30,26
0,31,26
0,32,28
0,33,28
0,34,28
0,35,28
1,0,16
1,1,16
1,2,16
1,3,16
1,4,12
1,5,12
1,6,12
1,7,12
1,8,12
1,9,12
1,10,28
1,11,18
1,12,18
1,13,28
1,14,28
1,15,12
1,16,28
1,17,28
1,18,28
1,19,28
1,20,20
1,21,28
1,22,28
1,23,28
1,24,28
1,25,28
1,26,28
1,27,21
1,28,12
1,29,12
1,30,26
1,31,26
1,32,28
1,33,11
1,34,26
1,35,26
2,0,16
2,1,16
2,2,16
2,3,16
2,4,12
2,5,12
2,6,12
2,7,12
2,8,12
2,9,12
2,10,28
2,11,28
2,12,28
2,13,28
2,14,28
2,15,28
2,16,28
2,17,28
2,18,28
2,19,28
2,20,20
2,21,20
2,22,28
2,23,28
2,24,28
2,25,28
2,26,28
2,27,21
2,28,12
2,29,26
2,30,26
2,31,26
2,32,28
2,33,28
2,34,11
3,0,16
3,1,16
3,2,16
3,3,16
3,4,12
3,5,12
3,6,12
3,7,12
3,8,12
3,9,12
3,10,28
3,11,28
3,12,28
3,13,28
3,14,28
3,15,28
3,16,28
3,17,28
3,18,28
3,19,28
3,20,28
3,21,20
3,22,2
3,23,20
3,24,28
3,25,28
3,26,28
3,27,20
3,28,26
3,29,26
3,30,26
3,31,26
3,32,28
3,33,28
3,34,11
4,0,12
4,1,16
4,2,16
4,3,16
4,4,12
4,5,12
4,6,12
4,7,12
4,8,12
4,9,12
4,10,12
4,11,12
4,12,28
4,13,28
4,14,28
4,15,28
4,16,28
4,17,28
4,18,28
4,19,28
4,20,28
4,21,28
4,22,2
4,23,20
4,24,20
4,25,20
4,26,20
4,27,20
4,28,26
4,29,26
4,30,12
4,31,12
4,32,28
4,33,28
4,34,11
5,0,16
5,1,16
5,2,16
5,3,16
5,4,12
5,5,12
5,6,12
5,7,12
5,8,12
5,9,12
5,10,12
5,11,12
5,12,29
5,13,29
5,14,29
5,15,28
5,16,28
5,17,28
5,18,28
5,19,28
5,20,28
5,21,28
5,22,28
5,23,28
5,24,20
5,25,20
5,26,20
5,27,20
5,28,26
5,29,12
5,30,12
5,31,12
5,32,28
5,33,28
5,34,28
6,0,16
6,1,16
6,2,16
6,3,16
6,4,12
6,5,12
6,6,12
6,7,12
6,8,12
6,9,12
6,10,12
6,11,12
6,12,29
6,13,29
6,14,29
6,15,29
6,16,28
6,17,28
6,18,28
6,19,28
6,20,28
6,21,20
6,22,20
6,23,28
6,24,20
6,25,20
6,26,20
6,27,20
6,28,26
6,29,12
6,30,12
6,31,12
6,32,28
6,33,28
7,0,16
7,1,16
7,2,16
7,3,16
7,4,12
7,5,12
7,6,12
7,7,12
7,8,12
7,9,12
7,10,29
7,11,29
7,12,28
7,13,29
7,14,29
7,15,29
7,16,29
7,17,28
7,18,28
7,19,28
7,20,20
7,21,20
7,22,20
7,23,20
7,24,20
7,25,20
7,26,20
7,27,20
7,28,26
7,29,12
7,30,12
7,31,12
7,32,28
7,33,28
7,34,28
8,0,16
8,1,12
8,2,12
8,3,12
8,4,12
8,5,12
8,6,12
8,7,12
8,8,12
8,9,12
8,10,28
8,11,28
8,12,29
8,13,29
8,14,28
8,15,29
8,16,28
8,17,28
8,18,28
8,19,28
8,20,20
8,21,20
8,22,20
8,23,2
8,24,20
8,25,20
8,26,20
8,27,28
8,28,28
8,29,12
8,30,12
8,31,12
8,32,28
8,33,28
8,34,28
9,0,12
9,1,12
9,2,12
9,3,12
9,4,12
9,5,12
9,6,12
9,7,12
9,8,12
9,9,2
9,10,28
9,11,28
9,12,29
9,13,29
9,14,29
9,15,28
9,16,28
9,17,28
9,18,28
9,19,28
9,20,20
9,21,20
9,22,20
9,23,20
9,24,20
9,25,20
9,26,20
9,27,24
9,28,28
9,29,28
9,30,12
9,31,12
9,32,28
9,33,28
9,34,28
10,0,12
10,1,12
10,2,12
10,3,12
10,4,12
10,5,12
10,6,12
10,7,12
10,8,28
10,9,2
10,10,28
10,11,28
10,12,29
10,13,29
10,14,29
10,15,29
10,16,33
10,17,33
10,18,28
10,19,28
10,20,20
10,21,20
10,22,20
10,23,20
10,24,20
10,25,20
10,26,24
10,27,24
10,28,24
10,29,41
10,30,12
10,31,24
10,32,28
10,33,28
10,34,28
11,0,12
11,1,12
11,2,12
11,3,12
11,4,12
11,5,12
11,6,12
11,7,12
11,8,28
11,9,28
11,10,28
11,11,28
11,12,28
11,13,29
11,14,29
11,15,33
11,16,33
11,17,33
11,18,33
11,19,29
11,20,20
11,21,20
11,22,20
11,23,20
11,24,20
11,25,20
11,26,28
11,27,28
11,28,41
11,29,41
11,30,41
11,31,24
11,32,24
11,33,28
11,34,28
11,35,11
12,0,12
12,1,12
12,2,12
12,3,12
12,4,12
12,5,12
12,6,12
12,7,12
12,8,28
12,9,28
12,10,28
12,11,28
12,12,28
12,13,33
12,14,33
12,15,33
12,16,33
12,17,29
12,18,29
12,19,29
12,20,12
12,21,20
12,22,20
12,23,2
12,24,2
12,25,2
12,26,28
12,27,28
12,28,28
12,29,28
12,30,24
12,31,24
12,32,24
12,33,24
12,34,24
12,35,24
13,0,16
13,1,16
13,2,16
13,3,12
13,4,12
13,5,32
13,6,32
13,7,12
13,8,28
13,9,28
13,10,28
13,11,28
13,12,28
13,13,28
13,14,33
13,15,33
13,16,29
13,17,29
13,18,29
13,19,29
13,20,12
13,21,12
13,22,20
13,23,20
13,24,2
13,25,20
13,26,28
13,27,28
13,28,41
13,29,28
13,30,24
13,31,28
13,32,24
13,33,24
13,34,24
13,35,29
14,0,16
14,1,16
14,2,16
14,3,12
14,4,32
14,5,32
14,6,32
14,7,32
14,8,28
14,9,28
14,10,28
14,11,28
14,12,28
14,13,28
14,14,28
14,15,29
14,16,29
14,17,29
14,18,29
14,19,29
14,20,12
14,21,12
14,22,12
14,23,20
14,24,20
14,25,20
14,26,28
14,27,28
14,28,24
14,29,28
14,30,28
14,31,24
14,32,24
14,33,24
14,34,24
14,35,24
14,36,2
15,0,16
15,1,2
15,2,2
15,3,12
15,4,32
15,5,32
15,6,32
15,7,32
15,8,28
15,9,28
15,10,28
15,11,28
15,12,12
15,13,12
15,14,28
15,15,28
15,16,29
15,17,12
15,18,12
15,19,12
15,20,12
15,21,12
15,22,12
15,23,12
15,24,12
15,25,12
15,26,28
15,27,28
15,28,28
15,29,28
15,30,28
15,31,24
15,32,24
15,33,24
15,34,24
15,35,21
15,36,21
15,37,21
16,0,26
16,1,26
16,2,12
16,3,12
16,4,32
16,5,32
16,6,32
16,7,32
16,8,28
16,9,28
16,10,28
16,11,12
16,12,12
16,13,12
16,14,12
16,15,12
16,16,28
16,17,12
16,18,12
16,19,12
16,20,12
16,21,12
16,22,12
16,23,12
16,24,12
16,25,12
16,26,12
16,27,12
16,28,28
16,29,28
16,30,24
16,31,24
16,32,24
16,33,24
16,34,21
16,35,21
16,36,2
16,37,2
16,38,2
16,39,20
17,0,26
17,1,26
17,2,12
17,3,28
17,4,28
17,5,32
17,6,32
17,7,32
17,8,28
17,9,28
17,10,28
17,11,21
17,12,12
17,13,12
17,14,12
17,15,12
17,16,12
17,17,12
17,18,12
17,19,12
17,20,12
17,21,12
17,22,12
17,23,12
17,24,12
17,25,12
17,26,12
17,27,28
17,28,28
17,29,7
17,30,7
17,31,24
17,32,24
17,33,24
17,34,21
17,35,2
17,36,2
17,37,2
17,38,2
17,39,2
18,0,26
18,1,26
18,2,12
18,3,12
18,4,28
18,5,28
18,6,32
18,7,28
18,8,28
18,9,28
18,10,21
18,11,21
18,12,12
18,13,12
18,14,12
18,15,12
18,16,12
18,17,12
18,18,12
18,19,12
18,20,12
18,21,12
18,22,12
18,23,12
18,24,12
18,25,2
18,26,12
18,27,28
18,28,28
18,29,28
18,30,28
18,31,24
18,32,24
18,33,28
18,34,28
18,35,2
18,36,2
18,37,2
18,38,2
18,39,2
19,0,12
19,1,12
19,2,12
19,3,12
19,4,28
19,5,28
19,6,28
19,7,28
19,8,28
19,9,26
19,10,21
19,11,21
19,12,12
19,13,12
19,14,12
19,15,12
19,16,12
19,17,12
19,18,12
19,19,12
19,20,12
19,21,12
19,22,12
19,23,12
19,24,12
19,25,12
19,26,12
19,27,28
19,28,28
19,29,28
19,30,28
19,31,24
19,32,24
19,33,24
19,34,28
19,35,28
19,36,20
19,37,2
19,38,2
19,39,20
20,0,12
20,1,12
20,2,12
20,3,12
20,4,12
20,5,28
20,6,28
20,7,28
20,8,26
20,9,26
20,10,21
20,11,21
20,12,12
20,13,12
20,14,12
20,15,12
20,16,12
20,17,12
20,18,12
20,19,12
20,20,12
20,21,12
20,22,12
20,23,12
20,24,21
20,25,12
20,26,12
20,27,21
20,28,28
20,29,28
20,30,28
20,31,28
20,32,24
20,33,24
20,34,28
20,35,28
20,36,2
20,37,2
20,38,2
20,39,2
21,0,2
21,1,2
21,2,12
21,3,12
21,4,12
21,5,28
21,6,28
21,7,28
21,8,28
21,9,26
21,10,26
21,11,21
21,12,21
21,13,12
21,14,12
21,15,12
21,16,12
21,17,12
21,18,12
21,19,12
21,20,12
21,21,12
21,22,12
21,23,12
21,24,12
21,25,12
21,26,12
21,27,21
21,28,28
21,29,28
21,30,28
21,31,28
21,32,24
21,33,24
21,34,29
21,35,29
21,36,28
21,37,16
21,38,2
21,39,2
22,0,2
22,1,2
22,2,12
22,3,12
22,4,12
22,5,12
22,6,28
22,7,28
22,8,28
22,9,26
22,10,26
22,11,26
22,12,21
22,13,21
22,14,12
22,15,12
22,16,12
22,17,12
22,18,12
22,19,12
22,20,12
22,21,12
22,22,12
22,23,12
22,24,12
22,25,12
22,26,12
22,27,21
22,28,21
22,29,28
22,30,28
22,31,28
22,32,24
22,33,24
22,34,24
22,35,29
22,36,28
22,37,16
22,38,2
22,39,2
23,0,2
23,1,2
23,2,12
23,3,12
23,4,26
23,5,26
23,6,26
23,7,26
23,8,28
23,9,28
23,10,26
23,11,26
23,12,21
23,13,21
23,14,12
23,15,12
23,16,12
23,17,12
23,18,12
23,19,20
23,20,12
23,21,12
23,22,12
23,23,12
23,24,12
23,25,12
23,26,12
23,27,12
23,28,21
23,29,20
23,30,28
23,31,28
23,32,24
23,33,24
23,34,24
23,35,29
23,36,28
23,37,16
23,38,2
23,39,2
24,0,12
24,1,12
24,2,2
24,3,12
24,4,26
24,5,26
24,6,26
24,7,32
24,8,28
24,9,28
24,10,26
24,11,26
24,12,26
24,13,32
24,14,12
24,15,12
24,16,12
24,17,12
24,18,12
24,19,12
24,20,12
24,21,12
24,22,12
24,23,12
24,24,12
24,25,12
24,26,26
24,27,26
24,28,26
24,29,28
24,30,28
24,31,28
24,32,24
24,33,24
24,34,24
24,35,29
24,36,29
24,37,2
24,38,2
24,39,2
25,0,12
25,1,12
25,2,12
25,3,12
25,4,12
25,5,12
25,6,12
25,7,32
25,8,28
25,9,26
25,10,26
25,11,26
25,12,32
25,13,32
25,14,12
25,15,12
25,16,12
25,17,12
25,18,12
25,19,12
25,20,12
25,21,12
25,22,12
25,23,12
25,24,12
25,25,12
25,26,26
25,27,26
25,28,20
25,29,20
25,30,24
25,31,24
25,32,24
25,33,24
25,34,24
25,35,28
25,36,29
25,37,2
25,38,2
25,39,2
26,0,12
26,1,12
26,2,12
26,3,12
26,4,12
26,5,12
26,6,32
26,7,32
26,8,28
26,9,26
26,10,26
26,11,26
26,12,32
26,13,32
26,14,32
26,15,32
26,16,12
26,17,12
26,18,12
26,19,12
26,20,12
26,21,12
26,22,12
26,23,12
26,24,12
26,25,12
26,26,26
26,27,26
26,28,26
26,29,20
26,30,24
26,31,24
26,32,24
26,33,24
26,34,24
26,35,28
26,36,20
26,37,20
26,38,20
26,39,20
27,0,12
27,1,12
27,2,12
27,3,12
27,4,32
27,5,32
27,6,32
27,7,32
27,8,28
27,9,12
27,10,3
27,11,32
27,12,32
27,13,32
27,14,32
27,15,32
27,16,12
27,17,12
27,18,12
27,19,12
27,20,12
27,21,12
27,22,12
27,23,12
27,24,12
27,25,12
27,26,26
27,27,26
27,28,26
27,29,26
27,30,26
27,31,28
27,32,24
27,33,24
27,34,24
27,35,24
27,36,2
27,37,2
27,38,20
27,39,11
28,0,12
28,1,12
28,2,12
28,3,12
28,4,32
28,5,32
28,6,32
28,7,12
28,8,12
28,9,12
28,10,12
28,11,12
28,12,12
28,13,12
28,14,32
28,15,32
28,16,12
28,17,12
28,18,12
28,19,12
28,20,12
28,21,12
28,22,20
28,23,20
28,24,12
28,25,12
28,26,12
28,27,17
28,28,26
28,29,26
28,30,28
28,31,28
28,32,24
28,33,24
28,34,24
28,35,28
28,36,2
28,37,2
28,38,16
28,39,16
29,0,12
29,1,12
29,2,12
29,3,12
29,4,12
29,5,32
29,6,32
29,7,12
29,8,12
29,9,12
29,10,12
29,11,12
29,12,12
29,13,12
29,14,12
29,15,12
29,16,12
29,17,12
29,18,12
29,19,12
29,20,12
29,21,12
29,22,12
29,23,20
29,24,3
29,25,12
29,26,12
29,27,12
29,28,26
29,29,28
29,30,28
29,31,28
29,32,24
29,33,24
29,34,28
29,35,28
29,36,20
29,37,20
29,38,20
29,39,20
29,40,3
30,0,12
30,1,26
30,2,12
30,3,12
30,4,12
30,5,32
30,6,12
30,7,12
30,8,12
30,9,12
30,10,12
30,11,12
30,12,12
30,13,12
30,14,12
30,15,12
30,16,12
30,17,12
30,18,12
30,19,12
30,20,12
30,21,12
30,22,12
30,23,20
30,24,3
30,25,12
30,26,12
30,27,12
30,28,20
30,29,26
30,30,28
30,31,28
30,32,24
30,33,24
30,34,28
30,35,28
30,36,28
30,37,20
30,38,20
30,39,20
30,40,2
30,41,3
31,0,12
31,1,12
31,2,26
31,3,12
31,4,12
31,5,26
31,6,26
31,7,12
31,8,12
31,9,12
31,10,12
31,11,12
31,12,12
31,13,12
31,14,12
31,15,12
31,16,12
31,17,12
31,18,12
31,19,12
31,20,12
31,21,12
31,22,12
31,23,20
31,24,12
31,25,12
31,26,12
31,27,12
31,28,26
31,29,26
31,30,7
31,31,7
31,32,24
31,33,24
31,34,28
31,35,28
31,36,28
31,37,20
31,38,2
31,39,2
31,40,2
31,41,3
31,42,3
32,0,12
32,1,12
32,2,12
32,3,12
32,4,26
32,5,26
32,6,26
32,7,12
32,8,12
32,9,12
32,10,12
32,11,12
32,12,12
32,13,2
32,14,2
32,15,12
32,16,12
32,17,12
32,18,12
32,19,12
32,20,12
32,21,20
32,22,20
32,23,20
32,24,12
32,25,12
32,26,12
32,27,12
32,28,26
32,29,26
32,30,28
32,31,7
32,32,24
32,33,24
32,34,24
32,35,24
32,36,29
32,37,29
32,38,2
32,39,2
32,40,20
32,41,2
32,42,2
33,0,12
33,1,12
33,2,12
33,3,12
33,4,12
33,5,26
33,6,26
33,7,12
33,8,12
33,9,12
33,10,12
33,11,12
33,12,12
33,13,12
33,14,2
33,15,12
33,16,12
33,17,12
33,18,12
33,19,12
33,20,12
33,21,12
33,22,12
33,23,12
33,24,12
33,25,12
33,26,12
33,27,12
33,28,26
33,29,26
33,30,26
33,31,28
33,32,24
33,33,24
33,34,24
33,35,24
33,36,29
33,37,29
33,38,2
33,39,2
33,40,2
33,41,2
33,42,2
34,0,12
34,1,12
34,2,12
34,3,12
34,4,12
34,5,26
34,6,26
34,7,12
34,8,12
34,9,12
34,10,12
34,11,12
34,12,12
34,13,12
34,14,12
34,15,12
34,16,12
34,17,12
34,18,12
34,19,12
34,20,12
34,21,12
34,22,12
34,23,12
34,24,12
34,25,12
34,26,12
34,27,12
34,28,26
34,29,26
34,30,26
34,31,28
34,32,24
34,33,24
34,34,24
34,35,29
34,36,29
34,37,29
34,38,2
34,39,2
34,40,12
34,41,2
34,42,2
35,0,28
35,1,28
35,2,12
35,3,12
35,4,12
35,5,12
35,6,26
35,7,26
35,8,12
35,9,12
35,10,12
35,11,12
35,12,12
35,13,12
35,14,12
35,15,12
35,16,12
35,17,12
35,18,12
35,19,12
35,20,12
35,21,12
35,22,12
35,23,12
35,24,12
35,25,12
35,26,12
35,27,12
35,28,26
35,29,26
35,30,26
35,31,28
35,32,24
35,33,29
35,34,29
35,35,29
35,36,29
35,37,29
35,38,29
35,39,12
35,40,2
35,41,2
35,42,2
36,0,28
36,1,28
36,2,28
36,3,28
36,4,12
36,5,12
36,6,26
36,7,26
36,8,12
36,9,12
36,10,12
36,11,12
36,12,3
36,13,12
36,14,12
36,15,12
36,16,12
36,17,12
36,18,12
36,19,12
36,20,12
36,21,12
36,22,12
36,23,12
36,24,12
36,25,12
36,26,12
36,27,12
36,28,12
36,29,12
36,30,28
36,31,28
36,32,24
36,33,24
36,34,29
36,35,29
36,36,29
36,37,29
36,38,29
36,39,29
36,40,20
36,41,2
37,0,28
37,1,28
37,2,28
37,3,28
37,4,12
37,5,12
37,6,26
37,7,26
37,8,12
37,9,12
37,10,12
37,11,12
37,12,3
37,13,3
37,14,12
37,15,12
37,16,12
37,17,12
37,18,12
37,19,12
37,20,12
37,21,12
37,22,12
37,23,12
37,24,12
37,25,12
37,26,12
37,27,12
37,28,12
37,29,20
37,30,28
37,31,28
37,32,29
37,33,29
37,34,29
37,35,29
37,36,29
37,37,29
37,38,29
37,39,29
37,40,21
37,41,2
38,0,28
38,1,28
38,2,28
38,3,28
38,4,12
38,5,12
38,6,26
38,7,26
38,8,12
38,9,12
38,10,12
38,11,12
38,12,3
38,13,3
38,14,12
38,15,12
38,16,12
38,17,12
38,18,12
38,19,12
38,20,12
38,21,12
38,22,12
38,23,12
38,24,12
38,25,12
38,26,12
38,27,12
38,28,20
38,29,20
38,30,28
38,31,28
38,32,28
38,33,29
38,34,29
38,35,24
38,36,29
38,37,29
38,38,29
38,39,29
38,40,21
38,41,2
39,0,28
39,1,28
39,2,28
39,3,28
39,4,12
39,5,12
39,6,26
39,7,26
39,8,12
39,9,12
39,10,12
39,11,12
39,12,12
39,13,12
39,14,12
39,15,12
39,16,12
39,17,12
39,18,12
39,19,12
39,20,12
39,21,12
39,22,12
39,23,12
39,24,12
39,25,12
39,26,12
39,27,12
39,28,20
39,29,20
39,30,28
39,31,28
39,32,28
39,33,24
39,34,29
39,35,24
39,36,29
39,37,29
39,38,29
39,39,29
39,40,2
39,41,2
40,0,28
40,1,28
40,2,28
40,3,12
40,4,12
40,5,12
40,6,12
40,7,26
40,8,12
40,9,12
40,10,12
40,11,12
40,12,12
40,13,12
40,14,28
40,15,28
40,16,12
40,17,12
40,18,12
40,19,12
40,20,12
40,21,12
40,22,12
40,23,12
40,24,2
40,25,12
40,26,12
40,27,12
40,28,12
40,29,26
40,30,28
40,31,28
40,32,28
40,33,24
40,34,24
40,35,29
40,36,29
40,37,29
40,38,29
40,39,29
40,40,2
40,41,20
40,42,20
41,0,20
41,1,28
41,2,9
41,3,12
41,4,12
41,5,12
41,6,12
41,7,26
41,8,12
41,9,12
41,10,12
41,11,12
41,12,12
41,13,12
41,14,28
41,15,28
41,16,12
41,17,12
41,18,12
41,19,12
41,20,12
41,21,12
41,22,12
41,23,12
41,24,2
41,25,12
41,26,12
41,27,12
41,28,12
41,29,12
41,30,26
41,31,28
41,32,28
41,33,24
41,34,24
41,35,24
41,36,29
41,37,29
41,38,29
41,39,29
41,40,2
41,41,20
41,42,2
41,43,2
42,0,4
42,1,28
42,2,28
42,3,2
42,4,12
42,5,12
42,6,12
42,7,26
42,8,12
42,9,12
42,10,12
42,11,12
42,12,12
42,13,12
42,14,28
42,15,28
42,16,12
42,17,12
42,18,12
42,19,12
42,20,12
42,21,12
42,22,12
42,23,12
42,24,12
42,25,12
42,26,12
42,27,12
42,28,12
42,29,12
42,30,20
42,31,28
42,32,28
42,33,24
42,34,24
42,35,24
42,36,29
42,37,29
42,38,29
42,39,29
42,40,2
42,41,2
42,42,2
42,43,2
43,0,2
43,1,28
43,2,28
43,3,2
43,4,2
43,5,12
43,6,26
43,7,26
43,8,12
43,9,12
43,10,12
43,11,12
43,12,12
43,13,12
43,14,12
43,15,12
43,16,12
43,17,12
43,18,12
43,19,12
43,20,12
43,21,12
43,22,12
43,23,12
43,24,12
43,25,12
43,26,12
43,27,12
43,28,12
43,29,12
43,30,12
43,31,26
43,32,28
43,33,28
43,34,24
43,35,24
43,36,29
43,37,2
43,38,2
43,39,29
43,40,2
43,41,2
43,42,2
43,43,2
44,0,2
44,1,28
44,2,28
44,3,28
44,4,12
44,5,12
44,6,26
44,7,12
44,8,12
44,9,12
44,10,12
44,11,12
44,12,12
44,13,12
44,14,12
44,15,12
44,16,12
44,17,12
44,18,12
44,19,12
44,20,12
44,21,12
44,22,12
44,23,12
44,24,12
44,25,12
44,26,12
44,27,12
44,28,12
44,29,12
44,30,12
44,31,12
44,32,28
44,33,28
44,34,29
44,35,29
44,36,29
44,37,29
44,38,2
44,39,29
44,40,20
44,41,20
44,42,2
44,43,2
45,0,20
45,1,28
45,2,28
45,3,28
45,4,12
45,5,12
45,6,26
45,7,12
45,8,12
45,9,12
45,10,12
45,11,12
45,12,20
45,13,12
45,14,12
45,15,12
45,16,12
45,17,12
45,18,12
45,19,12
45,20,12
45,21,12
45,22,12
45,23,12
45,24,12
45,25,12
45,26,12
45,27,12
45,28,12
45,29,12
45,30,12
45,31,12
45,32,28
45,33,28
45,34,28
45,35,29
45,36,29
45,37,29
45,38,29
45,39,29
45,40,20
45,41,20
45,42,20
45,43,2
46,0,20
46,1,28
46,2,28
46,3,28
46,4,12
46,5,12
46,6,26
46,7,26
46,8,12
46,9,12
46,10,12
46,11,12
46,12,20
46,13,12
46,14,12
46,15,12
46,16,12
46,17,12
46,18,12
46,19,12
46,20,12
46,21,12
46,22,12
46,23,12
46,24,12
46,25,12
46,26,12
46,27,12
46,28,12
46,29,12
46,30,12
46,31,12
46,32,20
46,33,28
46,34,28
46,35,29
46,36,29
46,37,29
46,38,29
46,39,29
46,40,2
46,41,2
46,42,2
46,43,2
46,44,20
47,0,20
47,1,28
47,2,28
47,3,28
47,4,12
47,5,12
47,6,26
47,7,26
47,8,12
47,9,12
47,10,12
47,11,12
47,12,12
47,13,12
47,14,12
47,15,12
47,16,12
47,17,12
47,18,12
47,19,12
47,20,12
47,21,12
47,22,12
47,23,12
47,24,12
47,25,12
47,26,12
47,27,12
47,28,6
47,29,6
47,30,12
47,31,12
47,32,20
47,33,2
47,34,28
47,35,28
47,36,29
47,37,29
47,38,29
47,39,29
47,40,29
47,41,2
47,42,20
47,43,20
47,44,3
48,0,3
48,1,28
48,2,28
48,3,28
48,4,12
48,5,12
48,6,26
48,7,26
48,8,12
48,9,12
48,10,12
48,11,12
48,12,12
48,13,12
48,14,12
48,15,12
48,16,12
48,17,12
48,18,12
48,19,12
48,20,12
48,21,41
48,22,12
48,23,12
48,24,12
48,25,12
48,26,12
48,27,12
48,28,6
48,29,2
48,30,2
48,31,20
48,32,2
48,33,2
48,34,28
48,35,28
48,36,29
48,37,29
48,38,29
48,39,29
48,40,29
48,41,20
48,42,20
48,43,20
48,44,3
49,0,3
49,1,3
49,2,28
49,3,28
49,4,12
49,5,26
49,6,26
49,7,26
49,8,12
49,9,12
49,10,12
49,11,12
49,12,12
49,13,12
49,14,12
49,15,3
49,16,2
49,17,2
49,18,12
49,19,12
49,20,12
49,21,12
49,22,12
49,23,12
49,24,12
49,25,12
49,26,12
49,27,12
49,28,12
49,29,12
49,30,2
49,31,2
49,32,2
49,33,2
49,34,28
49,35,28
49,36,29
49,37,29
49,38,29
49,39,29
49,40,2
49,41,20
49,42,20
49,43,2
49,44,3
50,0,3
50,1,3
50,2,12
50,3,12
50,4,12
50,5,26
50,6,26
50,7,26
50,8,2
50,9,12
50,10,12
50,11,12
50,12,12
50,13,12
50,14,12
50,15,3
50,16,12
50,17,2
50,18,12
50,19,12
50,20,12
50,21,12
50,22,12
50,23,12
50,24,12
50,25,12
50,26,12
50,27,12
50,28,12
50,29,12
50,30,12
50,31,12
50,32,12
50,33,28
50,34,28
50,35,28
50,36,28
50,37,29
50,38,29
50,39,29
50,40,2
50,41,2
50,42,20
50,43,20
50,44,2
51,0,3
51,1,3
51,2,12
51,3,12
51,4,12
51,5,26
51,6,26
51,7,2
51,8,2
51,9,12
51,10,12
51,11,12
51,12,12
51,13,12
51,14,12
51,15,3
51,16,12
51,17,12
51,18,12
51,19,12
51,20,12
51,21,12
51,22,12
51,23,12
51,24,12
51,25,12
51,26,12
51,27,12
51,28,2
51,29,2
51,30,12
51,31,12
51,32,12
51,33,12
51,34,28
51,35,28
51,36,28
51,37,28
51,38,29
51,39,29
51,40,2
51,41,2
51,42,2
51,43,2
51,44,2
52,0,3
52,1,12
52,2,12
52,3,12
52,4,12
52,5,26
52,6,26
52,7,26
52,8,12
52,9,12
52,10,12
52,11,12
52,12,12
52,13,12
52,14,12
52,15,12
52,16,12
52,17,12
52,18,12
52,19,12
52,20,12
52,21,12
52,22,12
52,23,12
52,24,12
52,25,2
52,26,12
52,27,12
52,28,12
52,29,12
52,30,12
52,31,12
52,32,3
52,33,3
52,34,28
52,35,24
52,36,24
52,37,24
52,38,28
52,39,29
52,40,29
52,41,29
52,42,2
52,43,2
52,44,2
52,45,2
53,0,12
53,1,12
53,2,12
53,3,12
53,4,12
53,5,26
53,6,26
53,7,26
53,8,3
53,9,12
53,10,12
53,11,12
53,12,12
53,13,12
53,14,12
53,15,3
53,16,12
53,17,12
53,18,12
53,19,12
53,20,12
53,21,12
53,22,12
53,23,3
53,24,12
53,25,12
53,26,12
53,27,12
53,28,12
53,29,12
53,30,12
53,31,12
53,32,3
53,33,28
53,34,28
53,35,24
53,36,24
53,37,24
53,38,28
53,39,29
53,40,29
53,41,20
53,42,2
53,43,2
53,44,2
53,45,5
54,0,12
54,1,12
54,2,12
54,3,6
54,4,6
54,5,6
54,6,26
54,7,26
54,8,3
54,9,3
54,10,12
54,11,12
54,12,12
54,13,12
54,14,12
54,15,12
54,16,20
54,17,12
54,18,12
54,19,12
54,20,12
54,21,3
54,22,12
54,23,12
54,24,12
54,25,12
54,26,12
54,27,12
54,28,12
54,29,12
54,30,12
54,31,3
54,32,3
54,33,28
54,34,28
54,35,24
54,36,24
54,37,24
54,38,24
54,39,28
54,40,20
54,41,20
54,42,2
54,43,2
54,44,2
54,45,2
55,0,12
55,1,12
55,2,6
55,3,6
55,4,6
55,5,6
55,6,26
55,7,26
55,8,3
55,9,3
55,10,12
55,11,12
55,12,12
55,13,12
55,14,3
55,15,12
55,16,20
55,17,9
55,18,9
55,19,2
55,20,3
55,21,3
55,22,12
55,23,12
55,24,26
55,25,12
55,26,12
55,27,12
55,28,12
55,29,12
55,30,12
55,31,3
55,32,3
55,33,28
55,34,28
55,35,24
55,36,24
55,37,24
55,38,24
55,39,28
55,40,20
55,41,2
55,42,3
55,43,2
55,44,2
55,45,2
55,46,2
56,0,12
56,1,12
56,2,6
56,3,6
56,4,6
56,5,26
56,6,26
56,7,26
56,8,26
56,9,3
56,10,12
56,11,12
56,12,12
56,13,12
56,14,9
56,15,9
56,16,2
56,17,2
56,18,2
56,19,2
56,20,12
56,21,12
56,22,41
56,23,12
56,24,26
56,25,26
56,26,12
56,27,12
56,28,20
56,29,20
56,30,2
56,31,2
56,32,3
56,33,28
56,34,28
56,35,28
56,36,24
56,37,29
56,38,29
56,39,29
56,40,29
56,41,20
56,42,2
56,43,2
56,44,2
56,45,2
57,0,12
57,1,6
57,2,6
57,3,6
57,4,6
57,5,6
57,6,26
57,7,26
57,8,26
57,9,3
57,10,12
57,11,12
57,12,12
57,13,12
57,14,12
57,15,9
57,16,2
57,17,2
57,18,2
57,19,2
57,20,12
57,21,12
57,22,12
57,23,12
57,24,26
57,25,12
57,26,12
57,27,12
57,28,20
57,29,2
57,30,2
57,31,2
57,32,2
57,33,28
57,34,28
57,35,28
57,36,24
57,37,29
57,38,29
57,39,29
57,40,29
57,41,2
57,42,2
57,43,2
57,44,2
57,45,2
58,0,12
58,1,12
58,2,6
58,3,6
58,4,6
58,5,6
58,6,6
58,7,26
58,8,26
58,9,26
58,10,12
58,11,12
58,12,12
58,13,12
58,14,12
58,15,2
58,16,2
58,17,2
58,18,2
58,19,2
58,20,12
58,21,12
58,22,12
58,23,12
58,24,12
58,25,12
58,26,12
58,27,12
58,28,12
58,29,20
58,30,2
58,31,2
58,32,3
58,33,28
58,34,28
58,35,28
58,36,24
58,37,29
58,38,29
58,39,29
58,40,29
58,41,2
58,42,2
58,43,2
58,44,2
58,45,12
59,0,12
59,1,12
59,2,12
59,3,6
59,4,6
59,5,6
59,6,6
59,7,26
59,8,26
59,9,26
59,10,12
59,11,12
59,12,12
59,13,12
59,14,12
59,15,12
59,16,2
59,17,2
59,18,2
59,19,2
59,20,12
59,21,12
59,22,12
59,23,12
59,24,12
59,25,12
59,26,12
59,27,12
59,28,12
59,29,2
59,30,2
59,31,3
59,32,3
59,33,28
59,34,28
59,35,28
59,36,24
59,37,29
59,38,29
59,39,29
59,40,29
59,41,2
59,42,2
59,43,2
59,44,2
59,45,12
60,0,2
60,1,2
60,2,2
60,3,2
60,4,2
60,5,20
60,6,20
60,7,20
60,8,26
60,9,3
60,10,3
60,11,3
60,12,9
60,13,2
60,14,2
60,15,2
60,16,2
60,17,2
60,18,12
60,19,12
60,20,3
60,21,3
60,22,3
60,23,3
60,24,8
60,25,12
60,26,12
60,27,12
60,28,12
60,29,12
60,30,12
60,31,12
60,32,28
60,33,28
60,34,28
60,35,28
60,36,24
60,37,28
60,38,28
60,39,28
60,40,10
60,41,2
60,42,2
60,43,2
60,44,16
60,45,16
60,46,12
61,0,2
61,1,2
61,2,2
61,3,2
61,4,2
61,5,2
61,6,2
61,7,20
61,8,26
61,9,3
61,10,3
61,11,3
61,12,9
61,13,2
61,14,2
61,15,2
61,16,2
61,17,2
61,18,2
61,19,35
61,20,10
61,21,3
61,22,3
61,23,29
61,24,29
61,25,12
61,26,12
61,27,12
61,28,12
61,29,12
61,30,12
61,31,12
61,32,28
61,33,28
61,34,28
61,35,28
61,36,28
61,37,28
61,38,28
61,39,28
61,40,10
61,41,2
61,42,2
61,43,2
61,44,16
61,45,11
61,46,11
62,0,2
62,1,2
62,2,2
62,3,2
62,4,2
62,5,2
62,6,2
62,7,2
62,8,26
62,9,3
62,10,3
62,11,3
62,12,29
62,13,2
62,14,2
62,15,2
62,16,2
62,17,2
62,18,2
62,19,10
62,20,12
62,21,3
62,22,3
62,23,29
62,24,29
62,25,12
62,26,12
62,27,12
62,28,12
62,29,12
62,30,12
62,31,12
62,32,12
62,33,28
62,34,28
62,35,28
62,36,28
62,37,28
62,38,28
62,39,28
62,40,28
62,41,28
62,42,2
62,43,2
62,44,11
62,45,11
62,46,19
63,0,2
63,1,2
63,2,2
63,3,2
63,4,3
63,5,2
63,6,2
63,7,2
63,8,3
63,9,2
63,10,3
63,11,2
63,12,29
63,13,29
63,14,29
63,15,2
63,16,2
63,17,2
63,18,2
63,19,11
63,20,12
63,21,3
63,22,3
63,23,29
63,24,29
63,25,12
63,26,12
63,27,12
63,28,12
63,29,12
63,30,12
63,31,12
63,32,12
63,33,12
63,34,7
63,35,28
63,36,28
63,37,28
63,38,28
63,39,28
63,40,28
63,41,28
63,42,2
63,43,2
63,44,17
63,45,2
63,46,19
63,47,19
64,0,2
64,1,2
64,2,2
64,3,2
64,4,2
64,5,2
64,6,2
64,7,2
64,8,2
64,9,2
64,10,2
64,11,11
64,12,29
64,13,29
64,14,29
64,15,2
64,16,2
64,17,2
64,18,2
64,19,3
64,20,3
64,21,19
64,22,19
64,23,12
64,24,29
64,25,29
64,26,7
64,27,21
64,28,21
64,29,12
64,30,12
64,31,12
64,32,12
64,33,12
64,34,12
64,35,28
64,36,28
64,37,28
64,38,28
64,39,28
64,40,28
64,41,28
64,42,2
64,43,29
64,44,2
64,45,2
64,46,2
64,47,2
65,0,12
65,1,12
65,2,10
65,3,9
65,4,2
65,5,2
65,6,2
65,7,2
65,8,2
65,9,2
65,10,2
65,11,2
65,12,29
65,13,29
65,14,3
65,15,3
65,16,2
65,17,2
65,18,2
65,19,3
65,20,3
65,21,3
65,22,29
65,23,29
65,24,29
65,25,29
65,26,29
65,27,21
65,28,21
65,29,12
65,30,12
65,31,12
65,32,12
65,33,12
65,34,12
65,35,28
65,36,24
65,37,24
65,38,28
65,39,28
65,40,28
65,41,28
65,42,28
65,43,29
65,44,2
65,45,2
65,46,2
65,47,20
66,0,12
66,1,12
66,2,2
66,3,10
66,4,17
66,5,2
66,6,2
66,7,2
66,8,10
66,9,2
66,10,2
66,11,2
66,12,29
66,13,29
66,14,3
66,15,3
66,16,2
66,17,2
66,18,2
66,19,3
66,20,3
66,21,12
66,22,12
66,23,29
66,24,29
66,25,29
66,26,29
66,27,21
66,28,21
66,29,12
66,30,12
66,31,12
66,32,12
66,33,12
66,34,12
66,35,12
66,36,28
66,37,24
66,38,28
66,39,28
66,40,28
66,41,28
66,42,28
66,43,2
66,44,2
66,45,2
66,46,2
66,47,20
67,0,2
67,1,2
67,2,2
67,3,2
67,4,17
67,5,2
67,6,2
67,7,2
67,8,10
67,9,2
67,10,2
67,11,2
67,12,29
67,13,29
67,14,3
67,15,2
67,16,2
67,17,2
67,18,2
67,19,18
67,20,12
67,21,12
67,22,12
67,23,12
67,24,12
67,25,29
67,26,29
67,27,29
67,28,21
67,29,12
67,30,12
67,31,12
67,32,12
67,33,12
67,34,12
67,35,12
67,36,28
67,37,24
67,38,28
67,39,28
67,40,28
67,41,28
67,42,2
67,43,2
67,44,2
67,45,2
67,46,2
67,47,20
68,0,2
68,1,2
68,2,2
68,3,2
68,4,2
68,5,2
68,6,2
68,7,10
68,8,2
68,9,2
68,10,2
68,11,3
68,12,29
68,13,2
68,14,2
68,15,2
68,16,2
68,17,2
68,18,2
68,19,18
68,20,2
68,21,12
68,22,28
68,23,28
68,24,3
68,25,12
68,26,29
68,27,29
68,28,12
68,29,29
68,30,26
68,31,12
68,32,12
68,33,12
68,34,2
68,35,2
68,36,24
68,37,24
68,38,24
68,39,24
68,40,28
68,41,28
68,42,28
68,43,2
68,44,2
68,45,2
68,46,11
68,47,11
68,48,28
69,0,2
69,1,2
69,2,2
69,3,2
69,4,2
69,5,2
69,6,2
69,7,11
69,8,2
69,9,2
69,10,2
69,11,3
69,12,1
69,13,2
69,14,1
69,15,1
69,16,2
69,17,2
69,18,2
69,19,2
69,20,2
69,21,2
69,22,2
69,23,2
69,24,3
69,25,3
69,26,29
69,27,29
69,28,29
69,29,29
69,30,29
69,31,12
69,32,12
69,33,12
69,34,2
69,35,2
69,36,24
69,37,24
69,38,29
69,39,29
69,40,28
69,41,28
69,42,28
69,43,2
69,44,2
69,45,26
69,46,11
69,47,11
69,48,28
70,0,20
70,1,1
70,2,2
70,3,2
70,4,2
70,5,2
70,6,2
70,7,2
70,8,2
70,9,2
70,10,1
70,11,1
70,12,1
70,13,1
70,14,1
70,15,1
70,16,2
70,17,2
70,18,2
70,19,2
70,20,2
70,21,2
70,22,2
70,23,2
70,24,2
70,25,3
70,26,29
70,27,29
70,28,29
70,29,29
70,30,29
70,31,12
70,32,12
70,33,12
70,34,2
70,35,2
70,36,24
70,37,24
70,38,29
70,39,29
70,40,24
70,41,28
70,42,28
70,43,24
70,44,26
70,45,26
70,46,28
70,47,11
70,48,3
71,0,20
71,1,20
71,2,2
71,3,2
71,4,2
71,5,2
71,6,2
71,7,2
71,8,2
71,9,2
71,10,1
71,11,1
71,12,1
71,13,1
71,14,1
71,15,2
71,16,2
71,17,2
71,18,2
71,19,2
71,20,2
71,21,2
71,22,2
71,23,2
71,24,12
71,25,12
71,26,12
71,27,29
71,28,29
71,29,29
71,30,29
71,31,12
71,32,12
71,33,12
71,34,12
71,35,28
71,36,24
71,37,24
71,38,24
71,39,29
71,40,24
71,41,24
71,42,24
71,43,24
71,44,24
71,45,28
71,46,28
71,47,28
71,48,11
72,0,3
72,1,3
72,2,3
72,3,3
72,4,2
72,5,2
72,6,2
72,7,2
72,8,2
72,9,2
72,10,2
72,11,2
72,12,2
72,13,3
72,14,2
72,15,2
72,16,2
72,17,12
72,18,12
72,19,12
72,20,12
72,21,20
72,22,20
72,23,12
72,24,12
72,25,12
72,26,12
72,27,29
72,28,29
72,29,28
72,30,28
72,31,28
72,32,28
72,33,12
72,34,28
72,35,28
72,36,28
72,37,24
72,38,24
72,39,24
72,40,24
72,41,24
72,42,24
72,43,24
72,44,28
72,45,28
72,46,19
72,47,19
72,48,3
73,0,3
73,1,3
73,2,3
73,3,3
73,4,3
73,5,2
73,6,2
73,7,2
73,8,1
73,9,3
73,10,3
73,11,2
73,12,2
73,13,2
73,14,2
73,15,2
73,16,2
73,17,2
73,18,12
73,19,12
73,20,12
73,21,12
73,22,20
73,23,12
73,24,12
73,25,12
73,26,12
73,27,29
73,28,29
73,29,28
73,30,28
73,31,28
73,32,28
73,33,28
73,34,7
73,35,7
73,36,24
73,37,24
73,38,24
73,39,24
73,40,24
73,41,24
73,42,24
73,43,24
73,44,28
73,45,19
73,46,19
73,47,19
73,48,28
73,49,12
73,50,12
74,0,20
74,1,3
74,2,3
74,3,3
74,4,3
74,5,2
74,6,2
74,7,3
74,8,2
74,9,3
74,10,10
74,11,2
74,12,2
74,13,2
74,14,2
74,15,2
74,16,2
74,17,2
74,18,12
74,19,12
74,20,12
74,21,12
74,22,12
74,23,12
74,24,12
74,25,12
74,26,12
74,27,29
74,28,29
74,29,29
74,30,28
74,31,28
74,32,28
74,33,28
74,34,12
74,35,24
74,36,24
74,37,24
74,38,24
74,39,24
74,40,24
74,41,24
74,42,24
74,43,29
74,44,2
74,45,18
74,46,19
74,47,19
74,48,28
74,49,28
74,50,28
75,0,20
75,1,20
75,2,3
75,3,3
75,4,29
75,5,2
75,6,2
75,7,3
75,8,2
75,9,2
75,10,2
75,11,2
75,12,2
75,13,2
75,14,3
75,15,2
75,16,3
75,17,12
75,18,12
75,19,12
75,20,12
75,21,12
75,22,12
75,23,12
75,24,12
75,25,12
75,26,12
75,27,29
75,28,29
75,29,29
75,30,28
75,31,28
75,32,12
75,33,12
75,34,12
75,35,3
75,36,24
75,37,28
75,38,28
75,39,24
75,40,29
75,41,29
75,42,29
75,43,29
75,44,2
75,45,18
75,46,19
75,47,19
75,48,28
75,49,28
75,50,11
76,0,2
76,1,3
76,2,3
76,3,29
76,4,23
76,5,29
76,6,12
76,7,2
76,8,2
76,9,2
76,10,2
76,11,2
76,12,2
76,13,2
76,14,3
76,15,3
76,16,12
76,17,12
76,18,12
76,19,12
76,20,9
76,21,12
76,22,12
76,23,12
76,24,12
76,25,3
76,26,3
76,27,3
76,28,32
76,29,29
76,30,29
76,31,28
76,32,28
76,33,28
76,34,28
76,35,12
76,36,7
76,37,28
76,38,28
76,39,28
76,40,28
76,41,29
76,42,29
76,43,29
76,44,28
76,45,28
76,46,19
76,47,13
76,48,13
76,49,19
76,50,19
76,51,9
77,0,2
77,1,2
77,2,2
77,3,29
77,4,23
77,5,12
77,6,12
77,7,12
77,8,2
77,9,2
77,10,2
77,11,2
77,12,13
77,13,13
77,14,12
77,15,12
77,16,12
77,17,13
77,18,13
77,19,3
77,20,9
77,21,12
77,22,12
77,23,12
77,24,12
77,25,3
77,26,12
77,27,12
77,28,17
77,29,32
77,30,29
77,31,9
77,32,8
77,33,28
77,34,12
77,35,12
77,36,7
77,37,28
77,38,28
77,39,28
77,40,28
77,41,28
77,42,29
77,43,29
77,44,28
77,45,28
77,46,28
77,47,12
77,48,28
77,49,28
77,50,19
77,51,3
78,0,2
78,1,2
78,2,2
78,3,29
78,4,28
78,5,12
78,6,12
78,7,24
78,8,2
78,9,2
78,10,2
78,11,2
78,12,12
78,13,13
78,14,12
78,15,12
78,16,13
78,17,13
78,18,13
78,19,13
78,20,3
78,21,2
78,22,2
78,23,2
78,24,12
78,25,12
78,26,12
78,27,12
78,28,3
78,29,32
78,30,29
78,31,29
78,32,28
78,33,28
78,34,28
78,35,12
78,36,7
78,37,28
78,38,28
78,39,28
78,40,28
78,41,28
78,42,29
78,43,29
78,44,29
78,45,29
78,46,28
78,47,28
78,48,12
78,49,28
78,50,28
78,51,3
79,0,2
79,1,20
79,2,20
79,3,20
79,4,28
79,5,12
79,6,12
79,7,24
79,8,10
79,9,2
79,10,2
79,11,12
79,12,12
79,13,26
79,14,26
79,15,12
79,16,12
79,17,13
79,18,13
79,19,13
79,20,3
79,21,3
79,22,2
79,23,2
79,24,12
79,25,12
79,26,12
79,27,12
79,28,12
79,29,32
79,30,29
79,31,29
79,32,28
79,33,28
79,34,28
79,35,28
79,36,28
79,37,7
79,38,28
79,39,28
79,40,28
79,41,28
79,42,29
79,43,29
79,44,29
79,45,12
79,46,28
79,47,28
79,48,28
79,49,28
79,50,28
79,51,2
80,0,2
80,1,20
80,2,20
80,3,20
80,4,23
80,5,23
80,6,28
80,7,12
80,8,3
80,9,3
80,10,3
80,11,12
80,12,12
80,13,12
80,14,12
80,15,26
80,16,12
80,17,26
80,18,13
80,19,13
80,20,13
80,21,13
80,22,8
80,23,3
80,24,3
80,25,3
80,26,3
80,27,12
80,28,12
80,29,26
80,30,32
80,31,32
80,32,28
80,33,28
80,34,28
80,35,28
80,36,28
80,37,7
80,38,7
80,39,28
80,40,28
80,41,24
80,42,24
80,43,25
80,44,29
80,45,29
80,46,29
80,47,29
80,48,12
80,49,12
80,50,28
80,51,28
81,0,2
81,1,20
81,2,20
81,3,20
81,4,20
81,5,28
81,6,28
81,7,12
81,8,12
81,9,3
81,10,9
81,11,12
81,12,12
81,13,12
81,14,12
81,15,12
81,16,12
81,17,26
81,18,12
81,19,3
81,20,13
81,21,12
81,22,12
81,23,3
81,24,12
81,25,12
81,26,3
81,27,3
81,28,26
81,29,26
81,30,32
81,31,32
81,32,28
81,33,28
81,34,28
81,35,28
81,36,28
81,37,19
81,38,7
81,39,7
81,40,28
81,41,24
81,42,24
81,43,25
81,44,29
81,45,29
81,46,29
81,47,12
81,48,12
81,49,28
81,50,28
81,51,28
82,0,2
82,1,20
82,2,20
82,3,12
82,4,20
82,5,20
82,6,12
82,7,12
82,8,12
82,9,12
82,10,12
82,11,28
82,12,12
82,13,12
82,14,12
82,15,12
82,16,12
82,17,12
82,18,12
82,19,12
82,20,13
82,21,12
82,22,12
82,23,12
82,24,12
82,25,12
82,26,12
82,27,3
82,28,12
82,29,26
82,30,3
82,31,32
82,32,28
82,33,28
82,34,28
82,35,28
82,36,19
82,37,19
82,38,7
82,39,7
82,40,28
82,41,28
82,42,24
82,43,24
82,44,29
82,45,29
82,46,29
82,47,29
82,48,28
82,49,28
82,50,28
82,51,28
82,52,28
83,0,2
83,1,20
83,2,20
83,3,20
83,4,20
83,5,23
83,6,23
83,7,12
83,8,12
83,9,12
83,10,28
83,11,28
83,12,12
83,13,28
83,14,28
83,15,28
83,16,12
83,17,12
83,18,12
83,19,12
83,20,13
83,21,13
83,22,12
83,23,12
83,24,12
83,25,12
83,26,12
83,27,12
83,28,12
83,29,3
83,30,3
83,31,3
83,32,28
83,33,28
83,34,28
83,35,28
83,36,28
83,37,19
83,38,7
83,39,7
83,40,28
83,41,28
83,42,28
83,43,24
83,44,24
83,45,29
83,46,29
83,47,29
83,48,28
83,49,28
83,50,28
83,51,28
83,52,28
84,0,2
84,1,2
84,2,2
84,3,2
84,4,12
84,5,12
84,6,12
84,7,12
84,8,26
84,9,26
84,10,28
84,11,12
84,12,12
84,13,12
84,14,12
84,15,28
84,16,12
84,17,12
84,18,12
84,19,12
84,20,13
84,21,13
84,22,13
84,23,12
84,24,12
84,25,12
84,26,12
84,27,2
84,28,12
84,29,12
84,30,3
84,31,3
84,32,3
84,33,3
84,34,32
84,35,32
84,36,28
84,37,32
84,38,32
84,39,32
84,40,28
84,41,28
84,42,28
84,43,24
84,44,24
84,45,29
84,46,29
84,47,29
84,48,29
84,49,28
84,50,28
84,51,28
84,52,28
84,53,28
84,54,21
85,0,20
85,1,2
85,2,2
85,3,2
85,4,20
85,5,12
85,6,12
85,7,12
85,8,26
85,9,28
85,10,28
85,11,12
85,12,12
85,13,12
85,14,12
85,15,28
85,16,12
85,17,12
85,18,12
85,19,12
85,20,12
85,21,13
85,22,13
85,23,13
85,24,12
85,25,12
85,26,12
85,27,12
85,28,12
85,29,12
85,30,19
85,31,3
85,32,3
85,33,3
85,34,3
85,35,32
85,36,28
85,37,32
85,38,32
85,39,20
85,40,28
85,41,28
85,42,28
85,43,24
85,44,24
85,45,29
85,46,29
85,47,29
85,48,29
85,49,29
85,50,12
85,51,29
85,52,28
85,53,28
85,54,28
86,0,20
86,1,20
86,2,20
86,3,20
86,4,12
86,5,12
86,6,12
86,7,26
86,8,12
86,9,12
86,10,12
86,11,12
86,12,12
86,13,12
86,14,12
86,15,12
86,16,12
86,17,12
86,18,12
86,19,12
86,20,12
86,21,13
86,22,13
86,23,13
86,24,12
86,25,12
86,26,12
86,27,12
86,28,12
86,29,19
86,30,19
86,31,19
86,32,3
86,33,3
86,34,3
86,35,32
86,36,28
86,37,28
86,38,20
86,39,20
86,40,28
86,41,28
86,42,28
86,43,24
86,44,24
86,45,29
86,46,29
86,47,29
86,48,32
86,49,29
86,50,29
86,51,29
86,52,28
86,53,28
86,54,28
86,55,28
87,0,12
87,1,20
87,2,20
87,3,20
87,4,12
87,5,12
87,6,12
87,7,26
87,8,12
87,9,12
87,10,12
87,11,12
87,12,12
87,13,12
87,14,12
87,15,12
87,16,12
87,17,12
87,18,12
87,19,12
87,20,12
87,21,12
87,22,13
87,23,13
87,24,12
87,25,12
87,26,12
87,27,12
87,28,2
87,29,2
87,30,19
87,31,2
87,32,17
87,33,17
87,34,2
87,35,12
87,36,28
87,37,28
87,38,28
87,39,3
87,40,28
87,41,28
87,42,28
87,43,24
87,44,24
87,45,24
87,46,24
87,47,29
87,48,32
87,49,29
87,50,29
87,51,29
87,52,28
87,53,28
87,54,28
87,55,28
88,0,12
88,1,12
88,2,12
88,3,12
88,4,12
88,5,12
88,6,12
88,7,12
88,8,12
88,9,12
88,10,12
88,11,12
88,12,12
88,13,12
88,14,12
88,15,12
88,16,12
88,17,12
88,18,12
88,19,12
88,20,12
88,21,12
88,22,13
88,23,13
88,24,12
88,25,12
88,26,12
88,27,12
88,28,12
88,29,2
88,30,12
88,31,12
88,32,12
88,33,19
88,34,19
88,35,12
88,36,12
88,37,28
88,38,28
88,39,3
88,40,28
88,41,28
88,42,28
88,43,28
88,44,24
88,45,24
88,46,24
88,47,24
88,48,29
88,49,29
88,50,29
88,51,29
88,52,11
88,53,11
88,54,11
88,55,28
88,56,11
89,0,12
89,1,12
89,2,12
89,3,12
89,4,12
89,5,12
89,6,12
89,7,12
89,8,12
89,9,12
89,10,12
89,11,12
89,12,12
89,13,12
89,14,12
89,15,12
89,16,12
89,17,12
89,18,12
89,19,12
89,20,12
89,21,12
89,22,13
89,23,13
89,24,12
89,25,12
89,26,12
89,27,12
89,28,12
89,29,12
89,30,12
89,31,12
89,32,12
89,33,12
89,34,19
89,35,3
89,36,28
89,37,28
89,38,28
89,39,28
89,40,28
89,41,28
89,42,24
89,43,24
89,44,24
89,45,24
89,46,24
89,47,24
89,48,29
89,49,29
89,50,29
89,51,29
89,52,28
89,53,28
89,54,28
89,55,11
89,56,11
89,57,11
90,0,20
90,1,20
90,2,20
90,3,12
90,4,12
90,5,12
90,6,12
90,7,12
90,8,12
90,9,12
90,10,12
90,11,12
90,12,12
90,13,12
90,14,12
90,15,26
90,16,12
90,17,12
90,18,12
90,19,12
90,20,12
90,21,12
90,22,13
90,23,13
90,24,3
90,25,12
90,26,12
90,27,12
90,28,12
90,29,12
90,30,12
90,31,3
90,32,12
90,33,12
90,34,12
90,35,12
90,36,28
90,37,28
90,38,28
90,39,28
90,40,28
90,41,28
90,42,28
90,43,24
90,44,24
90,45,24
90,46,24
90,47,24
90,48,24
90,49,29
90,50,29
90,51,29
90,52,28
90,53,28
90,54,28
90,55,12
90,56,28
90,57,11
91,0,12
91,1,20
91,2,20
91,3,20
91,4,26
91,5,26
91,6,26
91,7,26
91,8,26
91,9,12
91,10,12
91,11,12
91,12,12
91,13,12
91,14,12
91,15,3
91,16,3
91,17,12
91,18,12
91,19,12
91,20,12
91,21,12
91,22,13
91,23,13
91,24,12
91,25,12
91,26,12
91,27,2
91,28,12
91,29,12
91,30,12
91,31,12
91,32,12
91,33,2
91,34,12
91,35,12
91,36,28
91,37,28
91,38,28
91,39,28
91,40,28
91,41,28
91,42,28
91,43,28
91,44,24
91,45,24
91,46,24
91,47,24
91,48,24
91,49,29
91,50,29
91,51,24
91,52,28
91,53,28
91,54,28
91,55,28
91,56,28
91,57,12
91,58,12
92,0,12
92,1,12
92,2,12
92,3,12
92,4,12
92,5,12
92,6,12
92,7,26
92,8,26
92,9,26
92,10,26
92,11,26
92,12,12
92,13,12
92,14,26
92,15,26
92,16,6
92,17,3
92,18,12
92,19,12
92,20,12
92,21,12
92,22,13
92,23,13
92,24,12
92,25,12
92,26,12
92,27,2
92,28,12
92,29,12
92,30,12
92,31,12
92,32,2
92,33,12
92,34,12
92,35,12
92,36,28
92,37,28
92,38,28
92,39,28
92,40,28
92,41,28
92,42,28
92,43,28
92,44,24
92,45,24
92,46,24
92,47,24
92,48,24
92,49,24
92,50,28
92,51,24
92,52,28
92,53,28
92,54,28
92,55,28
92,56,28
92,57,28
92,58,28
92,59,12
93,0,12
93,1,12
93,2,12
93,3,12
93,4,12
93,5,12
93,6,12
93,7,12
93,8,26
93,9,26
93,10,12
93,11,12
93,12,26
93,13,26
93,14,6
93,15,6
93,16,6
93,17,3
93,18,12
93,19,12
93,20,12
93,21,13
93,22,13
93,23,13
93,24,12
93,25,12
93,26,12
93,27,12
93,28,12
93,29,12
93,30,12
93,31,2
93,32,2
93,33,12
93,34,12
93,35,12
93,36,28
93,37,28
93,38,28
93,39,28
93,40,28
93,41,28
93,42,28
93,43,28
93,44,28
93,45,24
93,46,24
93,47,24
93,48,24
93,49,24
93,50,24
93,51,24
93,52,24
93,53,24
93,54,24
93,55,28
93,56,28
93,57,2
93,58,28
93,59,12
94,0,12
94,1,26
94,2,12
94,3,12
94,4,12
94,5,12
94,6,12
94,7,12
94,8,12
94,9,26
94,10,12
94,11,12
94,12,12
94,13,6
94,14,6
94,15,6
94,16,6
94,17,6
94,18,12
94,19,12
94,20,12
94,21,13
94,22,13
94,23,13
94,24,12
94,25,12
94,26,12
94,27,12
94,28,12
94,29,2
94,30,12
94,31,12
94,32,12
94,33,12
94,34,12
94,35,12
94,36,12
94,37,28
94,38,28
94,39,28
94,40,28
94,41,28
94,42,28
94,43,28
94,44,28
94,45,24
94,46,24
94,47,24
94,48,24
94,49,24
94,50,24
94,51,24
94,52,29
94,53,24
94,54,19
94,55,19
94,56,28
94,57,28
94,58,2
94,59,28
95,0,12
95,1,12
95,2,26
95,3,12
95,4,12
95,5,12
95,6,12
95,7,12
95,8,12
95,9,12
95,10,12
95,11,12
95,12,12
95,13,6
95,14,6
95,15,6
95,16,6
95,17,12
95,18,12
95,19,12
95,20,12
95,21,13
95,22,13
95,23,13
95,24,12
95,25,12
95,26,12
95,27,12
95,28,12
95,29,12
95,30,2
95,31,12
95,32,12
95,33,12
95,34,12
95,35,12
95,36,12
95,37,28
95,38,28
95,39,28
95,40,28
95,41,12
95,42,12
95,43,28
95,44,24
95,45,24
95,46,24
95,47,24
95,48,24
95,49,24
95,50,24
95,51,24
95,52,29
95,53,29
95,54,2
95,55,2
95,56,28
95,57,28
95,58,20
95,59,20
96,0,12
96,1,12
96,2,12
96,3,12
96,4,12
96,5,12
96,6,12
96,7,12
96,8,12
96,9,12
96,10,12
96,11,12
96,12,12
96,13,6
96,14,6
96,15,6
96,16,6
96,17,12
96,18,12
96,19,12
96,20,12
96,21,12
96,22,13
96,23,13
96,24,13
96,25,12
96,26,12
96,27,12
96,28,12
96,29,12
96,30,2
96,31,12
96,32,12
96,33,12
96,34,12
96,35,12
96,36,12
96,37,12
96,38,12
96,39,12
96,40,12
96,41,12
96,42,12
96,43,12
96,44,28
96,45,28
96,46,24
96,47,24
96,48,24
96,49,24
96,50,24
96,51,24
96,52,29
96,53,29
96,54,2
96,55,29
96,56,29
96,57,28
96,58,28
96,59,28
96,60,2
97,0,12
97,1,12
97,2,12
97,3,12
97,4,12
97,5,12
97,6,12
97,7,12
97,8,12
97,9,12
97,10,12
97,11,12
97,12,12
97,13,12
97,14,6
97,15,6
97,16,12
97,17,12
97,18,12
97,19,12
97,20,12
97,21,12
97,22,13
97,23,13
97,24,13
97,25,12
97,26,12
97,27,12
97,28,12
97,29,12
97,30,12
97,31,12
97,32,12
97,33,12
97,34,12
97,35,12
97,36,12
97,37,12
97,38,12
97,39,12
97,40,12
97,41,12
97,42,12
97,43,12
97,44,12
97,45,28
97,46,24
97,47,24
97,48,24
97,49,24
97,50,24
97,51,24
97,52,24
97,53,29
97,54,29
97,55,29
97,56,29
97,57,24
97,58,28
97,59,28
97,60,2
97,61,2
98,0,12
98,1,12
98,2,12
98,3,12
98,4,12
98,5,12
98,6,12
98,7,12
98,8,12
98,9,28
98,10,3
98,11,3
98,12,12
98,13,12
98,14,12
98,15,6
98,16,6
98,17,12
98,18,12
98,19,12
98,20,12
98,21,12
98,22,12
98,23,13
98,24,13
98,25,12
98,26,12
98,27,12
98,28,12
98,29,12
98,30,12
98,31,12
98,32,12
98,33,12
98,34,12
98,35,17
98,36,17
98,37,12
98,38,12
98,39,12
98,40,2
98,41,12
98,42,12
98,43,12
98,44,12
98,45,28
98,46,28
98,47,24
98,48,24
98,49,24
98,50,24
98,51,24
98,52,24
98,53,29
98,54,29
98,55,24
98,56,24
98,57,24
98,58,29
98,59,13
98,60,2
98,61,2
99,0,12
99,1,12
99,2,12
99,3,12
99,4,12
99,5,12
99,6,12
99,7,28
99,8,28
99,9,28
99,10,12
99,11,3
99,12,12
99,13,12
99,14,12
99,15,12
99,16,6
99,17,28
99,18,12
99,19,12
99,20,12
99,21,12
99,22,12
99,23,13
99,24,13
99,25,12
99,26,12
99,27,12
99,28,12
99,29,12
99,30,12
99,31,12
99,32,12
99,33,12
99,34,12
99,35,17
99,36,12
99,37,12
99,38,12
99,39,12
99,40,12
99,41,12
99,42,12
99,43,12
99,44,12
99,45,12
99,46,28
99,47,28
99,48,24
99,49,24
99,50,24
99,51,24
99,52,24
99,53,24
99,54,29
99,55,24
99,56,24
99,57,29
99,58,29
99,59,2
99,60,2
99,61,28
99,62,20
100,0,28
100,1,21
100,2,12
100,3,12
100,4,12
100,5,12
100,6,12
100,7,12
100,8,12
100,9,12
100,10,12
100,11,12
100,12,12
100,13,12
100,14,12
100,15,9
100,16,12
100,17,12
100,18,12
100,19,12
100,20,12
100,21,12
100,22,12
100,23,12
100,24,13
100,25,13
100,26,12
100,27,12
100,28,12
100,29,12
100,30,12
100,31,12
100,32,12
100,33,12
100,34,17
100,35,17
100,36,12
100,37,28
100,38,28
100,39,12
100,40,12
100,41,12
100,42,12
100,43,12
100,44,12
100,45,12
100,46,28
100,47,2
100,48,32
100,49,32
100,50,24
100,51,24
100,52,24
100,53,24
100,54,24
100,55,24
100,56,24
100,57,29
100,58,29
100,59,29
100,60,20
100,61,20
100,62,20
100,63,20
101,0,21
101,1,21
101,2,28
101,3,12
101,4,12
101,5,12
101,6,12
101,7,12
101,8,12
101,9,12
101,10,12
101,11,12
101,12,12
101,13,12
101,14,12
101,15,12
101,16,3
101,17,12
101,18,12
101,19,12
101,20,12
101,21,12
101,22,12
101,23,12
101,24,13
101,25,13
101,26,13
101,27,12
101,28,12
101,29,12
101,30,12
101,31,12
101,32,12
101,33,12
101,34,17
101,35,12
101,36,12
101,37,12
101,38,28
101,39,12
101,40,12
101,41,12
101,42,12
101,43,12
101,44,12
101,45,12
101,46,2
101,47,2
101,48,32
101,49,32
101,50,28
101,51,28
101,52,24
101,53,24
101,54,24
101,55,24
101,56,24
101,57,29
101,58,29
101,59,29
101,60,29
101,61,20
101,62,29
101,63,11
102,0,28
102,1,28
102,2,28
102,3,28
102,4,12
102,5,12
102,6,12
102,7,12
102,8,12
102,9,12
102,10,12
102,11,12
102,12,12
102,13,12
102,14,12
102,15,12
102,16,9
102,17,12
102,18,12
102,19,12
102,20,12
102,21,12
102,22,12
102,23,12
102,24,13
102,25,13
102,26,13
102,27,12
102,28,12
102,29,12
102,30,12
102,31,12
102,32,12
102,33,12
102,34,17
102,35,12
102,36,12
102,37,12
102,38,12
102,39,12
102,40,28
102,41,12
102,42,12
102,43,12
102,44,12
102,45,12
102,46,12
102,47,12
102,48,32
102,49,32
102,50,32
102,51,28
102,52,28
102,53,24
102,54,24
102,55,24
102,56,24
102,57,29
102,58,29
102,59,29
102,60,29
102,61,29
102,62,29
102,63,29
103,0,12
103,1,28
103,2,28
103,3,28
103,4,12
103,5,12
103,6,12
103,7,12
103,8,12
103,9,12
103,10,12
103,11,12
103,12,12
103,13,12
103,14,12
103,15,12
103,16,9
103,17,12
103,18,12
103,19,12
103,20,12
103,21,12
103,22,12
103,23,2
103,24,13
103,25,13
103,26,13
103,27,12
103,28,12
103,29,12
103,30,12
103,31,12
103,32,12
103,33,12
103,34,12
103,35,12
103,36,12
103,37,12
103,38,12
103,39,12
103,40,13
103,41,12
103,42,12
103,43,12
103,44,12
103,45,12
103,46,12
103,47,12
103,48,12
103,49,32
103,50,26
103,51,28
103,52,28
103,53,28
103,54,28
103,55,24
103,56,24
103,57,24
103,58,24
103,59,24
103,60,24
103,61,24
103,62,24
103,63,19
104,0,12
104,1,12
104,2,12
104,3,12
104,4,12
104,5,12
104,6,12
104,7,12
104,8,12
104,9,12
104,10,12
104,11,12
104,12,12
104,13,12
104,14,12
104,15,12
104,16,12
104,17,12
104,18,12
104,19,12
104,20,12
104,21,12
104,22,12
104,23,12
104,24,13
104,25,13
104,26,13
104,27,12
104,28,12
104,29,12
104,30,12
104,31,12
104,32,12
104,33,12
104,34,12
104,35,12
104,36,12
104,37,12
104,38,12
104,39,12
104,40,12
104,41,12
104,42,12
104,43,12
104,44,12
104,45,12
104,46,12
104,47,12
104,48,26
104,49,26
104,50,26
104,51,12
104,52,12
104,53,12
104,54,32
104,55,32
104,56,24
104,57,24
104,58,24
104,59,24
104,60,28
104,61,28
104,62,28
104,63,29
104,64,19
105,0,19
105,1,19
105,2,12
105,3,12
105,4,12
105,5,12
105,6,12
105,7,12
105,8,12
105,9,12
105,10,12
105,11,12
105,12,12
105,13,12
105,14,12
105,15,12
105,16,12
105,17,12
105,18,12
105,19,12
105,20,12
105,21,12
105,22,12
105,23,12
105,24,12
105,25,13
105,26,13
105,27,12
105,28,12
105,29,28
105,30,28
105,31,12
105,32,12
105,33,12
105,34,12
105,35,12
105,36,12
105,37,26
105,38,12
105,39,12
105,40,12
105,41,12
105,42,12
105,43,12
105,44,12
105,45,12
105,46,12
105,47,12
105,48,12
105,49,26
105,50,12
105,51,12
105,52,2
105,53,28
105,54,28
105,55,32
105,56,24
105,57,24
105,58,24
105,59,24
105,60,28
105,61,28
105,62,28
105,63,29
105,64,19
105,65,12
106,0,19
106,1,19
106,2,12
106,3,12
106,4,12
106,5,12
106,6,12
106,7,12
106,8,12
106,9,12
106,10,12
106,11,12
106,12,12
106,13,12
106,14,12
106,15,12
106,16,12
106,17,12
106,18,12
106,19,12
106,20,12
106,21,12
106,22,12
106,23,12
106,24,12
106,25,12
106,26,12
106,27,12
106,28,12
106,29,12
106,30,28
106,31,28
106,32,12
106,33,12
106,34,12
106,35,12
106,36,26
106,37,26
106,38,12
106,39,12
106,40,12
106,41,12
106,42,12
106,43,12
106,44,12
106,45,12
106,46,12
106,47,12
106,48,32
106,49,12
106,50,12
106,51,12
106,52,32
106,53,28
106,54,28
106,55,28
106,56,28
106,57,24
106,58,24
106,59,24
106,60,28
106,61,28
106,62,28
106,63,29
106,64,12
106,65,11
107,0,19
107,1,19
107,2,12
107,3,12
107,4,12
107,5,12
107,6,12
107,7,12
107,8,28
107,9,28
107,10,28
107,11,28
107,12,12
107,13,12
107,14,12
107,15,12
107,16,12
107,17,12
107,18,12
107,19,12
107,20,12
107,21,12
107,22,12
107,23,12
107,24,12
107,25,12
107,26,12
107,27,12
107,28,12
107,29,12
107,30,12
107,31,3
107,32,12
107,33,12
107,34,12
107,35,12
107,36,26
107,37,26
107,38,12
107,39,12
107,40,12
107,41,2
107,42,2
107,43,2
107,44,12
107,45,12
107,46,12
107,47,12
107,48,32
107,49,12
107,50,12
107,51,12
107,52,32
107,53,21
107,54,28
107,55,28
107,56,28
107,57,28
107,58,28
107,59,24
107,60,28
107,61,28
107,62,2
107,63,29
107,64,12
107,65,11
107,66,11
108,0,19
108,1,12
108,2,12
108,3,12
108,4,12
108,5,12
108,6,12
108,7,12
108,8,12
108,9,12
108,10,12
108,11,12
108,12,12
108,13,12
108,14,12
108,15,12
108,16,12
108,17,12
108,18,12
108,19,12
108,20,12
108,21,12
108,22,12
108,23,12
108,24,12
108,25,12
108,26,12
108,27,12
108,28,12
108,29,12
108,30,12
108,31,12
108,32,12
108,33,12
108,34,26
108,35,26
108,36,3
108,37,12
108,38,12
108,39,12
108,40,12
108,41,2
108,42,2
108,43,12
108,44,12
108,45,12
108,46,12
108,47,12
108,48,12
108,49,32
108,50,32
108,51,12
108,52,12
108,53,28
108,54,21
108,55,21
108,56,28
108,57,28
108,58,28
108,59,28
108,60,24
108,61,17
108,62,28
108,63,29
108,64,29
108,65,29
108,66,11
109,0,12
109,1,12
109,2,12
109,3,12
109,4,12
109,5,12
109,6,12
109,7,12
109,8,12
109,9,12
109,10,2
109,11,12
109,12,12
109,13,12
109,14,12
109,15,12
109,16,12
109,17,12
109,18,12
109,19,12
109,20,2
109,21,2
109,22,12
109,23,12
109,24,12
109,25,12
109,26,12
109,27,12
109,28,12
109,29,3
109,30,12
109,31,12
109,32,12
109,33,12
109,34,12
109,35,26
109,36,3
109,37,12
109,38,12
109,39,12
109,40,12
109,41,12
109,42,12
109,43,12
109,44,12
109,45,12
109,46,12
109,47,26
109,48,12
109,49,32
109,50,12
109,51,12
109,52,28
109,53,21
109,54,21
109,55,21
109,56,2
109,57,28
109,58,28
109,59,28
109,60,24
109,61,17
109,62,28
109,63,17
109,64,29
109,65,29
109,66,29
109,67,11
110,0,12
110,1,12
110,2,12
110,3,12
110,4,12
110,5,12
110,6,12
110,7,12
110,8,12
110,9,12
110,10,12
110,11,12
110,12,12
110,13,12
110,14,12
110,15,12
110,16,12
110,17,12
110,18,12
110,19,12
110,20,2
110,21,2
110,22,12
110,23,12
110,24,12
110,25,12
110,26,12
110,27,12
110,28,12
110,29,26
110,30,12
110,31,12
110,32,12
110,33,12
110,34,12
110,35,12
110,36,3
110,37,12
110,38,12
110,39,12
110,40,12
110,41,12
110,42,12
110,43,12
110,44,12
110,45,12
110,46,12
110,47,12
110,48,26
110,49,26
110,50,26
110,51,26
110,52,21
110,53,21
110,54,21
110,55,12
110,56,12
110,57,12
110,58,28
110,59,28
110,60,24
110,61,24
110,62,28
110,63,17
110,64,29
110,65,29
110,66,29
110,67,12
111,0,12
111,1,12
111,2,12
111,3,12
111,4,12
111,5,12
111,6,12
111,7,12
111,8,12
111,9,12
111,10,12
111,11,12
111,12,12
111,13,12
111,14,12
111,15,12
111,16,12
111,17,12
111,18,12
111,19,12
111,20,12
111,21,2
111,22,12
111,23,12
111,24,12
111,25,12
111,26,13
111,27,12
111,28,12
111,29,26
111,30,12
111,31,12
111,32,12
111,33,12
111,34,12
111,35,12
111,36,2
111,37,2
111,38,12
111,39,12
111,40,12
111,41,12
111,42,12
111,43,12
111,44,12
111,45,12
111,46,12
111,47,12
111,48,26
111,49,26
111,50,26
111,51,26
111,52,21
111,53,21
111,54,21
111,55,12
111,56,12
111,57,12
111,58,12
111,59,28
111,60,28
111,61,24
111,62,28
111,63,28
111,64,29
111,65,29
111,66,29
111,67,12
111,68,12
112,0,12
112,1,12
112,2,12
112,3,12
112,4,12
112,5,12
112,6,12
112,7,12
112,8,12
112,9,12
112,10,12
112,11,12
112,12,12
112,13,12
112,14,12
112,15,12
112,16,12
112,17,12
112,18,12
112,19,12
112,20,3
112,21,3
112,22,3
112,23,12
112,24,12
112,25,12
112,26,12
112,27,12
112,28,12
112,29,12
112,30,12
112,31,12
112,32,12
112,33,12
112,34,12
112,35,12
112,36,2
112,37,12
112,38,12
112,39,12
112,40,12
112,41,12
112,42,12
112,43,12
112,44,12
112,45,12
112,46,12
112,47,12
112,48,12
112,49,12
112,50,32
112,51,26
112,52,28
112,53,28
112,54,28
112,55,28
112,56,12
112,57,12
112,58,12
112,59,12
112,60,28
112,61,28
112,62,24
112,63,24
112,64,24
112,65,24
112,66,24
112,67,29
112,68,12
112,69,11
113,0,12
113,1,12
113,2,12
113,3,12
113,4,12
113,5,12
113,6,12
113,7,12
113,8,12
113,9,12
113,10,12
113,11,12
113,12,12
113,13,12
113,14,12
113,15,12
113,16,12
113,17,12
113,18,12
113,19,26
113,20,3
113,21,3
113,22,3
113,23,12
113,24,12
113,25,12
113,26,12
113,27,12
113,28,12
113,29,12
113,30,12
113,31,12
113,32,12
113,33,12
113,34,12
113,35,12
113,36,12
113,37,12
113,38,12
113,39,12
113,40,12
113,41,12
113,42,12
113,43,28
113,44,12
113,45,12
113,46,12
113,47,12
113,48,12
113,49,12
113,50,32
113,51,32
113,52,28
113,53,28
113,54,28
113,55,28
113,56,12
113,57,21
113,58,21
113,59,21
113,60,28
113,61,28
113,62,28
113,63,24
113,64,24
113,65,24
113,66,24
113,67,24
113,68,12
113,69,11
113,70,11
114,0,12
114,1,12
114,2,12
114,3,12
114,4,2
114,5,12
114,6,12
114,7,12
114,8,12
114,9,12
114,10,12
114,11,12
114,12,12
114,13,12
114,14,12
114,15,12
114,16,12
114,17,12
114,18,12
114,19,26
114,20,3
114,21,3
114,22,2
114,23,2
114,24,13
114,25,13
114,26,13
114,27,12
114,28,12
114,29,12
114,30,12
114,31,12
114,32,12
114,33,12
114,34,12
114,35,12
114,36,12
114,37,12
114,38,12
114,39,12
114,40,12
114,41,12
114,42,12
114,43,12
114,44,12
114,45,12
114,46,12
114,47,12
114,48,12
114,49,12
114,50,12
114,51,32
114,52,32
114,53,28
114,54,28
114,55,28
114,56,28
114,57,21
114,58,21
114,59,28
114,60,28
114,61,28
114,62,28
114,63,28
114,64,24
114,65,24
114,66,24
114,67,29
114,68,12
114,69,11
114,70,11
114,71,11
115,0,12
115,1,12
115,2,12
115,3,12
115,4,2
115,5,12
115,6,12
115,7,12
115,8,12
115,9,12
115,10,12
115,11,12
115,12,12
115,13,12
115,14,12
115,15,12
115,16,12
115,17,12
115,18,12
115,19,26
115,20,3
115,21,3
115,22,3
115,23,2
115,24,12
115,25,13
115,26,13
115,27,13
115,28,12
115,29,12
115,30,12
115,31,12
115,32,12
115,33,12
115,34,12
115,35,12
115,36,12
115,37,12
115,38,12
115,39,12
115,40,12
115,41,12
115,42,12
115,43,12
115,44,12
115,45,12
115,46,12
115,47,12
115,48,12
115,49,12
115,50,12
115,51,12
115,52,32
115,53,28
115,54,28
115,55,28
115,56,28
115,57,21
115,58,21
115,59,21
115,60,28
115,61,28
115,62,28
115,63,28
115,64,24
115,65,24
115,66,24
115,67,24
115,68,12
115,69,12
115,70,12
115,71,21
116,0,28
116,1,28
116,2,28
116,3,12
116,4,12
116,5,12
116,6,3
116,7,12
116,8,12
116,9,12
116,10,12
116,11,12
116,12,12
116,13,12
116,14,12
116,15,12
116,16,12
116,17,12
116,18,12
116,19,12
116,20,3
116,21,3
116,22,3
116,23,12
116,24,12
116,25,12
116,26,12
116,27,12
116,28,12
116,29,12
116,30,12
116,31,12
116,32,12
116,33,12
116,34,12
116,35,12
116,36,12
116,37,12
116,38,12
116,39,12
116,40,12
116,41,12
116,42,12
116,43,12
116,44,12
116,45,12
116,46,12
116,47,12
116,48,12
116,49,12
116,50,12
116,51,12
116,52,32
116,53,28
116,54,28
116,55,28
116,56,28
116,57,28
116,58,28
116,59,28
116,60,21
116,61,28
116,62,28
116,63,12
116,64,28
116,65,24
116,66,24
116,67,24
116,68,24
116,69,12
116,70,12
116,71,12
116,72,21
116,73,21
117,0,28
117,1,28
117,2,28
117,3,28
117,4,12
117,5,12
117,6,12
117,7,12
117,8,12
117,9,12
117,10,12
117,11,12
117,12,12
117,13,12
117,14,12
117,15,12
117,16,12
117,17,12
117,18,12
117,19,12
117,20,3
117,21,3
117,22,12
117,23,12
117,24,12
117,25,12
117,26,12
117,27,12
117,28,12
117,29,12
117,30,12
117,31,12
117,32,12
117,33,12
117,34,12
117,35,12
117,36,12
117,37,12
117,38,12
117,39,12
117,40,12
117,41,12
117,42,12
117,43,12
117,44,12
117,45,12
117,46,12
117,47,12
117,48,12
117,49,12
117,50,12
117,51,12
117,52,32
117,53,28
117,54,28
117,55,28
117,56,28
117,57,28
117,58,28
117,59,28
117,60,12
117,61,28
117,62,28
117,63,28
117,64,28
117,65,28
117,66,24
117,67,24
117,68,29
117,69,29
117,70,12
117,71,12
117,72,21
117,73,20
117,74,20
118,0,28
118,1,28
118,2,28
118,3,28
118,4,12
118,5,12
118,6,12
118,7,2
118,8,12
118,9,12
118,10,12
118,11,12
118,12,12
118,13,12
118,14,12
118,15,12
118,16,12
118,17,12
118,18,12
118,19,12
118,20,3
118,21,3
118,22,12
118,23,12
118,24,12
118,25,12
118,26,12
118,27,12
118,28,12
118,29,12
118,30,12
118,31,12
118,32,12
118,33,12
118,34,12
118,35,12
118,36,12
118,37,12
118,38,12
118,39,12
118,40,12
118,41,12
118,42,12
118,43,12
118,44,12
118,45,12
118,46,12
118,47,12
118,48,12
118,49,12
118,50,12
118,51,12
118,52,12
118,53,28
118,54,28
118,55,28
118,56,28
118,57,28
118,58,28
118,59,28
118,60,12
118,61,12
118,62,12
118,63,12
118,64,21
118,65,21
118,66,28
118,67,24
118,68,24
118,69,29
118,70,29
118,71,24
118,72,19
118,73,19
118,74,20
118,75,21
119,0,28
119,1,28
119,2,28
119,3,12
119,4,12
119,5,12
119,6,12
119,7,12
119,8,12
119,9,12
119,10,12
119,11,12
119,12,12
119,13,12
119,14,12
119,15,12
119,16,12
119,17,12
119,18,12
119,19,12
119,20,12
119,21,3
119,22,12
119,23,13
119,24,12
119,25,12
119,26,12
119,27,12
119,28,12
119,29,12
119,30,12
119,31,12
119,32,12
119,33,12
119,34,12
119,35,12
119,36,12
119,37,12
119,38,12
119,39,12
119,40,12
119,41,12
119,42,12
119,43,12
119,44,12
119,45,12
119,46,12
119,47,12
119,48,12
119,49,12
119,50,12
119,51,12
119,52,12
119,53,12
119,54,28
119,55,28
119,56,28
119,57,28
119,58,28
119,59,28
119,60,12
119,61,12
119,62,28
119,63,12
119,64,19
119,65,19
119,66,21
119,67,28
119,68,24
119,69,24
119,70,24
119,71,29
119,72,19
119,73,19
119,74,19
119,75,19
119,76,12
119,77,12
120,0,28
120,1,28
120,2,28
120,3,28
120,4,12
120,5,12
120,6,12
120,7,12
120,8,12
120,9,12
120,10,12
120,11,12
120,12,12
120,13,12
120,14,12
120,15,12
120,16,12
120,17,12
120,18,3
120,19,12
120,20,12
120,21,12
120,22,12
120,23,13
120,24,13
120,25,12
120,26,12
120,27,12
120,28,12
120,29,12
120,30,12
120,31,12
120,32,12
120,33,12
120,34,12
120,35,12
120,36,12
120,37,12
120,38,12
120,39,12
120,40,12
120,41,12
120,42,12
120,43,12
120,44,12
120,45,12
120,46,12
120,47,12
120,48,12
120,49,12
120,50,12
120,51,12
120,52,12
120,53,2
120,54,28
120,55,28
120,56,28
120,57,28
120,58,28
120,59,28
120,60,12
120,61,12
120,62,12
120,63,28
120,64,12
120,65,12
120,66,19
120,67,21
120,68,28
120,69,24
120,70,24
120,71,29
120,72,32
120,73,28
120,74,28
120,75,28
120,76,19
120,77,19
120,78,12
120,79,12
121,0,28
121,1,28
121,2,28
121,3,28
121,4,12
121,5,12
121,6,12
121,7,12
121,8,2
121,9,2
121,10,2
121,11,12
121,12,12
121,13,12
121,14,12
121,15,12
121,16,12
121,17,12
121,18,3
121,19,12
121,20,12
121,21,12
121,22,12
121,23,12
121,24,13
121,25,12
121,26,12
121,27,12
121,28,12
121,29,12
121,30,12
121,31,12
121,32,12
121,33,12
121,34,12
121,35,12
121,36,12
121,37,12
121,38,12
121,39,12
121,40,12
121,41,12
121,42,12
121,43,12
121,44,12
121,45,12
121,46,12
121,47,12
121,48,12
121,49,12
121,50,12
121,51,12
121,52,12
121,53,2
121,54,28
121,55,28
121,56,28
121,57,28
121,58,28
121,59,28
121,60,12
121,61,12
121,62,12
121,63,12
121,64,12
121,65,12
121,66,28
121,67,28
121,68,28
121,69,28
121,70,29
121,71,29
121,72,32
121,73,28
121,74,28
121,75,28
121,76,19
121,77,19
121,78,19
121,79,12
122,0,28
122,1,28
122,2,28
122,3,12
122,4,12
122,5,12
122,6,12
122,7,12
122,8,2
122,9,2
122,10,12
122,11,16
122,12,12
122,13,12
122,14,12
122,15,12
122,16,12
122,17,12
122,18,3
122,19,12
122,20,12
122,21,12
122,22,12
122,23,12
122,24,12
122,25,12
122,26,26
122,27,26
122,28,12
122,29,12
122,30,12
122,31,12
122,32,12
122,33,12
122,34,12
122,35,12
122,36,12
122,37,12
122,38,12
122,39,12
122,40,12
122,41,12
122,42,12
122,43,12
122,44,12
122,45,12
122,46,12
122,47,2
122,48,12
122,49,12
122,50,12
122,51,12
122,52,12
122,53,12
122,54,12
122,55,28
122,56,28
122,57,28
122,58,28
122,59,28
122,60,12
122,61,12
122,62,12
122,63,12
122,64,12
122,65,12
122,66,12
122,67,28
122,68,28
122,69,29
122,70,29
122,71,29
122,72,32
122,73,32
122,74,28
122,75,28
122,76,28
122,77,19
122,78,19
122,79,28
122,80,12
122,81,20
123,0,28
123,1,28
123,2,28
123,3,28
123,4,12
123,5,12
123,6,12
123,7,12
123,8,12
123,9,12
123,10,12
123,11,12
123,12,12
123,13,12
123,14,12
123,15,12
123,16,12
123,17,12
123,18,12
123,19,12
123,20,2
123,21,12
123,22,12
123,23,12
123,24,12
123,25,12
123,26,26
123,27,26
123,28,12
123,29,12
123,30,12
123,31,12
123,32,12
123,33,12
123,34,12
123,35,12
123,36,12
123,37,12
123,38,12
123,39,12
123,40,12
123,41,12
123,42,12
123,43,12
123,44,12
123,45,12
123,46,12
123,47,12
123,48,12
123,49,12
123,50,12
123,51,12
123,52,12
123,53,12
123,54,12
123,55,28
123,56,28
123,57,28
123,58,28
123,59,28
123,60,12
123,61,12
123,62,12
123,63,12
123,64,28
123,65,12
123,66,12
123,67,12
123,68,28
123,69,28
123,70,29
123,71,24
123,72,24
123,73,24
123,74,24
123,75,28
123,76,28
123,77,28
123,78,12
123,79,12
123,80,20
123,81,20
123,82,20
124,0,28
124,1,28
124,2,12
124,3,12
124,4,12
124,5,12
124,6,12
124,7,12
124,8,12
124,9,12
124,10,12
124,11,12
124,12,12
124,13,12
124,14,12
124,15,12
124,16,12
124,17,12
124,18,12
124,19,2
124,20,2
124,21,12
124,22,12
124,23,12
124,24,12
124,25,12
124,26,26
124,27,12
124,28,12
124,29,12
124,30,12
124,31,12
124,32,12
124,33,12
124,34,12
124,35,12
124,36,12
124,37,12
124,38,12
124,39,12
124,40,12
124,41,12
124,42,12
124,43,12
124,44,12
124,45,12
124,46,12
124,47,12
124,48,12
124,49,12
124,50,12
124,51,12
124,52,12
124,53,12
124,54,12
124,55,28
124,56,28
124,57,28
124,58,28
124,59,28
124,60,12
124,61,12
124,62,12
124,63,12
124,64,12
124,65,12
124,66,12
124,67,12
124,68,24
124,69,28
124,70,28
124,71,24
124,72,29
124,73,24
124,74,29
124,75,29
124,76,28
124,77,28
124,78,28
124,79,28
124,80,20
124,81,20
124,82,20
124,83,20
125,0,28
125,1,28
125,2,12
125,3,28
125,4,12
125,5,12
125,6,12
125,7,12
125,8,12
125,9,12
125,10,12
125,11,12
125,12,12
125,13,12
125,14,12
125,15,12
125,16,12
125,17,12
125,18,12
125,19,12
125,20,12
125,21,12
125,22,12
125,23,12
125,24,12
125,25,12
125,26,12
125,27,12
125,28,12
125,29,12
125,30,12
125,31,12
125,32,12
125,33,12
125,34,12
125,35,12
125,36,12
125,37,12
125,38,12
125,39,12
125,40,12
125,41,12
125,42,12
125,43,12
125,44,12
125,45,12
125,46,12
125,47,12
125,48,12
125,49,12
125,50,12
125,51,12
125,52,12
125,53,12
125,54,12
125,55,12
125,56,28
125,57,28
125,58,28
125,59,28
125,60,12
125,61,12
125,62,12
125,63,12
125,64,12
125,65,12
125,66,12
125,67,12
125,68,28
125,69,28
125,70,28
125,71,28
125,72,24
125,73,24
125,74,29
125,75,24
125,76,28
125,77,28
125,78,28
125,79,28
125,80,20
125,81,20
125,82,20
125,83,20
126,0,28
126,1,28
126,2,28
126,3,28
126,4,12
126,5,12
126,6,12
126,7,12
126,8,12
126,9,12
126,10,12
126,11,12
126,12,12
126,13,12
126,14,12
126,15,16
126,16,12
126,17,12
126,18,12
126,19,12
126,20,12
126,21,12
126,22,12
126,23,12
126,24,12
126,25,12
126,26,12
126,27,12
126,28,26
126,29,26
126,30,12
126,31,12
126,32,12
126,33,12
126,34,12
126,35,12
126,36,12
126,37,12
126,38,12
126,39,12
126,40,12
126,41,12
126,42,12
126,43,12
126,44,6
126,45,12
126,46,12
126,47,12
126,48,12
126,49,12
126,50,12
126,51,12
126,52,12
126,53,12
126,54,12
126,55,12
126,56,28
126,57,28
126,58,28
126,59,12
126,60,12
126,61,12
126,62,12
126,63,12
126,64,12
126,65,28
126,66,28
126,67,28
126,68,21
126,69,28
126,70,28
126,71,28
126,72,28
126,73,24
126,74,24
126,75,24
126,76,2
126,77,28
126,78,16
126,79,16
126,80,20
126,81,20
126,82,20
126,83,20
126,84,12
127,0,28
127,1,12
127,2,28
127,3,28
127,4,28
127,5,12
127,6,28
127,7,28
127,8,12
127,9,12
127,10,12
127,11,12
127,12,12
127,13,12
127,14,12
127,15,16
127,16,12
127,17,12
127,18,12
127,19,12
127,20,12
127,21,12
127,22,12
127,23,12
127,24,26
127,25,26
127,26,12
127,27,12
127,28,12
127,29,26
127,30,12
127,31,12
127,32,12
127,33,12
127,34,12
127,35,12
127,36,12
127,37,12
127,38,12
127,39,12
127,40,12
127,41,12
127,42,12
127,43,12
127,44,6
127,45,12
127,46,12
127,47,12
127,48,12
127,49,12
127,50,12
127,51,12
127,52,12
127,53,12
127,54,12
127,55,12
127,56,28
127,57,28
127,58,28
127,59,12
127,60,12
127,61,12
127,62,12
127,63,12
127,64,28
127,65,28
127,66,28
127,67,28
127,68,21
127,69,28
127,70,28
127,71,24
127,72,24
127,73,28
127,74,24
127,75,24
127,76,2
127,77,16
127,78,28
127,79,28
127,80,28
127,81,28
127,82,28
127,83,28
127,84,12
